211
257
277
603
655
704
945
976
1094
1109
1542
1612
1656
1700
1871
1935
1980
2235
2253
2327
2413
2542
2761
2829
3128
3167
3269
3279
3332
3440
3516
3528
3542
3679
3707
3941
4226
4360
4609
4654
4704
4726
4767
4791
4830
4902
4969
5047
5110
5197
5218
5289
5441
5667
5708
5963
6092
6108
6156
6220
6264
6513
6743
6846
6850
6925
7010
7092
7205
7370
7660
7717
7855
7928
7943
7972
8254
8389
8523
8574
8577
9134
9152
9537
9556
9807
9816
9979
9988
10102
10248
10372
10392
10475
10505
10544
10597
10598
10604
10654
10708
10841
11117
11277
11325
11508
11681
12065
12166
12170
12218
12234
12254
12257
12368
12635
12819
12861
12953
13335
13375
13411
13442
13582
13759
13798
14025
14051
14113
14175
14179
14216
14447
14470
14488
14506
14510
14585
14651
14652
14770
15080
15260
15288
15364
15391
15623
15766
16018
16115
16279
16391
16659
16668
16756
16896
17019
17077
17131
17551
17670
17719
17748
17959
18015
18117
18266
18337
18496
18619
18866
18949
18975
19154
19267
19270
19537
19620
19711
19731
19753
19786
19801
19937
20000
20074
20217
20346
20714
20772
21043
21075
21210
21495
21533
21534
21586
21699
21809
21866
21950
22007
22045
22083
22094
22179
22186
22421
22533
22547
22550
22618
22664
23040
23052
23056
23062
23309
23421
23455
23531
23620
24019
24093
24152
24317
24400
24415
24459
24522
24624
24799
24811
24867
24918
25123
25230
25476
25700
25757
25797
25929
25979
26030
26160
26195
26250
26327
26503
26531
26563
26779
27050
27077
27101
27184
27256
27600
27698
27812
27840
27890
27927
27936
27999
28021
28187
28264
28282
28283
28332
28464
28472
28799
28817
28872
29028
29080
29082
29194
29247
29352
29533
29688
29739
29761
29770
30151
30164
30173
30181
30247
30423
30526
30656
30840
30921
30946
31059
31114
31170
31216
31306
31314
31346
31470
31507
31844
31878
32136
32279
32298
32331
32449
32454
32464
32499
32524
32600
32619
32725
32842
32869
32937
32999
33049
33386
33392
33414
33428
33488
33587
33787
34029
34200
34442
34473
34577
34610
34622
34720
34825
34976
35042
35097
35196
35382
35390
35439
35959
36020
36021
36050
36161
36197
36369
36471
36532
36573
36576
36585
36621
36644
36669
36720
36751
36762
36857
36930
37011
37038
37154
37202
37210
37340
37501
37505
37706
37846
37896
38047
38157
38226
38336
38350
38488
38631
38688
38834
38938
39059
39230
39626
39644
39664
39675
39722
39818
39845
39992
40037
40076
40091
40104
40153
40218
40375
40495
40758
40957
40991
41074
41086
41092
41106
41127
41528
41583
41602
41662
41713
41915
41928
41938
42102
42205
42238
42396
42458
42616
42852
42935
42965
42993
43007
43097
43249
43313
43356
43731
43765
43820
43917
43938
43974
44001
44183
44223
44306
44429
44520
44644
44775
44818
44837
44904
44973
44981
45012
45053
45100
45305
45321
45375
45424
45439
45514
45560
45673
45722
45757
45815
45817
45873
45968
46014
46064
46432
46780
46801
46884
46893
47024
47051
47219
47319
47369
47453
47542
47630
47705
47849
47971
48036
48073
48248
48286
48614
48676
48729
48737
48826
48861
49056
49287
49543
49601
49778
49914
49956
50149
50156
50184
50192
50278
50288
50312
50318
50338
50596
50729
50750
50856
50875
50919
50923
51009
51030
51112
51200
51561
51662
51675
51688
51771
51927
51946
51961
52019
52027
52094
52118
52133
52223
52232
52521
52669
52687
52909
52923
53129
53149
53232
53559
53685
53716
53734
54204
54284
54363
54566
54596
54811
54939
55057
55132
55362
55605
55683
55703
55986
55993
55993
56115
56133
56284
56287
56298
56313
56447
56551
57160
57353
57370
57396
57412
57627
57897
57955
57973
57984
58145
58429
58578
58587
58655
59039
59039
59082
59166
59244
59426
59542
59594
59751
59764
59847
59894
59961
60110
60201
60283
60396
60404
60552
60567
60585
60691
60779
61138
61218
61491
61591
61668
61683
61745
61842
62019
62088
62118
62179
62282
62427
62435
62624
62696
62894
62930
63546
63565
63605
63673
63789
64031
64047
64083
64097
64160
64239
64506
65029
65046
65158
65160
65215
65224
65348
65609
65802
65820
65927
66118
66264
66277
66340
66826
66885
66939
67332
67521
67522
67541
67715
67723
67744
67862
67920
67942
68052
68100
68178
68227
68250
68285
68325
68563
68674
68749
68792
68871
69158
69212
69212
69224
69243
69248
69292
69495
69687
69691
69767
69893
69930
70070
70103
70265
70272
70285
70529
70692
70800
71054
71054
71055
71180
71211
71421
71486
71492
71830
71896
71923
71978
71978
71992
72025
72120
72249
72254
72298
72377
72402
72587
72612
72644
72718
72741
72957
73210
73252
73294
73448
73455
73456
73469
73519
73626
73747
73896
74288
74400
74433
74637
74642
74647
74783
74911
74969
75190
75264
75277
75466
75582
75587
75637
75711
75765
75853
75883
75999
76025
76051
76068
76252
76293
76377
76600
76733
77035
77099
77110
77335
77368
77908
77965
78005
78419
78449
78580
78625
78777
78897
79096
79317
79386
79481
79494
79907
80002
80003
80087
80184
80196
80352
80557
80607
80661
80812
80831
80975
81117
81137
81187
81320
81362
81457
81603
81738
81762
81779
81814
81944
81979
82027
82219
82302
82496
82553
82576
82637
82742
82887
82979
83371
83425
83530
83791
83864
83871
83947
84026
84074
84391
84397
84629
84641
84680
84697
84718
84838
84848
84869
84972
85016
85139
85218
85221
85534
85649
85902
85938
85970
86032
86382
86450
86549
86604
86685
86773
86869
86872
86981
87311
87515
87543
87599
87667
87669
87777
87806
87837
87855
87923
87967
88172
88255
88387
88409
88639
88968
89151
89163
89294
89436
89744
89841
89947
90068
90135
90176
90242
90382
90582
90853
90862
91100
91103
91139
91599
91810
91864
92021
92059
92079
92516
92524
92530
92603
92694
92718
92790
92824
92857
92995
93078
93117
93142
93168
93171
93405
93473
93474
93648
93777
93883
93889
94196
94198
94309
94424
94511
94660
94726
94740
94742
94744
94779
94789
94799
94820
94881
94894
94946
95149
95239
95360
95410
95416
95620
95711
95900
95927
96031
96070
96078
96182
96404
96707
96871
97106
97548
97619
97627
97653
97681
97707
97716
97718
97767
97886
98020
98040
98117
98148
98155
98182
98240
98243
98431
98590
98604
99154
99248
99290
99308
99319
99422
99492
99495
99522
99568
99665
99922
100167
100398
100633
100660
100682
100725
100757
100834
100914
100967
101037
101067
101120
101136
101200
101214
101270
101390
101439
101466
101645
101647
101656
101980
102136
102139
102325
102348
102393
102673
102857
102861
102909
103034
103121
103137
103270
103300
103396
103440
103463
103717
103730
103767
103919
103989
104022
104043
104136
104151
104382
104431
104616
104842
104940
104959
105136
105160
105283
105415
105533
105711
105777
105862
106008
106079
106080
106342
106473
106618
106620
106641
106682
106857
106897
107060
107087
107122
107134
107286
107336
107466
108241
108357
108464
108586
108736
108779
108973
109056
109082
109208
109236
109293
109311
109317
109424
109566
109718
109791
109823
109898
109919
109960
110118
110128
110159
110275
110456
110489
110655
110821
110973
111166
111376
111512
111673
111703
111714
112023
112075
112129
112192
112277
112543
112685
112989
113058
113118
113269
113272
113361
113520
113559
113581
113614
113715
113717
113925
114033
114069
114225
114290
114554
114623
114755
114781
115014
115041
115116
115249
115281
115286
115416
115442
115451
115451
115696
115769
116103
116108
116262
116593
116722
116976
117055
117064
117136
117218
117316
117528
117613
117631
117912
117973
118016
118121
118144
118210
118247
118417
118438
118451
118803
118934
118992
119045
119230
119548
119732
119766
119872
119943
119953
119982
120009
120101
120109
120172
120182
120256
120278
120443
120491
120525
120871
120948
120968
121060
121065
121113
121286
121416
121515
121669
121813
122042
122056
122430
122436
122508
122725
122742
122821
122997
123015
123144
123211
123410
123448
123499
123601
123642
123683
123716
124016
124040
124041
124144
124275
124298
124648
124654
124661
124828
124985
125105
125305
125312
125328
125452
125480
125642
125767
125959
126076
126089
126146
126293
126301
126795
126877
126939
127264
127325
127371
127601
127614
127738
127926
127999
128088
128106
128117
128204
128330
128434
128467
128479
128479
128694
128907
129016
129279
129316
129347
129504
129568
129760
129767
129768
129906
129931
129931
129951
130016
130072
130232
130243
130431
130512
130557
130760
130767
130888
130937
131144
131279
131355
131378
131487
131576
131735
131876
132077
132357
132395
132428
132551
132780
132986
133040
133135
133522
133873
133886
134083
134110
134119
134394
134441
134508
134511
134538
134808
134952
134971
134979
135180
135260
135330
135388
135432
135455
135604
135624
135698
135754
135755
135805
135950
136084
136102
136104
136169
136287
136423
136481
136506
136544
136645
136662
137217
137293
137376
137397
137420
137674
137676
137708
137969
137974
138041
138150
138176
138479
138487
138624
138721
138961
139137
139270
139581
139680
139686
139888
140178
140205
140401
140506
140621
140627
140639
140676
140704
140773
140843
141079
141249
141253
141269
141337
141364
141523
141564
141618
141636
141869
141875
141886
142041
142228
142450
142984
142997
143049
143114
143204
143248
143285
143313
143355
143425
143654
143695
143783
143960
144053
144056
144121
144135
144180
144374
144418
144560
144670
144770
144819
145079
145308
145474
145490
145540
145603
145682
145725
145872
145951
146138
146143
146168
146272
146349
146414
146445
146536
146746
146848
146902
146976
147017
147043
147289
147317
147320
147553
147600
147608
147727
147781
148112
148184
148233
148246
148257
148435
148544
148621
148700
148822
148886
149046
149321
149450
149471
149795
149829
149837
149958
149977
149988
149996
150005
150043
150100
150152
150218
150331
150501
150819
150865
150873
150923
151081
151114
151179
151222
151362
151366
151414
151445
151457
151485
151513
151716
151888
151937
152518
152535
152618
152660
152716
152764
152924
152938
153076
153328
153353
153371
153446
153548
153557
153661
153984
154127
154137
154401
154596
154725
154797
154855
154888
154895
155008
155125
155241
155347
155412
155416
155614
155637
155676
156051
156065
156200
156308
156354
156475
156708
156874
156911
156969
156989
157379
157719
157756
157819
157871
158012
158172
158262
158341
158405
158424
158465
158503
158510
158510
158739
158791
158890
158975
159090
159162
159198
159235
159342
159978
160010
160078
160094
160113
160153
160468
160471
160482
160488
160561
160594
160821
160929
161128
161405
161555
161702
161776
161873
161951
162041
162209
162265
162271
162361
162407
162484
162536
162576
162612
162652
162730
162791
162955
163064
163122
163246
163251
163293
163359
163449
163570
163572
163915
164023
164254
164328
164576
164800
165043
165122
165155
165391
165500
165544
165641
165656
165673
165710
165830
165941
165980
166112
166604
166665
166685
166808
166819
167081
167212
167222
167230
167373
167430
167449
167560
167569
167681
167708
167965
168039
168313
168477
168506
168547
168579
168664
168732
168875
168881
169112
169477
169548
170136
170315
170334
170404
170497
170564
170735
170905
170916
170955
171006
171006
171013
171054
171101
171224
171901
171975
172101
172435
172445
172502
172522
172588
172708
172757
172876
173034
173044
173067
173203
173796
173833
174022
174322
174355
174495
174522
174546
174592
174637
174939
175025
175037
175150
175224
175277
175392
175450
175664
175851
175895
175939
175982
175982
176079
176192
176244
176343
176791
176842
176905
177100
177127
177153
177351
177466
177487
177538
177565
177684
177802
177807
178049
178293
178293
178512
178642
178691
178730
178807
178940
179202
179279
179428
179492
179588
179645
179739
179826
179828
179928
179941
179950
180093
180179
180252
180272
180285
180353
180366
180389
180401
180492
180679
180736
180779
180890
181078
181205
181433
181517
181522
181661
181782
181796
181842
181933
181948
181959
182200
182210
182331
182533
182756
182870
182987
183041
183078
183111
183129
183195
183327
183420
183513
183524
183577
183615
183650
183718
183823
183922
183977
184031
184050
184104
184196
184254
184277
184335
184399
184413
184437
184543
184564
184605
184646
184706
184779
184959
185002
185005
185011
185286
185389
185403
185574
185598
185807
185924
185991
186061
186135
186203
186396
186462
186492
186571
186608
186671
186895
186957
187026
187146
187314
187318
187352
187510
187572
187623
187693
187759
187946
188143
188334
188519
188711
188873
189212
189241
189249
189540
189635
189737
189811
189843
189882
189975
190013
190399
190593
190777
190826
191021
191057
191068
191103
191502
191561
191667
191804
192084
192110
192236
192433
192495
192544
192653
192902
192982
193146
193215
193290
193444
193503
193558
193592
193605
193644
193818
193827
194024
194068
194148
194159
194198
194211
194282
194451
194474
194490
194493
194506
194687
194897
195045
195077
195080
195098
195155
195217
195486
195644
195714
195829
195831
196086
196183
196243
196303
196776
196916
196958
196958
196989
197088
197159
197423
197532
197608
197670
197747
197758
197948
197963
198046
198053
198151
198307
198348
198353
198472
198488
198515
198515
198643
198754
198813
199008
199235
199460
199524
199591
199623
199630
199770
199828
199868
200038
200096
200125
200227
200253
200396
200451
200461
200498
200657
200808
200928
201071
201129
201154
201189
201324
201371
201373
201441
201515
201523
201912
202081
202095
202335
202371
202407
202459
202615
202741
202746
202840
202912
202964
203159
203163
203512
203527
203540
203639
203645
204198
204324
204345
204614
204723
204760
204773
204816
205203
205253
205389
205411
205514
205683
206053
206095
206197
206246
206289
206301
206399
206483
206650
206656
206806
206850
206892
206981
207035
207230
207426
207493
207757
207853
207866
207941
207979
208237
208247
208311
208368
208398
208404
208434
208454
208755
208861
209076
209103
209107
209138
209160
209220
209303
209513
209535
209635
209742
209766
209773
209795
209874
209918
209956
210043
210440
210638
210693
210760
211425
211447
211620
211695
211858
212456
212589
212642
212687
212728
212862
213045
213106
213762
213816
213879
213889
214039
214406
214574
214623
215033
215112
215288
215355
215439
215750
215801
216066
216106
216237
216267
216268
216951
217124
217248
217370
217559
217703
217745
217827
217960
218041
218168
218186
218229
218343
218397
218428
218445
218652
218714
219324
219337
219367
219597
220096
220193
220401
220665
220679
220749
220795
220827
220870
221005
221058
221065
221085
221144
221244
221309
221375
221693
221740
221817
221946
221959
221968
222104
222149
222276
222429
222662
222724
222734
222819
222940
222996
223107
223228
223268
223284
223365
223474
223483
223581
223626
223697
223708
223734
223785
224039
224213
224378
224378
224436
224519
224527
224548
224617
224632
224645
224645
224699
224704
224772
224806
224807
224874
224947
225030
225030
225050
225059
225112
225119
225192
225231
225360
225378
225437
225567
225666
225806
225869
225885
225976
226018
226188
226347
226365
226434
226743
226786
226856
226889
226913
226942
226991
227027
227295
227550
227662
227673
227723
227840
227900
227974
228068
228129
228284
228484
228548
228638
228673
228800
228891
228935
229078
229087
229087
229239
229239
229381
229432
229479
229684
229781
229805
230058
230061
230089
230136
230227
230341
230543
230593
230664
230705
230815
230924
231045
231051
231066
231129
231212
231240
231358
231391
231570
231576
231651
231678
231707
231764
231837
231890
231995
232022
232049
232250
232443
232513
232576
232659
232777
232781
232881
232941
233076
233183
233233
233309
233485
233572
233606
233620
233646
233658
233683
233951
234139
234171
234211
234280
234304
234322
234384
234528
234532
234610
234895
235060
235227
235228
235249
235265
235265
235276
235278
235366
235578
235744
235751
235803
235838
235862
235926
236096
236103
236231
236301
236302
236430
236457
236496
236516
236552
236562
236739
236994
237121
237183
237312
237442
237529
237635
237733
237803
237859
238069
238116
238286
238388
238455
238651
238699
238874
238907
239567
239943
240033
240235
240247
240394
240394
240427
240481
240507
240551
240609
240711
240828
240867
240882
240948
241076
241090
241169
241212
241442
241564
241659
241785
242022
242198
242366
242525
242627
242672
242794
242801
243022
243372
243504
243579
243637
243645
243653
243699
243792
243937
243976
244078
244185
244186
244508
244585
244632
244849
244896
245019
245080
245233
245271
245605
245733
245839
245877
245959
246133
246232
246279
246486
246514
246644
246662
246845
246856
246901
247142
247204
247216
247428
247515
247541
247648
247669
247729
247733
247735
247930
248258
248364
248401
248564
248667
248775
248831
248853
249354
249394
249410
249459
249524
249533
249536
249764
249903
250004
250065
250190
250200
250263
250378
250397
250785
250802
251182
251192
251201
251225
251424
251534
251535
251541
251612
251831
251905
251942
252132
252284
252321
252398
252455
252615
252629
252636
252824
252923
252954
253024
253101
253263
253292
253469
253544
253565
253712
253762
253918
253988
254328
254420
254440
254537
254630
254701
254928
254944
254980
255009
255074
255394
255735
255755
255795
255817
256398
256535
256573
256621
256741
256807
256881
257005
257027
257187
257231
257353
257406
257456
257546
257629
257648
257758
257841
258333
258452
258695
258706
258740
259063
259168
259197
259284
259433
259495
259588
259666
259804
259898
259910
259989
259997
260136
260186
260222
260323
260503
260602
260608
260743
260982
261056
261105
261183
261222
261368
261498
261563
261596
261662
261774
262135
262172
262215
262396
262511
262630
262713
262864
262881
262988
263093
263200
263217
263513
263517
263654
264100
264118
264133
264175
264182
264423
264547
264655
264748
265034
265119
265245
265356
265375
265381
265387
265415
265591
265598
265638
265791
265874
265892
265913
265938
266149
266247
266583
266704
266753
266850
266907
266916
267009
267385
267474
268003
268238
268250
268276
268392
268419
268472
268503
268528
268977
269058
269145
269195
269233
269258
269390
269500
269551
269655
269699
269711
269833
269973
269976
270075
270121
270319
270631
270711
270715
270833
271092
271147
271155
271351
271497
271523
271676
271783
271796
271802
271860
271893
272021
272032
272240
272367
272430
272524
272552
272560
272644
272750
272767
272770
272913
272976
273249
273265
273326
273363
273465
273517
273623
273699
273824
273941
274021
274056
274150
274254
274391
274447
274460
274610
274644
274786
275011
275048
275332
275361
275504
275505
275640
276152
276224
276609
276628
276706
276878
276893
276921
276979
277006
277079
277099
277381
277501
277521
277602
278036
278239
278252
278395
278402
278508
278562
278593
278608
278873
279020
279041
279044
279052
279066
279146
279169
279196
279200
279209
279264
279359
279448
279558
279612
279727
279810
280033
280094
280128
280249
280250
280362
280382
280495
280528
280659
280857
281019
281032
281246
281270
281347
281479
281695
281719
281725
281796
281806
281955
282010
282102
282105
282171
282245
282479
282634
282677
282685
282776
282848
282945
283031
283071
283088
283189
283217
283562
283646
283710
283751
283849
283926
284037
284114
284205
284213
284349
284386
284400
284869
285010
285082
285191
285350
285522
285546
285688
285729
285774
285850
285890
285977
285994
286108
286175
286200
286223
286294
286332
286374
286605
286606
286649
286999
287207
287275
287386
287395
287457
287619
287753
287949
288184
288269
288482
288531
288540
288707
288819
288868
289038
289114
289126
289238
289361
289484
289577
289611
289631
289733
289745
289861
289862
290034
290218
290326
290344
290372
290435
290484
290590
290632
290684
290790
291010
291138
291323
291366
291369
291382
292016
292072
292120
292140
292249
292641
292658
292684
293062
293188
293265
293318
293319
293363
293466
293546
293615
293751
293852
293860
293870
294005
294008
294029
294064
294120
294159
294387
294426
294564
295067
295072
295143
295361
295414
295418
295461
295562
295811
295847
296072
296101
296167
296187
296547
296668
296686
296815
296852
297099
297124
297209
297422
297504
297526
297551
297841
298011
298278
298390
298418
298612
298936
298986
299022
299068
299236
299248
299543
299610
299631
299668
299779
299832
299958
300052
300078
300091
300180
300198
300228
300332
300348
300373
300515
300563
300745
301079
301317
301378
301413
301642
301665
301676
301829
301887
301915
301980
301982
302001
302033
302511
302555
302697
302749
302784
302878
302903
302964
303017
303230
303266
303268
303473
303601
303613
303650
303786
303882
303983
304114
304136
304138
304151
304153
304274
304338
304459
304556
304634
304650
304660
304676
304975
304995
305019
305196
305248
305274
305345
305371
305576
305655
305995
306288
306355
306394
306445
306599
306847
306909
307033
307125
307184
307243
307248
307559
307677
307764
307773
307851
307893
308013
308108
308299
308474
308479
308523
308584
308642
308714
308779
308792
308832
308941
309020
309100
309180
309193
309217
309285
309436
309542
309573
309600
309608
309710
309805
309834
309850
309854
309897
310168
310202
310472
310486
310495
310598
310747
310765
311012
311061
311151
311163
311282
311541
311655
311661
311756
311822
311882
311991
312120
312195
312287
312394
312410
312456
312691
312941
313127
313179
313202
313316
313465
313537
313551
313753
313825
313924
314027
314474
314653
314667
314715
314887
314979
315055
315107
315201
315301
315471
315504
315537
315550
315691
315761
315814
315864
315943
316022
316032
316193
316226
316348
316413
316419
316460
316514
316774
316848
316893
316916
316999
317091
317193
317235
317235
317256
317413
317472
317512
317544
317664
317740
317939
317966
318153
318164
318434
318461
318510
318522
318542
318801
319010
319065
319102
319125
319131
319157
319182
319328
319487
319527
319599
319664
319710
319754
319830
320202
320226
320427
320476
320524
320532
320648
320842
320846
320939
320998
321061
321065
321162
321183
321214
321221
321286
321540
321597
321766
321770
321788
322034
322036
322057
322113
322119
322128
322265
322509
322880
322980
322994
323070
323133
323427
323550
323560
323572
323826
323895
324404
324524
324559
324605
324639
324807
324811
324941
325038
325147
325173
325519
325573
325622
325715
325720
325767
325813
325948
326101
326103
326152
326201
326265
326279
326364
326484
326555
326618
326761
326812
326962
326967
327252
327263
327309
327322
327357
327618
327751
327820
327893
327945
328049
328236
328313
328507
328739
328908
329030
329082
329098
329608
329812
330066
330078
330308
330339
330601
330657
330663
330713
330912
330913
330914
330985
331010
331061
331425
331446
331510
331680
331681
331927
332086
332135
332243
332385
332794
332951
333237
333381
333598
333772
333877
333947
334001
334023
334092
334132
334166
334258
334366
334460
334556
334715
334758
334780
334910
334975
335005
335121
335337
335606
335609
335657
335850
335926
336334
336447
336462
336650
336762
336809
336814
336865
336932
336976
337082
337220
337221
337274
337373
337480
337604
337711
337923
338062
338079
338279
338441
338596
338734
338785
338869
338871
338921
338953
338974
339040
339125
339148
339196
339389
339521
339574
339629
339737
340141
340178
340462
340578
340611
340640
340737
340949
341042
341090
341139
341215
341252
341265
341459
341587
341713
341767
341845
342066
342147
342217
342248
342258
342295
342389
342433
342864
342891
342984
343071
343122
343274
343331
343510
343793
343842
343853
343875
344047
344213
344309
344340
344481
344484
344599
344660
344980
345495
345610
345745
345846
345872
346036
346135
346212
346320
346339
346387
346429
346528
346926
347023
347037
347186
347230
347402
347472
347553
347775
347858
347868
347906
347959
347966
348116
348192
348211
348217
348221
348312
348357
348495
348632
348826
348860
349030
349119
349274
349309
349349
349455
349464
349580
349646
349701
349778
349977
350228
350292
350302
350331
350413
350447
350666
350789
350832
350845
350922
351057
351062
351107
351251
351498
351556
351558
351563
351612
351799
351969
352001
352066
352225
352322
352346
352480
352527
352664
352711
352749
352931
352956
353114
353126
353373
353600
353626
353659
353795
353876
353969
354115
354299
354380
354400
354543
354673
354760
354897
355066
355241
355460
355752
355855
355883
355901
355967
356337
356516
356750
356772
356811
356965
356980
356993
357068
357145
357149
357249
357394
357488
357766
357841
357960
357967
358103
358267
358440
358487
358726
358993
359050
359057
359180
359317
359322
359356
359375
359461
359664
359668
359927
359939
359951
360048
360304
360363
360651
360673
360957
361048
361072
361256
361505
361646
361722
361748
361750
361765
361831
362167
362268
362442
362633
362676
362761
362884
363049
363102
363114
363146
363231
363367
363437
363451
363518
363602
363733
363815
364054
364283
364541
364578
364580
364725
364734
364812
364954
364987
365100
365136
365199
365208
365225
365252
365272
365280
365318
365474
365489
365590
365804
365963
366069
366361
366362
366365
366518
366536
366580
366604
366658
366698
366995
367174
367197
367336
367510
367691
367806
367851
367947
368143
368227
368266
368283
368342
368368
368515
368668
368758
368808
368833
368870
368902
368903
368983
369108
369147
369154
369162
369237
369332
369386
369515
369532
369650
369665
369788
369910
369954
369968
370034
370239
370247
370399
370449
370517
370544
370651
370824
370990
371113
371246
371317
371347
371401
371537
371626
371915
371955
372092
372093
372162
372232
372327
372387
372405
372504
372685
372686
372838
373157
373428
373454
373601
373633
373810
373824
373858
373936
373974
374073
374161
374285
374435
374475
374567
374628
374658
374753
374896
374986
375031
375041
375411
375459
375484
375720
375773
375787
375823
375837
375915
375927
375929
375957
376009
376153
376232
376317
376704
376706
376864
376865
376991
377111
377124
377228
377246
377276
377397
377515
377740
378037
378491
378539
378543
378622
379184
379319
379597
379640
379680
379731
379761
379913
379922
379952
380062
380072
380236
380293
380450
380543
380552
380626
380750
380751
380758
380765
380768
380792
380913
381226
381289
381364
381434
381515
381651
381742
381744
381875
381927
382129
382302
382511
382517
382530
382576
382623
382774
382839
382962
383017
383389
383398
383667
383782
383963
384095
384142
384251
384360
384481
384630
384751
384815
384853
385039
385095
385170
385170
385193
385236
385466
385603
385690
385784
385805
385843
385936
385991
386026
386039
386115
386285
386464
386845
386901
386997
387034
387052
387164
387192
387312
387416
387601
387708
387710
387909
388234
388353
388428
388451
388636
388697
388721
388771
388953
388964
388995
389008
389445
389457
389524
389749
389840
389858
389896
390087
390248
390248
390292
390354
390395
390581
390596
390870
390938
391047
391052
391097
391169
391173
391727
391745
391889
391949
392314
392344
392514
392520
392612
392664
392693
392707
392893
392988
393155
393186
393210
393329
393330
393490
393640
393670
393746
393913
393983
394023
394042
394093
394326
394428
394473
394525
394645
394746
394786
394807
394819
395198
395221
395361
395432
395752
395863
396270
396675
396703
396755
397023
397105
397198
397266
397295
397425
397461
397463
397793
397815
397850
398002
398013
398019
398067
398099
398107
398122
398125
398182
398184
398278
398302
398519
398581
398741
398754
398772
398986
399028
399064
399229
399244
399308
399325
399514
399564
399591
399711
399767
399807
399935
399941
400207
400233
400450
400522
400573
400619
400929
400976
401067
401254
401369
401380
401527
401624
401662
402079
402097
402140
402203
402372
402834
402855
402887
403174
403328
403477
403479
403640
403779
404312
404398
404409
404539
404549
404563
404734
404768
404929
404964
404966
405179
405219
405344
405365
405386
405387
405394
405725
405731
405786
405867
406131
406187
406213
406313
406568
407039
407224
407423
407516
407541
407576
407705
407839
407859
407928
407970
408048
408206
408460
408505
408545
408617
408632
408638
408651
408769
408875
408994
409041
409199
409319
409657
409795
409912
410001
410085
410144
410155
410412
410418
410564
410828
410855
410888
411000
411039
411114
411176
411191
411319
411320
411406
411416
411511
411568
411603
411988
412155
412232
412266
412266
412596
412654
412668
412763
412823
412883
413120
413144
413347
413426
413465
413582
413646
413755
413778
413796
413811
413821
413870
413916
413987
414115
414125
414212
414288
414456
414536
414646
414762
414909
415173
415279
415485
415895
416213
416230
416346
416461
416590
416591
416627
416811
416889
416947
417014
417163
417186
417441
417474
417561
417953
417990
418044
418045
418117
418240
418350
418396
418457
418491
418560
418843
418863
418927
418949
418992
419532
419655
419665
419685
419765
419940
420065
420197
420294
420608
420819
420886
421268
421384
421413
421413
421445
421563
421567
421658
421766
421883
421945
421957
421995
422182
422234
422326
422385
422517
422556
422590
422645
422935
422979
423070
423214
423373
423446
423554
423561
423613
423709
423995
424091
424194
424446
424483
424583
424884
425021
425108
425168
425192
425347
425550
425622
425638
425699
425748
425758
426251
426382
426395
426415
426842
426872
426968
426976
427040
427346
427350
427462
427509
427522
427706
427796
427918
427926
428114
428148
428195
428523
428690
428763
428799
428807
429183
429321
429676
429687
429726
429735
430583
430590
430612
430666
430670
430794
430818
430881
430971
431122
431126
431160
431284
431295
431319
431459
431480
431502
431590
431681
431788
431879
431935
431944
432016
432053
432275
432275
432305
432480
432691
432790
432962
433075
433109
433170
433248
433418
433435
433495
433516
433723
433729
433810
433851
433933
433996
434201
434201
434218
434341
434375
434816
434918
434945
434950
434990
435008
435077
435227
435325
435789
435835
435914
436070
436142
436307
436315
436341
436341
436392
436431
436526
436862
436923
436996
437013
437110
437218
437324
437383
437387
437629
437878
437903
438221
438296
438332
438363
438550
438618
438637
438709
438719
439123
439161
439275
439389
439409
439617
439666
439740
439847
439864
440179
440216
440216
440218
440326
440362
440387
440571
440579
440654
440667
440773
440788
440941
440951
440986
441004
441162
441194
441229
441236
441268
441271
441317
441404
441474
441515
441537
441571
441618
441698
441707
441754
441801
441842
441857
441902
441908
441991
442100
442161
442509
442529
442570
442652
442668
442724
442772
442889
443059
443085
443137
443209
443230
443233
443265
443271
443347
443378
443553
443715
443726
443771
443818
444090
444162
444191
444216
444271
444303
444372
444436
444507
444630
444739
445016
445112
445251
445312
445325
445413
445447
445844
445907
445914
445946
446019
446051
446062
446065
446156
446547
446561
446562
446601
446762
446995
447137
447174
447184
447592
447644
447820
447868
448028
448046
448198
448532
448593
448594
448666
449053
449398
449440
449530
449590
449737
449750
449798
449922
449960
450029
450032
450309
450412
450577
450635
450697
450750
450837
450838
451072
451089
451121
451210
451293
451300
451411
451419
451426
451593
451599
451826
451964
452088
452444
452479
452582
452625
452634
452700
452722
452752
452839
452892
453000
453036
453143
453420
453617
453635
453684
453795
453829
453848
454058
454111
454226
454255
454257
454320
454353
454574
454602
454638
454656
454688
454808
455014
455073
455093
455196
455203
455835
455962
456091
456211
456300
456372
456467
456520
456598
456933
456950
456990
457039
457231
457379
457395
457490
457772
457845
457857
457887
457982
457992
458174
458212
458341
458347
458377
458511
458534
458552
458851
459033
459119
459395
459421
459439
459555
459786
459813
459874
459901
459940
459949
459956
460172
460179
460273
460372
460415
460485
460525
460554
460680
460814
460823
461153
461558
461600
461656
461789
461940
462000
462021
462232
462264
462461
462496
462497
462531
462585
462588
462720
462905
463405
463661
463713
464010
464082
464145
464160
464161
464183
464376
464399
464445
464445
464623
464766
464792
464881
464886
464958
465157
465204
465455
465576
465634
465958
466197
466220
466646
466672
466903
467069
467193
467207
467340
467469
467740
467798
467840
468001
468012
468285
468449
468584
468817
468838
468924
468936
469058
469389
469693
469761
470067
470203
470293
470407
470413
470514
470623
470630
470634
470745
470767
470837
470998
471083
471142
471316
471330
471390
471443
471588
471765
471876
472005
472019
472115
472118
472141
472273
472277
472374
472404
472409
472526
472657
472677
472701
472734
473094
473382
473506
473831
473869
473869
473935
474045
474192
474199
474224
474278
474282
474307
474415
474470
474479
474577
474587
474676
474713
474744
474822
474840
475013
475275
475315
475414
475430
475436
475574
475582
475587
475608
475642
475646
475743
475745
475837
475938
476226
476333
476390
476524
476608
476636
476933
477036
477111
477178
477221
477351
477387
477422
477501
477513
477538
477679
477703
477717
477731
477861
477880
477892
478204
478374
478393
478472
478477
478580
478592
478788
478790
478804
478827
478964
479001
479012
479122
479254
479480
479626
479643
480003
480132
480316
480527
480707
480734
480873
481339
481354
481383
481418
481472
481531
481538
481606
482030
482048
482243
482330
482585
482707
482780
482802
482849
482980
483048
483103
483110
483255
483267
483294
483400
483423
483575
483591
483667
483810
483824
483921
484098
484156
484236
484252
484564
484565
484689
484698
484711
484867
484902
485055
485069
485071
485248
485614
485664
485906
486107
486217
486391
486532
486555
486575
486698
486746
486816
487158
487209
487286
487355
487416
487564
487618
487626
487754
487896
487932
487938
488254
488274
488319
488591
488637
488656
488832
489000
489035
489214
489259
489318
489386
489550
489608
489624
489643
489665
489735
489816
489917
489973
490049
490065
490071
490141
490185
490195
490417
490445
490801
490911
491110
491328
491531
491766
492038
492149
492297
492365
492385
492465
492506
492629
492754
492813
492856
493050
493050
493177
493402
493482
493502
493516
493556
493900
493955
493957
493967
494148
494254
494292
494330
494380
494411
494462
494537
494572
494642
494694
494868
494931
495019
495142
495306
495353
495436
495580
495774
496150
496184
496330
496628
496632
496953
497211
497264
497300
497660
497735
497817
497867
498031
498166
498252
498403
498455
498475
498638
498657
498670
498698
498818
499018
499046
499093
499165
499277
499307
499436
499490
499574
499576
499751
499896
499985
499986
500044
500196
500332
500420
501081
501130
501231
501345
501408
501472
501550
501624
501705
501744
501813
501820
501930
502072
502120
502386
502602
502725
502774
502781
502820
502986
503039
503050
503100
503214
503345
503464
503705
503716
503824
503910
503990
504107
504113
504492
504560
504753
504867
504972
505030
505178
505191
505303
505321
505340
505469
505474
505544
505588
505769
506142
506240
506296
506379
506509
506596
506621
506752
506901
507007
507089
507550
507591
507702
507915
507951
508134
508145
508186
508458
508459
508511
508684
508909
508912
508913
508925
509047
509069
509218
509277
509302
509396
509467
509675
509841
509857
509914
509940
510000
510071
510243
510258
510575
510773
510845
511206
511257
511391
511453
511513
511616
511706
511772
511772
511809
511848
512322
512330
512370
512390
512474
512561
512674
512812
512901
513009
513624
513661
513892
514025
514105
514148
514347
514378
514414
514454
514494
514571
514693
514899
515070
515180
515612
515750
515892
515984
516284
516483
516641
516757
517171
517237
517717
517810
517812
517826
517851
518281
518288
518331
518335
518341
518343
518496
518539
518552
518742
518825
518902
518937
519168
519270
519471
519702
519868
519876
519973
520092
520239
520289
520323
520580
520624
520680
521091
521100
521146
521191
521259
521519
521548
521622
521794
522084
522451
522594
522912
523045
523113
523205
523222
523238
523285
523555
523633
523879
524210
524211
524287
524304
524870
524968
524982
525026
525049
525093
525142
525190
525240
525308
525329
525352
525429
525442
525455
525557
525575
525617
525764
526093
526223
526472
526498
526553
526565
526779
526927
526931
526947
527169
527318
527604
527607
527675
527725
527820
528011
528026
528123
528147
528167
528213
528315
528581
528693
528715
528726
528771
528893
528954
529140
529405
529407
529506
529635
529693
529836
529907
529959
530007
530134
530139
530158
530193
530281
530319
530334
530342
530426
530510
530562
530674
530860
530872
530895
530984
531052
531277
531292
531441
531502
531627
531812
531855
532397
532499
532522
532760
532929
533085
533293
533297
533359
533366
533449
533519
534156
534192
534251
534356
534445
534695
535120
535419
535462
535593
535703
535748
535799
535818
535835
535839
535840
535897
535973
536169
536179
536298
536332
536365
536550
536551
536584
536649
536708
536779
536892
536898
537095
537139
537375
537606
537658
537705
537883
538039
538089
538148
538287
538448
538479
538526
538526
538618
538622
538687
538708
538807
538860
539016
539130
539162
539300
539462
539502
539525
539609
539720
539746
539752
539856
540091
540167
540330
540464
540518
540645
540778
540812
540934
541163
541204
541477
541659
541689
541825
541836
541937
541995
542224
542243
542369
542413
542544
542724
542760
542992
543018
543110
543148
543234
543278
543530
543570
543663
543665
543672
543690
543841
543894
544070
544085
544100
544136
544164
544306
544480
544501
544545
544560
544650
544656
544661
544847
545095
545130
545142
545247
545323
545369
545562
545613
545619
545630
545716
545799
545913
546043
546069
546147
546565
546589
546764
546802
546839
546842
546870
546911
547054
547077
547115
547162
547272
547443
547446
547510
547559
547599
547726
547974
548086
548227
548374
548625
548676
548709
548757
548780
549219
549435
549478
549481
549652
549737
549992
550193
550291
550366
550511
550972
550986
551065
551116
551196
551263
551336
551523
551671
551696
552096
552165
552188
552206
552210
552294
552388
552439
552579
552728
552732
552781
552820
552869
552971
553007
553196
553501
553549
553564
553618
553858
553979
554300
554570
554598
554620
554744
554842
554915
555259
555297
555423
555524
555552
555613
555712
555721
555796
555852
555855
556100
556134
556145
556199
556292
556391
556477
556642
556653
556771
557049
557070
557142
557220
557370
557399
557613
557675
557692
557863
557989
557997
558249
558405
558476
558688
558901
558979
559017
559040
559041
559098
559325
559380
559430
559432
559437
559601
559834
559885
559894
560259
560421
560553
560613
560687
560841
560863
560934
561037
561080
561313
561386
561459
561460
561477
561497
561521
561619
561706
561774
561971
561986
561987
562262
562386
562426
562535
562861
562868
562890
562934
562981
563027
563122
563134
563318
563343
563380
563395
563428
563472
563509
563554
563572
563888
563956
564054
564075
564240
564381
564462
564508
564533
564539
564563
564651
564704
564869
565148
565329
565520
565646
565826
565843
565950
566209
566379
566401
566465
566595
566626
566832
566902
566968
567223
567279
567295
567304
567356
567484
567490
567688
567820
567888
567968
568043
568087
568265
568304
568461
568505
568574
568575
568628
568642
568660
569080
569198
569269
569357
569358
569494
569603
569604
569626
569630
569708
569805
569861
569873
569888
570025
570234
570306
570443
570444
570496
570500
570572
570676
570693
570755
570773
570803
570975
570978
570987
571076
571116
571169
571519
571584
571641
571756
571756
571758
571779
571876
571912
571943
571972
572286
572416
572430
572458
572537
572550
572594
572674
572679
572864
572869
572909
572911
572949
573024
573235
573292
573337
573355
573425
573628
573688
573706
573884
573974
574022
574447
574624
574735
574985
575014
575019
575045
575091
575108
575121
575290
575459
575545
575751
575760
575898
576062
576401
576442
576711
576726
576746
576794
576866
577067
577176
577177
577188
577282
577300
577347
577411
577414
577461
577477
577497
577534
577570
577587
577672
577711
577778
577796
577861
577908
577960
578370
578477
578550
578600
578608
578698
578804
578830
578851
578988
579102
579364
579467
579473
579526
579693
579732
579934
580010
580160
580217
580243
580608
580644
580774
580974
580975
581225
581226
581226
581600
581600
581649
581872
581945
581982
582072
582227
582277
582634
582785
582917
582960
582984
583096
583880
583907
583944
584019
584320
584361
584371
584376
584376
584395
584471
584609
584625
584665
584775
584832
584930
584950
584955
584964
585138
585276
585998
586050
586120
586164
586175
586226
586370
586435
586484
586503
586514
586640
586647
586734
586759
586897
587203
587207
587226
587239
587282
587339
587355
587361
587559
587580
587988
588116
588294
588446
588557
588629
588838
588850
588947
589004
589201
589212
589225
589351
589394
589400
589454
589561
589780
589872
589897
589982
590101
590128
590147
590329
590339
590357
590755
590942
591057
591191
591315
591457
591476
591923
591930
591956
592183
592315
592353
592378
592380
592386
592466
592602
592695
592831
592873
593023
593044
593057
593112
593175
593181
593295
593323
593329
593411
593474
593609
593703
593786
593872
593902
593913
593916
594101
594130
594380
594413
594489
594536
594578
594615
594644
595067
595197
595450
595499
595536
595604
595620
595805
595834
595929
595933
596227
596307
596431
596466
596542
596736
596896
597046
597107
597313
597335
597570
597663
597680
597711
597819
597985
598342
598433
598652
598788
598843
598864
599301
599653
599695
599707
599736
599769
599844
599896
599898
599973
600225
600247
600426
600549
600730
600750
600964
601130
601565
601660
601888
602030
602286
602337
602437
602542
602568
602696
602783
602907
602935
602944
602954
603048
603072
603084
603092
603200
603469
603476
603511
603875
603927
603942
604096
604134
604394
604634
604647
605097
605224
605307
605396
605504
605576
605836
605889
605893
606021
606044
606208
606295
606455
606463
606468
606547
606693
607001
607217
607263
607459
607627
607673
607737
607917
608019
608026
608045
608137
608187
608399
608520
608529
608599
608605
608648
608654
608870
608871
608898
608903
608936
609014
609346
609368
609435
609489
609590
609882
610008
610062
610063
610093
610283
610363
610456
610475
610480
610524
610608
610725
610794
610896
610932
610932
610987
611184
611225
611563
611608
611706
611816
611864
611882
612052
612122
612127
612131
612466
612500
612684
612903
613042
613107
613135
613138
613160
613205
613228
613294
613530
613627
613717
613884
614369
614555
614635
614654
614846
614924
615048
615189
615276
615382
615497
615583
615612
615641
615700
615751
615826
615876
615900
615980
616139
616234
616564
616584
616668
616720
616833
616855
616981
617079
617204
617245
617255
617271
617320
617345
617367
617372
617415
617474
617746
617807
617852
617881
617910
617986
618019
618076
618194
618405
618663
618815
618910
618978
618996
619030
619382
619426
619528
619609
619653
619663
619673
619918
620036
620041
620139
620224
620332
620406
620547
620553
620564
620569
620702
620708
620709
620724
620899
620901
620924
620964
620968
621094
621188
621895
621920
622270
622362
622474
622540
622564
622618
622814
623029
623207
623325
623338
623449
623487
623517
623527
623630
623779
623832
623841
623877
624088
624210
624403
624420
624446
624659
624742
625044
625131
625259
625737
625997
626370
626460
626670
626694
626706
626786
627031
627115
627434
627471
627553
627646
627684
627713
627910
627983
627988
628013
628154
628271
628327
628333
628350
628452
628543
628598
628604
628654
628759
628826
628865
628909
629068
629284
629393
629459
629586
629627
629712
629728
629970
630028
630030
630354
630439
630452
630458
630519
630535
630657
630664
630681
630694
630724
630729
630909
631020
631249
631292
631368
631549
631779
631808
631822
631923
631982
631984
632375
632389
632464
632608
632628
632722
632781
632959
633085
633233
633359
633501
633836
633884
634003
634085
634118
634540
634550
634758
634772
634789
634843
634846
634858
634910
634932
634964
635037
635106
635217
635231
635613
635688
635693
635768
635804
635954
636016
636151
636173
636857
637010
637045
637094
637196
637492
637538
637614
637710
637871
637887
637892
637898
637932
637954
637971
637979
638008
638291
638306
638310
638333
638592
638645
638695
638771
638784
638891
639185
639374
639377
639381
639384
639480
639599
640003
640066
640067
640262
640270
640416
640440
640470
640559
640652
640669
640675
640744
640763
640867
640984
641111
641119
641182
641299
641305
641425
641436
641440
641599
641659
641669
641777
641796
642030
642140
642147
642206
642320
642322
642399
642425
642866
643028
643206
643234
643269
643270
643328
643359
643446
643608
643677
643817
643834
644082
644351
644468
644560
644673
644708
644730
644737
644799
644992
645104
645111
645174
645202
645235
645313
645356
645404
645426
645564
645582
645584
645665
645668
645986
646177
646274
646293
646380
646410
646477
646497
646586
646598
646702
646713
646772
646849
646895
646899
646899
646930
647013
647282
647409
647445
647463
647619
647909
648209
648368
648424
648494
648552
648680
648765
649088
649148
649266
649414
649419
649428
649455
649460
649999
650111
650140
650142
650177
650322
650341
650448
650454
650555
650725
650845
651045
651113
651240
651241
651260
651315
651325
651368
651538
651629
651640
651695
651741
651836
651921
652127
652168
652203
652574
652577
652598
652629
652815
652893
653015
653187
653420
653440
653610
654012
654093
654135
654254
654328
654345
654466
654595
654940
654995
655075
655220
655243
655274
655664
655705
655712
655741
655780
655833
655944
656100
656189
656281
656444
656451
656519
656955
657395
657709
657864
658132
658156
658229
658397
658475
658543
658547
658817
658897
658901
659134
659236
659332
659463
659665
659718
659949
660011
660030
660045
660102
660105
660233
660305
660324
660389
660393
660401
660420
660424
660515
660596
660626
660657
661089
661180
661348
661398
661812
662011
662186
662204
662490
662595
662624
663117
663239
663281
663450
663658
664049
664061
664085
664098
664198
664479
664498
664645
664695
664733
664817
664856
664941
664948
664952
665084
665236
665272
665419
665421
665543
665566
665585
665587
665608
665626
665690
665783
665825
665931
665955
665971
665987
665990
666007
666090
666250
666389
666420
666578
666584
666591
666603
666675
666686
666731
666845
667223
667233
667382
667725
667918
668038
668312
668524
668591
668752
668814
668944
669095
669290
669923
670105
670112
670265
670540
670571
670576
670720
670789
671102
671148
671217
671458
671672
671764
671779
671867
671944
672012
672013
672052
672057
672407
672468
672493
672563
672603
672625
672926
672941
672979
673231
673285
673321
673364
673542
673546
673605
673703
673788
673813
673919
674089
674216
674224
674310
674328
674496
674718
674719
674982
675040
675485
675522
675559
675671
675733
675767
675810
676002
676024
676038
676049
676089
676141
676393
676648
676701
676854
677416
677502
677503
677518
677594
677757
677949
678001
678036
678073
678175
678335
678450
678486
678658
678754
678771
679006
679064
679184
679237
679256
679576
679907
680041
680126
680141
680145
680239
680251
680427
680593
680598
680608
680817
680975
681015
681086
681244
681334
681394
681435
681470
681686
681773
681785
681931
682268
682541
682550
682603
682611
682621
682647
683054
683104
683123
683201
683219
683257
683261
683511
683546
683658
684001
684032
684200
684332
684404
684406
684422
684427
684689
684702
684715
684753
684794
685156
685222
685278
685355
685551
685626
685792
686026
686072
686197
686203
686494
686787
686879
687254
687273
687353
687436
687504
687522
687822
687827
687901
687909
687977
688060
688114
688175
688351
688400
688474
688525
688553
688607
688632
688641
688810
689165
689430
689523
689701
689763
690060
690091
690115
690171
690247
690373
690396
690408
690449
690494
690582
690715
690719
690821
690842
690879
690905
690963
690973
691036
691055
691353
691531
691701
691734
691830
691910
691930
692059
692166
692364
692432
692654
692788
692871
693197
693209
693236
693316
693511
693519
693548
694048
694071
694316
694359
694384
694468
694552
694554
694578
694700
694827
694833
695407
695608
695854
695927
696073
696101
696177
696185
696238
696426
696554
696734
696757
696880
697394
697438
697444
697449
697537
697632
697722
697867
697938
698097
698122
698230
698308
698340
698362
698552
698592
698693
698868
698892
698893
698918
699150
699158
699428
699466
699688
699982
700353
700365
700461
700476
700552
700575
700720
700882
700938
700948
701059
701073
701120
701206
701307
701456
701470
701577
701638
701913
701963
702015
702094
702099
702263
702445
702632
702668
702688
702693
702932
703070
703150
703150
703170
703182
703257
703406
703423
703584
703769
703883
703929
703984
703987
704068
704254
704428
704437
704487
704498
704595
704763
704834
705126
705166
705323
705363
705462
705649
705744
705824
705962
705993
706454
706512
706689
706775
707045
707047
707120
707144
707163
707222
707297
707356
707376
707401
707462
707581
707642
707726
707850
707881
707887
707914
707940
708036
708051
708254
708564
708650
708666
708679
708780
708875
708939
708975
708983
709096
709097
709123
709131
709228
709263
709325
709374
709428
709435
709440
709517
709608
709622
709646
709670
709913
709934
709950
710020
710045
710295
710376
710421
710472
710594
710665
710678
710732
710837
710868
710927
711182
711200
711200
711257
711279
711420
711649
711671
712085
712092
712101
712125
712388
712421
712578
712621
712718
712822
712864
712938
713008
713131
713240
713337
713413
713592
713752
714101
714151
714348
714383
714407
714407
714417
714435
714498
714532
714636
714701
715068
715071
715487
715616
715681
715698
715812
715848
715954
716068
716074
716183
716402
716406
716455
716579
716586
716672
716700
716745
716891
716967
716979
717072
717078
717360
717687
717797
717805
717974
717981
718019
718089
718130
718204
718391
718425
718456
718539
718735
718860
718945
718988
719123
719192
719311
719407
719553
719562
719588
719726
719750
719834
719857
719901
719955
720003
720061
720150
720239
720254
720296
720348
720427
720751
720789
720790
720841
720853
720956
720994
721016
721029
721053
721054
721076
721254
721260
721260
721618
721620
721762
721825
721861
721968
721994
722018
722024
722142
722230
722364
722396
722635
722794
723075
723078
723159
723186
723249
723582
723798
723880
723924
723975
724112
724179
724216
724250
724376
724534
724633
724667
724708
724738
724862
724888
724919
725015
725246
725378
725591
725648
725938
726014
726157
726321
726334
726340
726444
726540
726690
726724
727083
727167
727208
727218
727227
727245
727600
727624
727650
727695
727760
727784
727807
727819
727942
728021
728217
728355
728408
728504
728541
728572
728636
728687
728728
729656
729730
729730
729775
729854
729965
730019
730144
730357
730539
730639
730741
730799
730973
730990
731012
731052
731125
731134
731204
731345
731394
731425
731469
731624
731633
731781
732067
732072
732145
732195
732238
732324
732410
732415
732498
732523
732555
732798
732849
732852
732857
732911
732984
732987
732992
733070
733226
733338
733422
733578
733602
733716
733824
733998
734572
734639
734698
734773
734798
734803
734822
734997
735042
735188
735330
735813
735826
735849
736215
736313
736447
736541
736578
736642
736799
736878
737014
737026
737276
737329
737367
737386
737575
737646
737682
738078
738346
738398
738597
738772
738954
738982
739083
739092
739167
739203
739291
739300
739300
739474
739499
739534
739693
739888
740061
740100
740126
740176
740267
740457
740482
740690
740698
740846
740853
740912
741017
741035
741256
741359
741420
741485
741518
741688
741731
741751
741962
742174
742191
742293
742318
742379
742521
742661
742772
742779
742849
742864
742907
742915
742952
743104
743618
743643
743684
743906
743937
743981
743985
744018
744019
744110
744364
744404
744616
744622
744718
744743
745196
745209
745308
745372
745386
745586
745726
745804
745902
745998
746135
746318
746324
746407
746532
746557
746677
746705
746764
746887
746921
747111
747132
747156
747279
747379
747406
747495
747575
747629
747940
747954
748075
748277
748419
748439
748444
748707
748796
748816
749087
749208
749240
749293
749520
749775
749810
749834
749849
749964
750053
750168
750217
750261
750498
750550
750581
750739
750745
750893
751057
751074
751077
751090
751091
751257
751393
751478
751500
751502
751525
751843
751865
751914
752337
752549
752654
752706
752862
752989
753020
753191
753291
753304
753311
753369
753516
753524
753544
753591
753773
753804
754212
754358
754384
754393
754663
754802
754879
755042
755253
755343
755386
755430
755529
755650
755722
756022
756079
756145
756167
756248
756417
756472
756546
756566
756947
757074
757122
757124
757157
757188
757190
757242
757519
757592
757689
757774
757874
758126
758176
758251
758328
758533
758555
758932
759023
759048
759155
759355
759532
759623
759751
759774
759790
759805
759894
759924
759926
760081
760482
760692
761077
761260
761553
761581
761592
761609
761700
762067
762310
762601
762607
762697
763015
763086
763217
763262
763358
763481
763752
763790
763806
763942
763946
763993
764047
764082
764295
764306
764615
764858
764867
764943
765434
765470
765570
765587
765826
765866
765919
766197
766199
766321
766323
766403
766474
766487
766720
766766
766785
767098
767167
767214
767339
767726
767802
768027
768041
768049
768065
768155
768403
768612
768762
768977
769002
769014
769236
769304
769330
769334
769349
769373
769576
769628
769807
770055
770142
770351
770504
770711
770843
770941
771005
771053
771419
771428
771444
771452
771562
771564
771593
771631
771719
771721
771904
771936
771942
772007
772149
772417
772421
772593
772709
772713
772818
773341
773444
773551
773596
773709
773745
773761
773827
773966
774040
774109
774153
774191
774441
774458
774555
774791
774831
774849
774851
775060
775061
775084
775119
775154
775170
775198
775320
775349
775566
775578
775794
775835
776053
776374
776430
776593
776807
776959
777032
777078
777082
777337
777474
777510
777547
777550
777909
777989
777990
778267
778276
778331
778813
778818
778900
778955
779375
779702
779828
779866
779999
780020
780054
780308
780315
780320
780362
780386
780421
780476
780516
780654
780797
781117
781155
781266
781290
781319
781441
781614
781643
781654
781744
781865
781909
781927
781931
781961
782027
782192
782284
782307
782516
782529
782566
782719
782737
782929
783026
783036
783091
783191
783295
783372
783701
783730
783973
783989
784104
784185
784541
784705
784782
785287
785340
785441
785736
785800
786010
786058
786109
786237
786260
786304
786308
786564
786700
786818
787015
787087
787290
787299
787487
787577
787970
788055
788185
788293
788331
788391
788455
788581
788601
788613
788625
788889
788944
789043
789083
789246
789297
789325
789329
789362
789493
789520
789564
789744
789759
789791
789835
789840
789895
789896
790014
790168
790336
790338
790712
790771
790782
790898
791043
791065
791155
791266
791402
791517
791578
791770
791786
791814
791888
791930
792084
792135
792146
792360
792452
792498
792532
792593
792769
792955
793174
793230
793249
793278
793511
793656
793693
793738
793831
793929
793949
794030
794246
794342
794408
794694
794857
794902
794960
794973
795049
795147
795314
795388
795418
795563
795658
795755
795799
795807
795966
796005
796098
796111
796152
796207
796317
796328
796528
796572
796668
796886
797051
797167
797231
797234
797467
797556
797624
797660
797761
797776
798196
798261
798470
798653
798709
798844
799110
799113
799165
799241
799483
799489
799492
799538
799809
799997
800011
800041
800353
800360
800393
800398
800569
800591
800631
800635
800787
800938
801231
801256
801263
801325
801533
801715
801725
801795
801809
801853
801961
802175
802228
802349
802634
803091
803124
803129
803314
803464
803539
803640
803715
803848
803954
804081
804161
804164
804224
804289
804315
804413
804568
804579
804594
804679
804741
804773
804786
805296
805308
805363
805384
805485
805536
805768
805790
805904
805970
806054
806095
806193
806201
806243
806606
806693
806849
806987
807036
807042
807143
807245
807354
807472
807589
807748
807792
807871
808141
808161
808251
808270
808310
808412
808494
808550
808597
808650
808683
808725
808833
808914
809015
809048
809299
809320
809428
809464
809719
809721
809724
809784
809833
810376
810382
810465
810526
810655
810659
810790
810792
810843
810944
810962
811042
811158
811203
811393
811552
811556
811678
811762
811798
811803
811809
811813
812283
812313
812509
812615
812655
812673
812742
812745
812767
812886
812957
812977
812995
813233
813313
813379
813434
813440
813600
813858
814021
814064
814464
814480
814600
814654
814837
814840
814986
815013
815111
815176
815267
815379
815484
815511
815593
815734
815764
815847
815848
815886
815887
815899
815942
816044
816068
816174
816364
816373
816553
816556
816650
816736
816791
816833
816897
816919
816954
817010
817112
817456
817547
817555
817715
817729
817819
817833
817957
817978
817979
818317
818317
818464
818523
818684
818952
819080
819293
819501
819535
819624
819643
819692
819698
819899
820028
820477
820716
820761
821172
821202
821476
821545
821625
821795
821815
821850
821895
822055
822161
822249
822403
822526
822619
822729
822868
822894
822916
822961
823114
823139
823406
823459
823532
823609
823816
823948
823985
824128
824229
824257
824294
824306
824374
824431
824489
824582
824763
824793
825034
825126
825270
825751
825793
825930
826154
826328
826411
826726
826728
826917
826952
827268
827290
827341
827342
827498
827616
827653
827669
827704
827712
827729
827739
827933
827943
827944
827973
827997
828069
828087
828103
828262
828284
828292
828304
828343
828411
828485
828687
828691
828717
828876
828884
829077
829330
829403
829616
829769
829811
829921
829966
830118
830230
830241
830253
830361
830372
830600
830614
830718
830738
830781
830969
831090
831115
831321
831453
831500
831534
831694
831836
831985
832076
832245
832455
832482
832485
832613
832619
832746
832826
832844
832961
832999
833181
833333
833502
833507
833517
833570
833612
833774
833845
833889
833901
834043
834050
834198
834233
834284
834338
834379
834441
834455
834518
834543
834684
834947
835079
835097
835198
835260
835290
835355
835837
835995
836100
836120
836213
836214
836251
836280
836485
836517
836667
836671
836684
836813
836837
836846
836870
837006
837036
837146
837194
837229
837278
837523
837566
837604
837989
838076
838116
838134
838137
838169
838170
838280
838568
838573
838643
838747
838861
839001
839088
839449
839541
839552
839593
839684
839746
839869
839921
840006
840020
840033
840049
840184
840198
840435
840511
840584
840690
840770
840811
840835
840872
840934
841011
841097
841118
841199
841345
841355
841402
841504
841536
841537
841554
841993
842076
842091
842150
842159
842167
842171
842199
842230
842267
842455
842537
842543
842993
843108
843212
843680
844002
844033
844040
844278
844316
844363
844398
844426
844443
844591
844593
844686
844729
845317
845349
845421
845430
845530
845536
845762
845929
845948
846018
846264
846296
846375
846401
846506
846532
846696
846722
846871
846943
847061
847246
847502
847602
847687
847720
847756
848298
848394
848538
848614
848636
848713
848852
848881
848904
849438
849685
849743
849878
849886
849979
850169
850201
850231
850257
850619
850637
850710
850823
850937
850991
851020
851041
851264
851278
851414
851632
851685
851970
852007
852039
852068
852150
852173
852596
852786
852862
853004
853114
853178
853464
853734
853871
853990
854184
854232
854343
854363
854378
854400
854414
854461
854490
854786
854807
855486
855582
855717
855773
855802
855891
856033
856064
856114
856161
856421
856595
856689
856696
856872
856884
857115
857146
857185
857222
857302
857355
857383
857447
857651
857786
857871
857976
858016
858117
858211
858400
858678
858785
858826
858857
859076
859170
859292
859452
859463
859474
859480
859621
859646
859763
859817
859978
860104
860195
860244
860262
860318
860538
860573
860664
860666
860678
860692
860866
860977
860982
861373
861518
861561
861709
861739
861746
861877
862093
862193
862234
862395
862467
862473
862668
862732
862745
862851
862914
862978
863043
863215
863238
863273
863391
863477
863600
863628
863641
863658
864032
864065
864196
864298
864395
864433
864434
864481
864591
864609
864945
864961
865005
865056
865267
865314
865362
865382
865674
865705
865802
865893
865942
866048
866262
866349
866492
866525
866603
866662
866776
866779
866779
866799
866805
866907
866934
867034
867196
867197
867770
867879
868015
868336
868337
868388
868422
868435
868471
868605
868642
868724
868803
868966
869466
869580
869696
869760
869927
869954
869967
870056
870072
870122
870176
870193
870219
870286
870423
870428
870497
870574
870617
870818
870894
871012
871035
871166
871214
871374
871387
871441
871665
871735
872019
872082
872151
872391
872415
872616
872694
872914
872928
872965
873056
873203
873210
873307
873313
873416
873655
873660
873680
873796
873878
873944
873947
874117
874411
874420
874457
874498
874718
874913
874933
875136
875221
875248
875543
875611
875723
875891
876071
876117
876246
876341
876397
876417
876631
876812
876882
877023
877024
877026
877083
877134
877278
877533
877541
877661
877709
877760
878182
878283
878472
878666
878696
878928
879123
879150
879166
879196
879286
879301
879332
879534
879583
879599
879600
879690
879856
879876
880209
880314
880428
880484
880510
880700
881061
881067
881200
881295
881364
881415
881433
881602
881656
881695
881722
881782
881899
882029
882030
882044
882185
882353
882504
882552
882554
882632
882674
882705
882720
882723
882768
882834
882870
882932
882952
882992
883047
883147
883298
883343
883544
883810
883997
884023
884052
884335
884432
884461
884469
884656
884732
885050
885268
885336
885349
885507
885660
885769
885828
885874
885926
886245
886355
886479
886480
886488
886501
886508
886558
886780
886809
886855
886929
887372
887429
887454
887483
887500
887633
887684
887712
887731
887903
887994
888160
888386
888405
888500
888515
888594
888827
888877
889126
889222
889269
889408
889422
889459
889492
889497
889792
889874
889896
889907
890004
890149
890283
890442
890467
890529
890534
890633
890678
890701
890810
891126
891278
891493
891545
891551
891715
891851
891873
891966
892137
892137
892225
892421
892507
892647
892659
892740
892986
893081
893241
893257
893331
893470
893479
893580
893606
893655
893655
893800
893874
894067
894269
894436
894451
894558
894698
894760
894797
894823
894919
895067
895119
895177
895214
895354
895374
895411
895524
895568
895838
895892
896020
896290
896349
896408
896457
896589
896673
896724
896836
897162
897325
897326
897349
897362
897454
897463
897465
897492
897549
897573
897599
897642
897670
897698
897726
897829
897889
897993
898304
898360
898382
898414
898530
898820
898836
898860
898950
899012
899056
899239
899391
899392
899546
899566
899602
899779
899869
899984
900256
900493
900677
900679
900765
900769
900873
900900
901069
901198
901260
901389
901421
901470
901552
901795
901814
901853
901931
902002
902055
902131
902155
902325
902325
902345
902464
902549
902624
902726
902815
902961
903010
903031
903034
903128
903268
903375
903466
903507
903531
903600
903695
903700
903803
904004
904017
904034
904114
904319
904406
904692
904818
905012
905140
905142
905282
905335
905511
905552
905594
905605
905607
905625
905671
905789
905855
906120
906399
906477
906518
906545
906574
906706
906846
906926
906967
907208
907241
907560
907576
907648
907694
907844
908179
908218
908435
908473
908487
908549
908677
908939
908969
908975
909029
909123
909241
909342
909403
909437
909482
909566
909582
909594
909751
909798
909930
910263
910376
910566
910569
910668
910807
910826
910902
911209
911289
911435
911643
911716
911955
912040
912101
912153
912417
912453
912504
912840
912892
913130
913242
913331
913500
913688
913729
914027
914138
914420
914431
914589
914731
914852
914972
915071
915252
915298
915360
915430
915669
915699
915742
915872
915881
915952
916097
916140
916352
916435
916522
916533
916573
916577
916603
916675
916836
917042
917044
917190
917212
917648
917689
917874
917922
918054
918118
918338
918345
918462
918523
918787
918807
918857
918902
918923
919105
919407
919419
919491
919536
919668
919982
920039
920143
920253
920401
920519
920520
920527
920772
921039
921093
921146
921235
921308
921359
921479
921616
921765
921780
921810
921928
922070
922244
922487
922554
922629
922887
923148
923189
923331
923451
923605
923695
923947
923966
924165
924195
924284
924456
924621
924698
924779
924944
924987
925017
925275
925394
925445
925657
925819
926023
926446
926707
926894
927156
927195
927218
927280
927321
927336
927348
927409
927461
927479
927522
927792
927845
927976
928037
928041
928303
928324
928381
928506
928598
928744
928862
928877
928962
929144
929187
929195
929506
929519
929592
929768
929824
929865
929980
930000
930316
930366
930526
930541
930733
930749
930795
930903
930914
930948
931176
931238
931310
931416
931444
931469
931778
931782
932042
932154
932202
932525
932573
932863
932908
932916
932932
932994
933076
933154
933303
933447
933463
933668
933719
933897
934027
934059
934241
934278
934662
934977
935019
935053
935098
935349
935793
935833
936072
936135
936192
936287
936314
936414
936515
936666
936704
936714
936758
936790
936964
937074
937089
937152
937300
937325
937356
937447
937690
937757
937795
937801
937985
938226
938431
938449
938498
938649
938666
938890
938931
939006
939124
939409
939440
939492
939494
939598
939599
939721
939727
939734
939767
939823
939867
939872
940126
940140
940175
940196
940310
940326
940383
940476
940641
940703
940822
940888
940947
941014
941014
941024
941412
941425
941464
941637
941805
942154
942381
942523
942526
942546
942734
942942
943021
943040
943119
943132
943155
943292
943297
943316
943683
943690
943801
943823
943936
944187
944244
944386
944456
944511
944540
944747
944783
944821
945223
945240
945252
945352
945477
945500
945581
945587
945855
945996
946144
946250
946769
946835
947143
947391
947509
947643
947643
947749
947907
947999
948025
948316
948487
948512
948690
948791
948849
949013
949178
949186
949235
949745
949794
950029
950034
950061
950077
950157
950263
950334
950370
950420
950501
950659
950660
950770
950775
951026
951046
951140
951168
951785
952014
952135
952180
952296
952326
952401
952458
952754
952783
952870
952965
953072
953106
953152
953346
953368
953397
953426
953515
953529
953637
953772
953852
953883
953910
954276
954387
954655
954713
954894
954998
955265
955348
955696
955714
956042
956138
956325
956391
956450
956546
956612
956663
956703
956770
956814
957493
957503
957588
957723
957746
957770
957851
957927
958235
958256
958388
958489
958642
958787
958970
959107
959131
959337
959354
959366
959390
959480
959872
959881
960013
960054
960238
960295
960460
960498
960724
960737
960934
961018
961101
961174
961213
961382
961452
961502
961515
961554
961700
961873
962005
962010
962107
962219
962222
962303
962434
962530
962554
962568
962574
962575
962617
962744
962992
963465
963528
963561
963675
963788
963853
963876
963897
964130
964161
964168
964292
964370
964414
964465
964503
964528
964559
964611
964637
964673
964714
964717
964763
964892
964965
964999
965010
965145
965219
965319
965326
965436
965455
965479
965514
965730
965946
966007
966255
966316
966409
966735
966995
967094
967248
967310
967502
967643
967730
967944
967956
968010
968172
968308
968317
968373
968384
968400
968412
968531
968907
968911
968928
968960
968966
968980
968984
969302
969314
969335
969411
969425
969428
969692
969713
969910
969967
969999
970017
970023
970143
970282
970309
970316
970409
970467
970665
970715
970715
970776
970895
971098
971103
971184
971266
971369
971562
971609
971743
971897
972081
972217
972234
972306
972337
972423
972496
972509
972697
972892
973067
973102
973149
973166
973226
973335
973345
973370
973549
973557
973598
973739
973756
973763
973773
973846
973931
973949
974052
974083
974094
974421
974436
974447
974570
974605
974647
974702
974716
975194
975253
975480
975562
975572
975625
975667
975673
975740
975887
976099
976357
976449
976470
976510
976604
976938
977066
977105
977160
977245
977324
977415
977441
977508
977523
977563
977696
977797
977830
977832
977858
977864
977943
978174
978245
978281
978379
978422
978428
978513
978683
978693
978830
978833
978884
978960
979039
979239
979609
979725
979730
979792
979794
979908
980132
980287
980417
980751
980783
980812
980823
980899
980936
981036
981063
981134
981535
981645
981788
981841
981855
981956
982088
982111
982363
982393
982435
982440
982480
982495
982648
982667
982779
982932
982967
983022
983253
983373
983584
983674
983710
983769
983771
983778
983857
983877
983914
983921
984043
984192
984292
984315
984316
984421
984445
984531
984686
984896
985006
985134
985147
985302
985321
985354
985431
985513
985518
985569
985629
985680
985743
985753
985764
985973
986035
986192
986244
986303
986341
986474
986738
986778
986785
986908
986969
987269
987348
987519
987601
987644
987654
987705
987740
987792
987848
987970
988171
988225
988249
988254
988347
988362
988548
988649
988688
988711
988752
988807
988877
988998
989071
989335
989500
989966
990212
990504
990742
991120
991126
991256
991382
991483
991484
991778
991825
991885
991926
991972
991993
992193
992300
992352
992401
992412
992522
992748
992784
992860
992889
992903
992914
992966
993294
993343
993362
993585
993599
993608
993752
993753
993825
993866
993913
993920
993967
994009
994484
994575
994722
994781
994896
994969
995043
995144
995224
995311
995370
995417
995475
995516
995733
995787
996035
996099
996115
996134
996259
996675
996691
996747
996761
996771
996979
997032
997249
997277
997496
997544
997579
997591
997677
997681
997705
997769
997782
997790
997891
998036
998041
998201
998202
998491
999273
999419
999473
999542
999579
999730
999898
999977
