709
1800
2377
4823
5228
6579
6671
6843
7557
8414
8869
9593
9815
10315
11369
12501
12733
12999
13336
14026
14413
16112
16774
17529
17933
17982
18337
18421
20520
21328
21447
23789
26004
26962
29954
30227
30936
31663
32152
33212
34155
34453
35679
38313
38740
39292
40296
41689
41870
42418
43444
44235
44418
46050
46875
48100
48821
49267
49582
50689
50866
51083
51474
52968
53203
54105
57110
57752
58695
59416
60135
61228
61368
62111
62580
63886
65132
65213
66130
66297
67010
67583
68766
69574
69993
71720
71980
72488
76284
77913
79134
80392
80711
80840
81803
82145
82769
83218
85196
88517
90727
90752
90934
91569
94084
94933
96820
96924
97030
99029
101559
103449
104104
104331
104590
104908
105539
107425
107458
109644
112347
112493
114407
116594
118393
118744
121200
121362
122912
123041
123621
123863
127228
129182
129694
130260
132231
132645
132702
134157
134187
134639
135568
135917
137608
138378
138932
140123
141022
141668
142569
144704
145051
145200
145596
146648
148213
150265
150582
152019
154874
155202
155588
157858
162371
162419
163623
163851
165079
167801
167860
168577
169433
170173
170373
172224
173742
174106
175047
175744
176841
176886
178270
179091
180003
180353
182383
182747
183088
183570
184028
184127
186314
187590
187607
187714
188449
190804
192058
192156
197996
198152
198820
201469
201812
202495
203346
203514
203975
204408
206904
208544
210858
211335
212013
213093
214551
215512
215649
215728
215822
216911
218292
218898
219194
219270
219377
220313
220817
222414
223620
223763
225557
226199
227122
227509
228193
229944
231018
232280
233288
233565
233800
234092
234127
235593
236451
237315
238020
239119
242693
245048
246376
246658
247788
248842
248860
248914
249098
250795
251604
252916
257447
257531
258251
259900
260160
260327
260421
260834
260878
261552
261681
261834
262112
262859
263091
264263
267284
267754
270347
270972
274020
274165
275619
276379
276633
276733
278710
278881
279008
279708
280954
281686
282976
287629
288642
289160
290689
291026
292242
294027
294266
294313
294904
295354
296028
296412
301034
301950
302044
302680
303725
305639
307469
308427
308597
309742
309855
309922
309974
313529
314229
314271
316140
316193
317366
318046
321858
323498
323658
324350
324402
326038
327912
327954
328379
328720
329173
329201
329431
329582
329742
329930
331827
332111
332592
333029
334479
336873
336949
338301
339418
342481
343110
343296
344677
345226
346520
347111
348123
348510
348873
349428
352840
352934
355572
358733
359805
359902
361307
361679
362431
362674
364014
365387
367262
367607
368092
368670
371226
372496
374018
375705
376045
377302
378525
380036
381515
382240
383200
384503
385019
386695
387880
388681
389091
389376
389826
390085
391844
392660
392903
394220
394659
394855
394895
394976
395069
396354
396589
399110
399639
399803
402096
403801
404609
405761
406044
409181
409441
412256
412594
413864
415313
415883
417633
418691
419343
421270
422770
422839
423209
425333
426067
426274
426503
427568
428023
428398
429078
430673
432220
434640
437164
437209
437262
437599
438651
440117
441105
441743
442923
443261
443712
444009
445181
445257
448280
449737
449974
452005
452620
452913
454167
455770
455952
456156
458244
458880
459340
460540
462584
462932
463405
465329
466512
469026
471971
472073
472155
472522
474307
474343
474360
475091
475447
475572
476784
478021
478262
478568
478953
480589
483751
484122
485070
485125
485215
486367
487690
488806
489795
489985
490624
492669
492755
493865
496412
497346
498841
501651
502304
503094
504421
504733
505269
506396
506792
509324
509456
509986
510319
511206
511943
512178
513039
513834
515810
515876
516427
518379
518579
518868
519453
523347
523364
525057
526195
526235
526261
529149
530016
531213
531310
531665
532434
533446
533764
536054
537853
539515
540110
540433
541049
541076
542263
543082
543358
544486
547501
548630
548870
550182
551707
552363
555756
556776
557639
558002
559678
559714
560580
560965
561073
563213
563502
565051
565085
565438
566463
567890
568765
570184
570642
571300
572505
574325
575068
575957
576255
578629
578970
579969
581242
583492
584933
585752
586685
587569
587661
588466
590873
593859
596364
597213
597985
601073
604034
604065
604214
604258
609973
610112
610490
611636
612789
613087
615138
615598
615890
615991
617210
620802
622993
624786
626729
627025
627743
627852
628355
629138
629810
629926
632725
632863
633166
633731
635132
635796
636506
636559
637710
639137
642033
643637
644860
645564
645747
645827
647560
647652
648085
648601
649438
649916
651482
652489
654681
655148
656551
657597
658274
661399
664427
664640
665828
666780
668127
671832
673612
675591
675804
677270
677735
679781
679872
680853
682654
683271
683416
685479
686676
688223
688560
688680
690031
690105
691352
692213
693646
693680
694456
694969
695444
696138
696296
698028
698319
700402
700915
701174
701400
701784
702892
702903
704676
704878
707900
708022
708945
709599
710165
710335
713541
713696
717599
717638
717752
718844
720006
720012
720017
720040
721516
721640
722319
723957
725498
727473
727517
727590
728005
729318
730497
731301
734678
735312
735531
735811
738253
738730
739216
739264
741205
742062
742788
742863
744034
744618
746133
747274
748159
748441
748716
749267
759196
761930
763303
766183
766921
766970
768938
769752
770406
770412
773652
774235
774788
774818
775708
777014
783882
785671
786524
786606
786681
790761
790862
792037
792511
793796
794616
794686
795253
795669
798217
798233
799393
801637
802985
803409
803440
803547
804048
805447
806302
806591
806652
811080
812304
812473
812728
812850
813807
814257
815030
816563
817514
817594
820887
821674
822328
822859
826510
826635
827759
828800
829175
829684
830917
832500
833163
833734
836931
836951
838175
838874
840355
840363
841536
841662
841759
842127
842717
842881
845869
847268
847830
848047
848056
853643
854421
857754
858980
860333
862967
864329
864514
865611
868024
868962
870321
871648
872641
872977
874090
874151
874270
874311
876900
876978
877706
879017
879775
879874
879987
880972
881190
882526
883813
883904
884954
889111
889818
892021
894001
894420
896728
898867
900242
900359
901295
901311
902613
904992
905808
905985
909055
910502
910589
914113
914344
914632
914803
914868
915919
916741
916835
917411
919125
920165
921647
921788
921810
923588
923672
923840
924305
924390
926710
927123
927175
927842
928276
930471
931197
931594
934060
934076
935551
936986
937334
937748
940484
940717
941915
943884
944270
944692
945329
945757
949909
950885
950910
951469
952214
952671
952898
953398
953969
954205
956274
957148
958298
960572
961628
964292
965272
965576
965641
966085
966331
966785
969073
972170
972782
974675
974995
975256
975386
975634
976142
976630
976660
976861
977739
978567
978572
978959
979370
979964
979994
980161
980940
981092
981405
982276
982543
983608
983870
984569
986333
986566
986603
986973
987950
989010
989749
990211
990216
990614
990745
992466
992645
995029
995202
995306
996138
999025
