504
746
1081
1225
3329
4821
6425
6815
7576
7894
7909
8174
9550
10749
10826
10882
11219
11820
11851
11903
11980
12574
12576
12826
13431
13531
13673
13850
14072
15367
15637
16045
17626
17855
17942
18159
18829
18979
19542
19633
19731
19815
20557
21905
22370
22478
22800
24902
24950
26213
26938
27957
28664
28792
28858
28861
29778
30157
30332
30341
30552
31125
31235
32271
32916
33750
33855
33885
34383
34480
34742
35532
36589
37284
37481
37887
38067
38086
38204
39572
39787
39967
40188
40506
41270
41664
41855
41937
42790
43587
43674
44385
44786
46085
46392
47001
47328
49291
49700
49974
50505
50974
51971
52124
52203
53119
54426
54790
54926
55368
55573
56175
56397
57102
57546
57631
57725
57890
58199
58816
58959
59359
59618
59877
60864
60971
61032
61796
61802
61872
62512
62898
62912
63584
64505
64674
64821
65164
65687
66063
66225
66409
66860
67546
67559
67877
68451
68904
69226
69348
69675
70046
70226
70988
71155
71399
71781
72326
72432
72743
72830
73547
73793
74510
74697
74884
75496
75866
76352
77016
77080
77485
77675
78556
80367
81330
81471
84925
85183
90790
91114
91159
91200
91368
91906
92361
93091
93236
93330
93439
94929
95063
95138
95900
96699
97027
98050
98116
98429
98797
99469
100016
100480
100604
101266
101935
102117
102629
102642
102711
102930
103538
103809
104152
104656
105393
105951
106382
108060
108913
109092
109117
109572
109807
110638
110930
111640
112161
112760
113156
113195
113320
113450
113457
114159
114175
114343
114347
114755
114931
115509
115797
116774
117420
118514
118546
118818
119641
119701
119909
121044
122105
122939
123377
124089
124936
124957
125087
126525
127166
127565
127882
128696
129467
129978
130548
130612
130718
132801
132897
133062
133378
134115
134154
134487
134728
134909
135410
135609
136696
137010
137067
137181
137754
137883
138720
138877
141471
141955
142028
142665
143095
143421
144778
144993
145321
145563
146385
146559
146973
147014
147736
147941
147955
147974
149065
150193
150660
151381
151703
152279
152357
153010
153121
153383
153879
154026
155372
155930
157912
158012
158060
158140
158283
158472
158711
158770
158929
159295
159502
160091
160143
160222
160851
161078
161089
162299
162614
162653
162917
163707
164431
164873
165726
166196
167920
168594
168830
168979
169058
169214
169926
170156
170304
170384
170506
170696
170881
170994
171309
171601
171607
172220
173275
173958
174072
174331
174447
175622
175649
176633
176777
176839
177672
177865
177881
177898
178066
178551
180409
180415
182228
183576
183871
184477
184994
185309
185422
186209
187628
187939
188014
188727
189542
190065
190661
190710
191001
191421
193241
193273
193935
193999
195022
195928
196197
196390
196640
196733
197696
198713
199453
199950
200864
201456
201612
202934
203239
203456
203526
203544
203606
203690
204017
205685
206700
206779
206820
208599
209269
209661
209713
210704
210985
211008
211526
211565
211839
211988
212921
214149
214282
214492
215351
215400
215402
215648
216087
216278
216460
217943
219722
219908
220143
220375
220573
220610
221219
221262
221820
221868
222628
222658
222755
222844
223571
224093
225564
226279
226664
227460
227849
227996
228286
228623
228679
228709
229168
229935
229983
230449
232863
232913
233910
233991
234716
235392
235486
235915
236036
236167
236565
237436
237614
238850
239342
239403
239517
240052
241133
241397
241545
242393
242719
243222
243493
243836
243886
245276
246063
246248
248075
248096
248134
248208
249049
249608
251742
251786
254300
254452
254574
254839
255159
256912
258007
259321
259416
261731
262344
262878
264198
264436
264827
265573
265782
265995
266286
266322
266474
266757
267391
267601
267611
267757
268261
268600
268658
268817
269699
270479
270784
271977
272277
273061
274145
275932
277302
277650
278127
278251
278552
278662
278676
278693
279486
280658
282207
283260
283414
283449
283705
284260
284740
285138
286225
286571
287814
287818
287865
288174
288450
288596
288703
290026
290286
290374
290408
291004
291457
291981
292122
293012
293447
293640
294955
295469
296089
296410
296472
297068
297184
297424
297863
297993
298251
298279
298361
298472
298941
299429
299693
299782
300064
300444
301519
301739
301907
301970
302131
302770
302774
302783
302952
303096
304177
306286
306587
307016
308307
308601
308765
309453
309736
311519
311631
312146
312282
312495
313134
313313
313678
314587
314887
314995
315919
316882
317147
318048
318302
318389
318986
320182
320856
321745
321953
322566
323084
323472
323530
323550
324522
324633
324775
326325
326641
326731
327614
328485
329100
329238
329241
329329
329971
330502
331011
332078
332382
332743
333291
333730
333740
335347
335460
336509
337365
337827
338463
338589
339323
340020
340325
340387
340510
341835
342259
342359
342815
343027
344127
344643
345140
345445
345538
345593
346161
346181
346341
346529
348069
350283
350410
350712
351160
351902
351908
352219
352740
354491
355137
355229
355599
356828
357153
357996
358714
358853
359362
359533
359597
360014
362997
363535
364881
365149
365754
366295
366427
366564
366900
368108
368289
368419
369951
369984
370019
370486
370756
371100
372014
372435
372716
372813
373471
373774
374018
375206
375711
376739
377520
377842
377956
378328
378542
378776
379132
379356
379526
380206
380252
380302
381542
381653
382051
382995
386277
386408
386902
387000
387348
387705
387882
388900
389036
389334
389832
391308
394262
394413
395474
395743
396034
397964
399592
399861
400090
400306
401345
402073
402783
403041
403188
403894
404854
405048
405070
405308
406612
406648
407313
407658
408236
408372
408732
408913
409013
409183
409252
409787
409804
409889
409978
411199
411694
413517
413665
413926
414000
414287
415121
415257
415516
415571
416182
416193
416203
416287
417757
418075
418991
419610
419710
419890
419894
420236
420430
420927
422795
423107
423302
423547
424074
424209
425610
426072
426931
427620
428923
429144
429453
429666
429954
430958
431179
431260
431280
431523
432476
433356
433382
433999
434125
434612
434759
436326
436671
436980
437564
438363
438936
439258
439596
439705
439915
440125
441274
441834
443212
443713
443770
444622
444789
445290
446030
446199
446326
447066
447252
448806
449531
449575
449658
449703
449968
450931
451154
451417
451468
453007
454930
456362
456515
456699
458051
458213
458781
458840
459299
460894
461582
462250
462523
462628
463267
466306
467228
467362
467710
468146
469679
470161
470575
470692
470965
471689
471804
472664
474447
474693
475010
475136
475522
475578
476089
476408
476635
477046
478023
478569
479721
479929
480095
481268
481803
482674
483145
483165
483252
483802
483851
484782
484814
485335
485685
485711
486263
487180
487190
487642
487643
487928
487944
488111
489588
489708
490202
490306
492024
492117
492207
492292
492669
493424
493770
494775
496296
498720
498870
498906
499552
499576
500087
500372
500381
500452
500633
500832
501125
501836
502159
502665
502776
504617
504679
504804
505017
505537
505543
505571
506713
506842
507260
507656
508429
508709
509006
510712
511821
511858
512014
512858
512881
513164
514632
515765
515844
516424
517162
517175
517419
517642
518104
518273
520278
520338
520726
521532
521789
522033
524196
525787
526397
527130
527739
528352
528577
528783
529143
529725
529984
530175
530858
531007
531012
532547
532899
533281
533667
534142
534525
535787
536440
536574
537474
539089
539355
540204
540561
540689
541276
541915
542036
542069
542412
542737
543136
544103
544543
544828
544966
545523
546577
546831
547264
547430
547804
548084
548413
548881
550868
551710
551715
551739
552492
552612
552621
553833
554101
554225
554430
554644
556047
556077
556548
556797
557741
558346
558407
558850
559001
559036
559453
559857
560847
561004
561228
561341
562507
562762
563200
563368
563633
563975
564565
565199
565441
566325
566672
566708
567008
567829
568269
569392
570826
571163
571683
571963
572115
572145
572216
573636
574485
575065
575101
575113
575299
575424
575425
576579
577103
577122
577596
577784
578970
580247
580413
580464
580689
580692
580736
581321
581326
581393
581567
581694
581757
581993
582410
583010
583335
584117
584968
585341
585519
585522
585909
586092
587068
587210
588043
589883
591890
593497
593583
593782
593874
594355
594984
595079
595424
595893
596975
597835
598027
598439
599475
599967
600030
600481
600604
601148
601288
601307
601468
601504
601586
601746
601983
604477
604599
605278
605813
606183
606701
606886
606999
608255
608450
608962
609186
609357
610358
610591
610783
611017
611042
611668
611963
612319
612487
612720
613119
613474
614357
615682
615701
617572
617643
617788
618517
619421
619713
619816
620930
621081
621443
622129
622328
623497
623774
625365
625568
625704
626357
626997
627220
627452
627533
628005
628166
628491
628676
628718
629054
629278
629929
630347
631096
631709
632152
633340
634322
634428
634630
635109
637169
637279
637428
637456
637920
637982
639075
639112
639321
641981
642330
644785
645462
645653
646081
646663
647600
647898
648061
648161
648442
648781
649301
649889
650213
650224
650430
650586
650611
650983
651484
651632
651804
652734
652927
653156
653939
654384
654387
655145
655984
656212
656440
656647
657439
659663
659730
661189
661370
661545
662279
662366
662814
663395
664248
665637
665891
667355
667558
668526
668800
669063
669206
669298
670609
670661
670818
671578
672201
672868
673540
673636
673665
674592
676044
676761
676977
677051
677945
678140
678311
678315
678706
679340
679551
682091
683714
683863
684052
684532
684534
684901
685145
685468
685550
687054
687337
687342
687703
688703
688906
689292
689320
690277
691658
691960
692469
692633
693713
693807
693868
693971
694363
695534
695742
696161
696325
698544
699263
699596
699833
700133
700372
701946
702026
704113
704299
704500
704688
705023
705953
705964
706385
706401
706956
707038
707066
707426
707973
708703
708748
708911
708983
709497
709651
710908
711607
712967
713041
713078
713262
714479
714938
716277
716361
717300
717399
717838
717966
718321
718398
718938
719594
720326
720378
721198
723082
723181
723558
723667
723932
724166
724589
724627
725718
726176
727712
728014
728073
728246
729378
729581
730750
730949
731588
732502
733462
733480
733686
734130
735370
735698
736536
736574
736635
737154
737223
737541
739363
740075
740414
740732
741457
741556
742307
743179
743846
744015
744913
745667
745878
746293
746954
746981
748289
748290
748689
749018
749325
749841
750196
750307
750644
751252
751700
752657
753332
753594
753997
754038
754446
756356
756507
756815
756911
757173
757400
758038
758339
758393
758844
759289
761085
761423
761732
762178
762271
763276
763606
763863
764237
764511
765666
766491
767235
767390
768733
769236
769674
770219
770358
770527
770672
771425
771470
771539
771918
771958
772054
772306
773337
773361
773695
774048
774225
774642
774703
774717
774924
775697
776266
776618
777491
777506
778147
778927
779249
779285
779885
780617
780863
781063
781590
782500
782641
782768
783401
783855
783874
783949
784032
784788
784811
787598
788016
788214
788939
789779
790000
790344
790348
790395
790501
791109
791332
792431
792555
792844
792949
792963
793671
795108
795162
795998
796003
796246
797013
797315
797444
797470
797895
798849
798919
799460
799696
801019
801870
802108
802673
802781
802842
803045
803097
803889
804167
805141
805838
806064
806495
806602
807671
808514
808549
808820
810162
810836
811195
811226
811564
811819
812143
812261
812909
813608
813672
814163
815175
817704
817872
818131
818248
819410
820012
820724
821520
821800
821838
822073
822312
823350
823591
824402
824478
824895
825011
825127
825254
825375
826134
827225
829539
829641
830110
831559
832204
832506
833316
833812
833929
833986
834243
835200
835717
836165
836339
836543
837172
837738
838660
839521
840365
840565
840707
841547
841942
842093
842545
843297
844117
844485
845154
846569
846615
846860
847000
847034
848978
849568
850215
850289
851172
851664
852178
852426
852679
853337
856280
856529
858067
859139
859271
860014
860841
861479
861679
862004
862132
862536
862548
862662
863766
863804
864121
864278
864905
865969
866341
867099
867132
868067
868670
869087
869602
871071
872201
873187
873358
874308
875651
876087
877748
878539
878901
879233
879589
879650
879832
879950
880615
881631
881637
882017
882139
882378
883039
883677
884623
884714
884811
885780
885810
886496
886907
887768
887825
887836
888113
888222
888276
889397
890282
890816
890884
891538
891898
891938
892337
892443
892550
893409
894819
894867
894912
895270
895404
895457
896171
897157
897335
897716
897765
897803
898439
899629
899709
899929
900070
900114
900133
900232
900565
900589
901961
902737
902751
902778
903163
903633
903649
904123
906505
907792
908212
908380
908614
910438
910481
910584
912388
912470
912900
912915
913164
914354
915570
916234
916249
916427
916623
916711
916912
917884
919254
919384
919406
919480
919792
919877
921335
921590
921992
922365
924528
925775
926736
927113
927123
927227
927304
927391
928537
928876
929091
929117
929130
930585
930656
931545
932186
933078
933253
934118
934747
934800
935541
936600
937750
937823
937876
938198
938731
938798
938881
939148
939608
941214
941782
942955
944068
944146
944470
944556
944942
945405
945951
947489
947788
948495
949019
949291
950348
951590
952125
953027
953145
953276
954010
954711
954914
955692
955940
956508
956777
957869
958252
958334
959956
960917
961251
962567
962947
963042
963184
963478
963564
963609
964269
964822
965272
966030
966288
966338
966632
967074
967753
968452
968805
968944
969218
969610
969637
970328
970562
971260
972047
972213
972217
972268
972531
974554
975276
975439
975572
976558
976661
977133
977458
977498
977651
977941
978502
978540
979623
979701
980763
982154
982251
982294
982552
982764
982943
983173
983287
983322
983504
983897
984511
985937
986292
986543
987420
987896
988372
989609
991758
992190
993817
994857
994908
995003
995035
995330
995449
995525
996309
996438
997024
997052
997336
997447
997724
997789
998340
998708
999712
