66
261
1863
3377
3599
3707
4494
4659
5151
5308
5321
5504
5915
6003
6261
7117
7431
8231
8327
8339
8586
8611
9012
9204
9905
10281
10884
11217
11590
11775
12331
12353
12729
12780
13434
13665
14119
15129
15154
15191
15265
15837
15985
16106
16355
16709
16934
16983
18294
18696
18729
18876
18890
19090
19221
19258
19470
20002
20040
20066
20070
20160
20193
20194
20383
20409
20541
20543
20639
20803
21405
21969
22036
22489
22648
22784
23097
23871
24104
25552
25836
26260
26263
26372
26457
26625
26699
26913
26918
27188
27454
27581
27651
27726
27927
28052
28943
29094
29198
29490
29719
29972
30107
30504
30980
31347
31489
32003
32937
33138
33239
33870
34107
34156
34425
34974
34991
35403
35431
35823
36017
36064
36559
36746
36785
37058
37079
37665
37711
37809
38106
38207
38375
38468
38562
38780
40070
40263
40661
41159
41497
41857
42492
42777
42780
42873
43644
43715
43871
44620
45477
45700
45837
45839
45955
46802
47013
47060
47433
47738
47905
48778
48905
49182
49527
49723
49729
49984
50024
50382
51323
51374
51963
52023
52058
52636
52806
53263
54005
54723
55076
55327
55349
55400
55710
55750
56027
56601
56746
56747
57317
58009
58018
58115
58235
58437
58621
58642
59135
59185
59813
60523
60829
60883
61239
62185
62263
62745
62851
62933
62951
63628
63784
63847
64092
64249
64519
64537
64675
65327
65654
65763
65863
66042
66387
66779
66854
66934
67021
67427
67758
67932
68061
68435
68469
68907
69745
70188
70189
70319
70664
71130
71535
71672
72243
73110
73204
73541
73547
73682
74360
74721
74793
74813
74974
75291
75572
75616
75658
75711
75852
76093
76801
77031
77170
77694
77729
77951
78579
79053
79283
79842
80260
80333
80838
81152
81323
81461
81480
81683
81733
81859
82361
82766
82786
83194
83380
83477
83860
84249
84807
85453
85627
85831
86049
86178
86599
86994
87163
87173
87440
87823
88052
88242
88283
89323
89989
90130
90597
91108
91147
91479
91571
91858
92694
94769
95025
95941
96435
96858
96998
97023
97112
97206
97319
97447
98488
98584
98613
98732
98966
99049
99934
100418
100840
101010
101113
101263
101488
101502
101550
102191
102412
103135
103274
103310
103759
105057
105118
105218
105634
105915
105971
106274
106478
106621
107581
108135
108422
109181
109391
109607
109699
109994
110243
110423
110482
110534
111058
111402
111994
112108
112194
112440
112617
112779
113460
113867
113978
114233
114904
115455
115920
115957
116810
117383
117421
117503
117534
118979
119176
119552
120015
120022
120247
120255
120486
120866
121051
121231
121262
122255
122340
123051
123128
123648
124018
124113
124132
124735
125252
125624
125859
125894
126854
127246
127530
127770
127866
128042
128080
128936
129092
129412
129449
129699
130290
130674
130957
131803
131943
132119
132395
133561
134764
135233
135616
135831
135903
136266
136284
136431
136961
137286
137405
137632
138572
138680
138715
138954
139744
139818
139986
140247
140266
140382
141361
141876
142754
142958
143098
143783
143877
144253
144385
144885
144935
145589
145928
146334
146598
147045
147483
147550
147786
147843
148033
148048
150153
151019
151086
151559
152171
152841
153018
153387
153664
155055
155119
155129
155206
156117
156326
156342
156795
156935
157148
157398
157755
157900
158095
158242
158440
158496
158713
159045
159517
159861
159882
160255
160305
160325
160373
160766
161211
161805
161862
162163
162604
162749
162759
162875
162989
163036
163166
163209
163496
164478
164537
164753
164820
165253
165685
166170
166533
166791
166917
167120
167206
167279
167754
167907
168009
168165
168379
168425
168613
169279
170049
171434
171472
171980
172301
173145
174325
174484
174850
175610
176282
176404
176820
177091
177235
177283
178785
178797
179835
180452
180805
180870
181231
181279
181312
181386
181593
181649
181924
182437
182725
182969
183496
183874
184198
185915
185988
186412
186428
186470
186713
186931
187198
188549
188700
189816
189894
189977
190286
190559
191047
191327
192298
192631
192959
193071
193236
193837
194540
195039
195112
195148
195236
195338
195408
195617
195733
196106
197077
197092
197176
197301
197305
197728
197783
198095
199386
199450
200667
201074
201391
202297
202594
202712
203643
204869
205207
205683
205742
205766
205782
206164
206452
206475
206775
206839
208029
208047
208346
208437
208624
208797
209256
209884
210578
211017
211569
211596
211718
211945
212321
212575
212721
212844
212862
213032
213950
214315
214449
214809
215000
215879
217747
217849
217860
218056
218174
218294
218362
218441
218610
219091
219179
220807
221496
221510
221624
221729
222173
222236
222538
222836
223208
223304
223479
223628
223787
223908
224011
224474
224763
225174
225266
225610
225623
225821
226106
226615
228127
228649
228807
228824
229705
229750
230185
230245
231151
231203
231673
231865
232009
232092
232971
233575
233656
234128
234600
234768
235112
235286
235314
235584
235634
235923
236160
236283
236461
236491
237001
237185
238358
238889
238973
239599
239633
239757
239779
240421
241276
241810
242867
243080
243546
244219
244326
244340
244726
244994
245432
245610
245868
245908
245993
246017
246102
246860
247464
247813
247926
248193
248276
248970
249010
249011
249030
249927
250126
250506
250825
251685
251790
252092
252093
252502
252710
253107
253128
253144
253338
253347
254275
254779
254946
255198
255301
255595
255810
256028
256577
256870
257080
257624
257737
257937
258147
258298
258666
259508
259668
259835
260117
260366
260599
261005
261136
261319
261333
261592
261946
262481
262573
263254
263799
263855
264044
264138
264175
264233
264985
265209
265505
265615
265997
266977
267077
267559
267647
267672
267823
268011
268187
268478
268660
268741
268800
269109
269154
269249
269331
270428
270455
270556
270713
271156
271349
272117
272668
272786
273302
273449
273684
273740
273848
274174
274402
275012
275213
275213
275355
276208
276236
276490
276637
276999
277216
277592
277983
277998
278830
279194
279462
279661
279748
279886
280105
280554
280657
280753
280792
281367
281520
281708
282067
282226
282758
283088
283413
283458
284195
284264
285184
285314
285669
285758
285840
286169
286424
286737
287991
288116
288549
288762
289091
289794
290233
290438
290493
290845
291368
291438
291486
291559
291674
291744
292336
292641
292733
292749
292948
292987
293208
293495
293544
293749
294165
294188
294220
294755
295515
296196
296248
296506
296785
296984
297763
298335
298654
298792
298799
298829
299483
299657
299766
299822
300433
300436
301145
301283
301394
301707
302148
302535
302575
302831
302887
303062
303154
303772
303818
303924
303937
304009
305006
305196
305339
305421
305785
306215
306292
306589
306836
307055
307276
307313
307406
307601
308362
308870
309017
309086
309329
309932
310231
311210
311842
312126
312800
312909
313246
313257
313276
313651
313736
314049
314081
314232
314495
314769
314788
314997
315323
315337
316510
316621
316652
316707
317185
317560
317881
318401
318478
318556
318672
318695
318799
319062
319280
319346
320101
321226
321256
321385
321621
321743
322633
322827
323031
323067
323149
323415
323553
323740
323751
324510
324555
324902
324909
324986
325120
325382
325437
325481
325585
325646
325733
325770
326435
328024
328044
328979
329344
329620
330250
330273
331101
331858
332200
333668
334777
335121
335524
336083
336211
336231
336238
336330
336405
337065
337324
338013
338231
338622
338831
338843
338846
339026
339385
339927
340531
340568
340712
340778
340827
341011
341024
341284
341456
341648
342303
342600
342667
342764
343572
343675
343909
344305
344342
345182
345545
345553
346139
346201
346557
346697
346715
346887
347118
347417
347417
347872
348246
348989
349612
350699
351144
351205
351734
351757
351989
352108
352501
352524
353267
353271
353422
353436
353562
353921
355189
355487
355903
355955
356013
356336
356753
356989
357138
357548
358280
358642
359038
359439
359604
360970
361215
361258
361929
362175
362230
363273
363574
364429
364780
365547
365572
365636
366057
366209
366809
367173
367309
367367
367627
368008
368065
368186
368346
368563
369333
369394
369491
369859
369965
369982
370065
370130
370256
372225
372301
372516
372662
372870
373669
374237
374743
375012
375928
375995
376519
376850
377078
377253
377412
377691
378302
378860
378864
378929
379019
379349
379393
379844
379990
380973
381724
381828
382282
382575
382898
383350
383885
384387
384616
384776
384805
384817
384828
385781
385867
386054
387117
387242
387363
388142
388435
388610
388709
389261
389262
389392
389993
390401
390420
390583
391657
391659
392042
392444
392878
392966
393341
393912
394120
394272
394314
394531
394876
395428
396083
397464
397950
398163
398421
398499
398532
398729
398857
399066
399804
399814
400798
401267
401323
401882
401985
402004
402593
403050
403331
403396
403542
403864
404646
405040
405209
405514
405599
405809
406844
407055
407069
407318
407557
408343
408840
409220
409363
409778
409941
410050
410889
411028
411093
411132
411638
411873
411939
412411
412541
412829
413015
413042
413521
414515
414620
416029
416392
416440
416549
416977
417117
417863
418266
418299
418526
418878
418879
418923
419430
419523
419789
420094
420229
420276
420392
420395
420622
421099
421105
421497
421511
421746
422448
422471
422572
422646
423271
423601
424050
424319
424514
424721
425209
425497
425623
426395
426676
427110
427128
427671
428192
428467
428568
429080
429120
429121
429290
430030
430856
430889
430893
430945
431469
431505
431864
431865
432517
433787
433859
434240
434413
435407
435753
436407
436575
436890
437020
437629
438036
438590
438697
439417
440619
440936
441496
442016
442493
442940
443011
443472
443652
443760
444060
444468
446130
446197
446234
446534
446693
448675
448940
449268
449378
449585
449989
450423
450455
451792
452470
452593
452735
452930
453474
453874
454120
454155
454567
454732
455970
456302
456968
457166
457231
457625
457840
457913
458136
458409
458490
458932
459108
459308
459670
460283
460442
460562
460913
461365
461547
461988
462485
462495
462760
462866
463576
463848
464158
464216
464321
464704
465705
465876
466085
466348
467202
467572
468487
468843
469059
469171
469394
469482
470012
470751
471320
471508
471751
472019
472041
472274
472334
473310
473791
474061
474244
474630
474917
475163
475432
475748
477129
477601
477850
478425
479396
479590
479918
480113
480310
481770
481927
483059
483428
483686
484379
486076
486369
486933
486944
487316
487394
487633
488092
488109
488197
489587
490092
490345
490577
490678
491305
491429
491686
491921
492461
492850
493047
493151
493217
493220
493242
493282
493341
493986
494062
495188
495326
495974
496023
496171
496977
497028
497249
497679
498205
498721
498799
499034
499184
499269
499498
499623
500366
500489
501567
501705
502128
502739
502883
503669
503873
503902
504369
504445
504962
505081
505159
505221
505622
507074
508022
508606
509228
509772
510153
510395
510431
511787
511796
512890
512936
513046
513205
514224
514463
514579
514634
515157
515452
515829
515851
516424
517095
517175
518234
518760
519128
519232
519362
520165
520334
520375
520463
521239
521981
522644
522748
522764
522900
523157
523555
523627
523631
525180
525482
525514
525735
526721
527103
527151
527199
527528
527779
528823
529102
529490
529561
530375
530419
530641
530913
530986
532316
532334
532478
532594
532677
532756
533136
533636
533995
535024
535616
536146
536346
536970
537121
537504
537610
537692
538495
538556
538623
538733
538901
539117
540035
541140
541349
541733
541924
541949
542033
542486
542496
542620
542979
543169
543381
543844
543882
543983
544471
545319
546411
546529
546546
546696
546847
547357
548189
548907
548934
549430
549569
549876
549988
550113
550202
550832
551321
551396
551688
552072
552953
553489
555964
556053
556252
556337
556423
557221
557536
557696
558522
558617
558834
559010
559101
559120
559472
559967
560380
560419
560755
560858
561145
561565
561631
562028
562401
562670
562915
563296
563358
563373
564318
564444
564547
564558
565217
565800
566441
566506
566777
566804
566827
567350
568205
569844
570396
570415
571061
571189
571495
571802
572487
572715
572852
573369
573479
574069
574099
574271
574824
574840
574859
575204
575404
575821
575884
576207
576723
576874
577002
578604
578914
578925
579705
579737
579819
580060
580147
580265
580799
581026
581186
581468
581954
582510
582628
582671
583392
583483
583934
584149
584154
584668
584758
584952
585051
585853
585947
587420
587641
587697
588014
589161
589249
589268
589352
589443
589471
589850
589990
590291
590449
590942
591901
592432
592515
592943
593302
593417
593455
593685
593730
594291
594841
594928
595403
595506
596399
596469
596577
596954
597383
597736
597941
599275
599624
599866
600747
600757
600946
601458
601578
601749
601799
602228
602404
602820
602986
603405
604466
604621
605275
605554
605833
606008
606089
606510
606544
606680
606955
607400
607654
608647
608804
608890
609130
609827
609942
610206
610334
611234
611405
611547
611609
611923
611934
612281
612927
612981
613224
613407
614185
614671
615090
615154
616389
616711
617263
617425
617504
618047
618619
619569
619865
620175
620433
620455
620650
620803
620854
621037
621371
622561
622792
623486
623845
623881
625024
625133
625143
625353
625396
625530
626503
626631
626644
626667
626676
626873
627426
627630
628054
628137
628292
628369
628376
628659
628668
629356
629892
629907
630444
630657
630783
630955
631378
631404
631484
632106
632785
632821
632924
632984
633801
634761
634805
635293
636121
636585
636919
637214
637821
638513
639198
640115
640907
640939
641379
642040
642211
642237
644266
644363
644733
644927
644980
645395
646242
646889
647551
647638
647935
648439
648805
649221
649464
649605
650170
650584
650946
651358
651640
651826
652036
652209
652304
653004
653046
653070
653184
653288
653691
653923
653964
653968
654029
654130
654709
654808
654859
655366
656051
656069
656630
657166
657575
658652
658770
659001
659232
659368
659688
659702
660295
660429
660476
661167
661197
661320
661333
661573
661592
661759
661924
662062
662297
662319
662666
662762
662947
663132
663502
663510
663705
663816
663943
663985
664397
664484
665273
665482
666118
666142
666235
666255
666302
666704
666929
666966
667077
667831
668456
668682
669111
669460
669494
669503
669699
670092
670375
670543
670544
670712
670957
671708
671840
671945
672085
672359
672379
672789
672858
673148
673813
673972
674017
674153
674193
675185
676701
677219
677250
677674
677731
678433
678813
679330
679582
680313
680407
680623
681255
681918
682442
682484
683011
684065
684523
684790
685012
685037
686454
686547
688012
688626
688755
689227
689233
689587
689747
690005
690720
691056
691312
691385
691437
691776
691959
691959
692198
692351
692664
693083
693336
693824
693843
694167
694884
694968
695562
695717
695913
696597
697129
697232
697256
697554
698107
698232
698315
698566
698701
699799
699863
700283
701073
701694
702195
702351
702813
702908
703339
704224
704417
704547
704776
704871
704876
704965
705087
705171
705208
705680
705690
705753
705822
705902
706591
706874
707008
707108
707158
707205
708197
709312
710854
710953
711369
711468
712097
712619
712706
712886
713114
713772
714241
714438
714622
715305
715648
716049
716134
716897
717997
718027
718082
718096
718392
718533
719131
719749
719903
720050
720296
720296
720572
720711
720821
720872
722786
722810
722964
723144
723264
723363
723522
723676
724014
724273
724278
724549
725314
725777
725888
726195
726829
727055
727354
727736
727811
728152
728695
729039
729101
729188
729351
729462
729724
729822
730228
730525
731364
731645
731648
732231
732893
733481
733512
733818
733880
733884
735007
735103
735592
735705
736120
736265
736314
736403
737197
737478
738140
738564
740313
740744
740910
741001
741090
741362
741463
741784
742175
742229
742997
743293
743320
743733
744106
744514
744911
745869
746283
746877
747106
747847
748044
748284
748952
749119
749245
749371
749409
750143
750891
751555
751774
752021
752410
752980
753334
753378
753410
753516
753534
753746
754379
754584
754695
755313
755714
755851
755857
755914
756099
757430
758101
758684
758782
759242
759554
759716
759907
760568
761140
761485
761712
762679
762909
763043
763199
763293
764464
764894
765138
765898
767081
767378
767737
767856
768061
768311
769253
769628
769653
769909
770030
770085
770703
770773
771258
771688
771806
772525
773301
773490
773525
773533
773726
773999
774109
774208
774221
774485
775035
775064
775474
776183
776235
776266
776382
776750
776754
776975
777649
777919
777990
778049
778160
778551
778585
778745
778820
779924
780080
780127
780366
781903
781953
783786
783992
784420
784569
785083
785476
785608
785625
785823
786180
786341
786886
787151
787514
787610
787784
788371
788629
788784
789188
789396
789466
789513
789629
789669
790785
790950
790981
791169
791216
791419
791913
792405
792488
792710
793743
794164
794600
794719
795695
796580
796724
797483
797805
797963
798179
798337
798497
799183
799222
799659
799797
799810
799866
800202
800798
801433
802046
802098
802099
802225
802422
802517
802836
803205
803889
804055
804424
804743
804857
805036
805456
806254
806305
806656
806693
807378
807856
809128
809951
809985
810022
810127
811262
811418
811500
811659
811992
812523
812801
812875
813274
813356
813845
813886
814564
815021
815146
815369
815439
815771
815972
816004
816279
816424
816517
816878
817166
817354
818526
818643
819119
819460
819857
819962
820060
820282
820848
821502
822255
822686
822762
822926
823897
824520
824521
825723
825834
825857
826940
827483
827691
828084
828590
828611
828756
829213
829453
830126
830342
831388
832119
832346
832392
832780
832811
832865
832929
833111
834260
834697
834860
835181
835216
835218
835281
835457
836116
836123
836226
836370
836507
837196
838394
838418
838461
838586
838815
840218
840566
840753
840954
841618
841761
841870
842195
843114
843572
844530
845347
845677
845692
846170
846239
846570
846902
847499
848059
848407
848594
848730
849175
849352
849626
849934
850172
850743
851032
851270
851479
851837
852056
852113
852126
852236
852357
852508
852741
852794
853240
854110
854395
854631
854865
855590
855614
856270
856540
856666
856995
857229
858002
858847
858885
858894
859053
859491
859587
859630
859795
860113
860232
860787
861045
861504
862463
863162
864197
864787
865007
865620
865980
865990
866130
866466
866887
866915
867294
867423
867943
868815
868932
869642
869725
869793
870987
872132
872160
872360
872544
872714
873347
873400
873516
873561
874157
874612
876275
876347
877740
877937
878181
878616
879223
879389
879933
880023
880226
880693
881453
881833
882017
882040
882289
883097
883972
884190
884850
885189
885450
886442
886630
887016
887148
887205
887542
887639
887861
888136
888173
888699
888833
888850
889571
889679
889942
890489
890673
890998
891522
892276
893027
893203
893265
893343
893598
894405
895132
895148
895254
895309
895745
895954
896390
897863
898479
898787
898848
899092
899542
899981
900362
900615
900617
900632
901078
901177
901454
902176
902350
903382
904382
904635
905027
905230
905257
905815
905974
906091
906452
906454
906842
907194
908422
908556
908579
908733
909576
909629
910051
910138
910995
911295
911645
912303
912345
912362
912419
912433
912538
912806
912867
912913
913292
913598
913877
914365
915257
915448
915890
916480
917357
917638
917640
917668
918880
919912
920192
920256
920418
920464
920940
921107
921245
921316
921944
921952
921990
922153
922765
923087
923113
923125
923810
924361
924802
924936
925151
925315
925479
926111
926278
926467
926498
927213
927391
929007
929165
929417
929427
929509
930110
930281
930346
930483
930889
932208
932213
933117
933491
933721
933892
934544
935166
935313
936939
937242
937452
938027
938261
938382
938809
939365
939705
939881
940030
940120
940358
940367
940799
941175
941547
941597
941726
941908
942233
942600
943304
943397
943738
943998
944049
944411
944979
945154
945497
945591
945893
946055
946156
946201
946627
946730
946973
947440
947903
948183
948354
949294
949791
950467
951177
951199
952394
953851
954003
954325
954371
954453
954481
954682
955099
955234
955526
955830
956537
957115
957449
957546
957716
958083
958179
959249
960270
960555
960810
961177
961345
961806
961817
962057
962561
962659
963267
963361
963510
963511
964102
964260
965255
965412
966107
966182
966444
967808
967987
968065
968220
968702
968710
968755
968854
969231
969957
969970
971164
971827
971950
972090
972327
972483
972625
973246
973255
973330
973767
973790
974500
974573
974824
974876
975431
976128
976151
976564
976780
976798
977235
978079
978276
978420
978707
978770
979019
980198
980259
980259
980455
980523
981286
981319
981375
981545
981602
981627
981855
982209
982941
983211
983285
984080
984104
984446
985803
986604
986684
986759
986975
987630
987679
988318
989243
989752
990160
990804
991074
991894
992138
992925
992935
993022
993416
993437
994356
994570
994808
995304
995355
996063
997557
997808
998213
998237
998245
998521
999199
999454
999487
999857
