125
199
1260
1401
1465
1765
2004
2191
2591
2939
3017
3332
3522
3983
4044
4050
4245
4256
4351
4637
4690
4902
5236
5486
6425
6524
7207
8087
8223
8478
8725
8807
9014
9143
9424
9655
9866
9918
10237
10252
10668
11221
11263
11735
12054
12225
12590
12895
13171
13204
13215
13382
14205
14301
14452
14521
15083
15153
15193
15210
15423
15558
15646
15704
15973
16002
16390
16733
16749
17086
17393
17430
17729
17876
17906
17939
18219
18609
18714
19067
19180
19195
19241
19394
19833
19892
20196
20511
20907
20936
21528
21723
21932
21943
22281
22479
23139
23433
23777
24395
24581
24702
25100
25498
25710
25763
26624
26965
28009
28210
28430
28513
28598
29146
29216
29218
29643
30486
30813
31708
31867
32098
32133
32422
32595
33453
33555
33634
33638
33749
34056
34284
34349
34662
34767
34947
35497
36668
36669
36821
37274
37485
38127
38811
38936
39213
39533
39567
40072
40249
41771
41828
41840
42663
42712
42795
42938
43949
44069
44155
44275
44455
44591
44784
44802
44926
45210
45230
45662
45742
46186
46207
46542
47354
47374
47470
47659
48195
48365
48399
48638
48867
48885
48997
49296
49365
49565
49582
49698
50479
50760
50808
50835
50904
51189
51330
51513
51803
52243
53237
53370
53760
53809
54520
54549
54616
54760
54976
55147
55662
55875
55930
56160
56352
56385
56486
56744
56809
56957
57020
57198
57517
57745
57884
58185
58379
59459
59860
60083
60374
60761
60770
60958
61044
61587
61790
61857
61869
62452
62466
62714
63285
63786
64208
64575
64660
65207
65289
65751
65769
65770
65850
66008
66535
66540
66726
67117
67528
67640
67768
67772
68069
68101
68729
68773
69270
69357
69723
69758
69810
70032
70147
70258
70668
70873
71138
71216
71233
71351
71435
71962
71990
72097
72208
72335
72349
72436
72567
73169
73300
73304
73315
73597
73755
73880
74078
74259
74302
74501
74555
74825
75131
75272
75287
75355
75803
75885
76340
76343
76562
76602
77029
77075
77163
77211
77269
77440
77573
77828
77919
78001
78004
78019
78987
79600
79641
79829
79854
79965
80035
80388
80687
80809
81205
81542
81631
81819
81883
81980
82067
82076
82126
82411
82601
82603
82634
82814
82818
83122
83223
83432
83527
84125
84383
85379
85531
86088
86133
86260
86356
86659
87369
88066
88118
88215
88268
88315
88640
89006
89374
89619
89887
90076
90206
90307
90372
90553
90560
91592
92425
92466
92479
92625
93021
93092
93144
93570
93744
93824
94217
94233
94282
94814
95015
95119
95285
95342
95645
95784
96092
96300
96425
96668
97317
97680
97847
98549
98685
98986
99115
99281
99662
100412
100451
100521
100535
100778
101480
101524
101733
101932
102204
102443
102593
102774
103127
103429
103660
104036
104147
104188
104241
104249
104641
105115
105530
105753
105895
106074
106293
106322
106517
107089
107802
108253
108293
108598
108675
108773
109374
109406
109730
109856
109859
109966
109967
109977
110243
110400
110644
111433
111624
111834
111981
112137
112341
112461
112815
112910
113263
113272
113876
113884
114053
114210
114210
114825
114847
114898
115274
115936
116095
116444
116759
116821
117118
117373
117463
117527
118415
118529
118764
118954
119011
119840
119851
120052
120086
120172
120467
120608
120627
120750
120892
121035
121374
121769
121824
121892
122740
122816
122922
123075
123163
123272
123471
123483
123620
123671
123726
124296
124703
124744
124906
124940
126297
126584
126886
126946
127099
127255
127438
127739
128958
129265
129414
129422
129548
129612
129910
130655
130751
131238
131750
131934
131942
132170
132482
132598
132708
132937
133170
133547
133709
134123
134403
134642
134725
134892
134962
135261
135776
135815
135843
135947
136168
136191
136374
136524
136673
136816
136856
137020
137512
137518
137606
137668
137747
138232
138687
138759
139595
139865
140037
140548
140768
141095
141171
141386
141433
141531
142431
142522
142803
143339
143804
144762
145099
145595
145677
145788
146187
146256
146318
147013
148163
148338
149146
149900
150501
150842
150932
150991
151122
151334
151479
151896
152179
152413
152457
152693
153102
153547
153723
153783
153828
154279
154316
154330
154351
154574
154706
154714
154726
154884
155161
155202
155214
155327
155630
156016
156189
156512
156687
157030
157398
157486
157913
158028
158089
158406
158491
158666
158740
159092
159325
159641
159822
160245
160628
160805
160879
161020
161086
161700
161869
162056
163013
163266
164279
164499
165073
165144
165306
165356
165545
165743
165813
165868
166000
166076
166091
166140
166452
166597
166804
167790
167860
167998
168007
168525
168607
168825
169586
169618
169734
169774
169956
170028
170066
170257
171227
171255
171419
171604
171931
171952
172475
172709
172729
172878
173212
173319
173829
174272
174319
174510
174651
174866
175301
175399
175483
175510
175789
175994
176096
176114
176388
176575
177518
177550
177977
178011
178098
178297
179138
179375
179539
179543
179606
179883
180135
180688
180724
181235
181467
181556
181656
181733
182120
182914
183060
183072
183226
183376
183517
183723
184248
184268
185027
185211
185319
185560
186118
186326
186420
186595
186817
187121
187313
187782
188305
188409
188547
188751
188860
189041
189080
189528
189569
190302
190683
190730
191120
191219
191316
191361
191382
191737
191932
192017
192300
192311
192569
192871
192903
192905
193591
193669
194000
194032
194162
194248
194408
194448
195148
195301
195436
195809
195839
195937
196068
196759
196942
197014
197319
197473
197614
197914
198678
199049
199431
199610
200145
200670
201524
201897
201955
201957
202190
202328
203326
203371
203632
203685
204185
204474
204510
204528
204626
204708
204768
204974
205118
205274
205549
205554
205733
206286
206317
206604
206699
206978
207522
208596
208612
208691
208691
208946
209187
209218
209247
209546
210338
210666
210745
211314
211352
211504
211994
212403
212774
213078
213164
213214
213670
213794
213908
213979
215078
215487
215726
216390
216991
217016
217387
217984
218049
218053
218130
218581
218780
218795
219172
219505
220150
220297
220345
220570
220834
221368
221393
221598
221627
221799
221935
222132
222160
222437
222455
222618
222626
222666
222848
223619
224126
224425
225310
225374
225428
225586
225900
225998
226086
226179
226891
227121
227249
227322
227446
227493
227592
227654
228010
228101
228282
229074
229171
229196
229254
229552
229580
229668
230069
230162
230166
230460
231333
231387
231494
232184
232232
232550
233205
233280
233512
234273
234450
234651
235236
235241
235397
235477
235505
235521
235556
235593
235860
236363
236494
237121
237187
237337
237909
238231
238672
239074
239389
239533
239649
240319
240939
240997
241331
241485
242557
242817
242978
243139
243392
243407
243856
244068
244130
244433
244670
244772
245611
246027
246033
246092
246226
247123
247163
247391
247426
247615
248124
248148
248451
248563
249022
249410
249511
249675
249710
249734
249821
250129
250245
250348
250522
250651
251006
251332
251690
251710
252022
252066
252394
252861
253283
253369
253379
253569
253631
253758
253808
253943
254226
254550
254731
255170
255508
255617
255842
256458
256470
256793
256871
257053
257395
257539
257710
258278
258684
259063
259922
259934
260345
260649
261212
261366
261665
261933
262916
263106
263303
263436
263637
263653
264063
264099
264317
264377
264852
264927
265023
265599
266252
266264
266584
266623
267362
267437
267630
267995
268680
269148
269358
269495
269520
271976
272125
272249
272571
272663
272831
273150
273374
273761
274055
274068
274098
274426
274537
274622
275288
275453
275486
275539
276278
276499
276633
276968
277752
277932
278003
278062
278194
278375
278456
278782
278811
278885
278902
279047
279458
279484
280143
280274
280294
280447
280816
281069
281093
281186
281573
281676
281839
282149
282282
282369
282653
282678
282765
282788
282795
282992
283089
283156
283206
283216
283287
283546
283636
283730
284061
284254
284378
284608
284626
285018
285242
285362
285405
285441
285513
285534
285949
286163
287060
287302
287400
287457
287540
288061
288068
288413
288607
288639
289086
289134
289652
289966
290272
290286
291120
291200
291995
292311
292572
292662
292925
293024
293129
293780
294020
294300
294390
294720
294816
294952
295048
295225
295231
295247
295297
295666
295784
295818
295990
296020
296108
296302
296731
296737
297069
297524
297540
298004
298550
298870
299663
299969
300313
300656
300781
301321
301415
301739
302081
302261
302332
302481
302811
303330
304311
304566
304567
304807
305255
305416
305466
305574
305598
305631
305921
306227
306368
306684
306767
307454
308296
308586
308869
310387
310782
310803
311345
311365
312016
312241
312639
312732
312748
312787
312867
313022
313466
314024
314111
314289
314526
315317
315318
315467
315836
315987
316005
316074
316100
316173
316357
316446
316523
316710
316884
318199
318384
318924
319245
319883
320329
320910
321052
321216
321543
321556
322116
322341
322495
322572
322641
322701
322741
322963
323162
323209
323661
323686
325047
325602
325641
325709
325889
326214
326690
326752
326784
326885
327265
328103
328190
328303
328399
328429
328677
329039
329643
330349
330370
330426
330542
330945
330997
331155
331504
331511
331512
332467
332513
332573
332666
332717
332772
332883
332883
333153
333212
333605
333622
333669
333764
333844
333923
334140
334186
334394
334731
334743
334840
335199
335741
335791
336665
336992
337054
337491
337540
337853
338337
338355
338499
338651
338675
338728
338842
338862
339091
339205
339963
340221
340288
340529
340561
340593
340733
340839
340850
341147
341646
341794
342014
342199
342249
342277
342308
342501
342522
342684
342826
343004
343007
343603
343752
344875
344943
345072
345092
345100
345269
345556
346328
346449
346601
347005
347324
347602
347891
348000
348339
348342
348370
348672
348890
349018
349020
349332
349340
350671
350786
351234
351957
352054
352112
352412
352561
352732
352952
353244
353583
353631
353931
354046
354182
354263
354373
354397
354734
354744
355104
355698
355714
355981
356102
356443
356934
357024
357385
357458
357785
357924
358047
358412
358420
358645
358954
358977
359134
360169
360372
360558
360657
360840
361720
361761
361780
361795
361811
361826
361828
361893
362111
362255
362446
362944
363276
364011
364127
364525
364898
365155
365174
365701
365782
366098
366176
366733
366784
367313
367815
368169
368924
369113
369275
369282
369651
370416
371219
371304
371594
371690
372213
372916
373130
373213
373328
373816
373869
373998
374249
374623
374867
374888
375664
375969
376107
376650
376801
376871
377120
377260
377400
378706
378730
378911
379190
379938
380088
380385
380566
380703
380870
381112
381260
381492
381574
382046
382089
382727
382850
383073
383468
383671
384314
384932
385504
385605
385637
385691
386241
386263
386781
387156
387235
387279
387289
387621
387750
388057
388101
388111
388203
388203
388583
389649
390088
390202
390262
390309
390419
390433
390619
391009
391389
392044
392870
393064
393202
393347
393521
393669
394061
394230
394434
394484
394898
395160
395180
395297
395346
395408
396084
396103
396226
396376
396411
396484
396583
397137
397211
397477
397493
397793
397901
398025
398423
399030
399300
399778
400069
400313
400528
401113
401136
401365
401377
401521
401666
402205
402218
402238
402539
403004
403192
403249
403340
403457
403463
403463
403769
403777
403810
403997
404019
404070
404314
404460
405197
405833
405837
405852
406275
406365
406375
406382
406389
406540
406566
406972
407014
407021
407512
407973
408731
408780
408976
409179
409591
409655
409788
410484
410534
410668
410928
411448
411588
411837
411989
412274
413250
413483
413512
413653
413743
414236
414349
414659
414706
414961
415179
415243
415269
415673
417214
417305
417493
418010
418048
418126
418126
418236
418718
418931
419233
419252
419329
419432
419601
419703
420159
420498
420536
420751
420931
420992
421171
421648
422029
422098
422253
422350
422865
422877
422906
424501
424555
424695
424776
424808
424887
425058
425475
425741
425843
426723
426865
426920
426946
427404
428206
428292
428377
428968
429121
429368
429566
429960
430096
430250
430409
430608
430751
430765
431318
431361
431415
431841
432321
432959
433432
433560
434226
434248
434366
434370
434866
435132
435236
435487
435566
436169
436335
436417
436431
436958
437312
437577
438029
438095
438775
438882
439605
439635
439654
440308
440576
440769
440792
441236
441313
441510
441822
442381
443022
443352
443407
443496
443548
443678
444280
444454
445051
445123
445172
445246
445479
445487
445675
445783
446028
446140
446647
446880
446961
447135
447186
447249
447313
447661
447789
447797
447885
447903
447933
448204
448207
448573
448585
448725
449209
449418
449654
449886
450197
450281
450376
451111
451355
451433
451572
451636
451830
452467
452537
452949
453112
453268
453320
453412
453557
453763
453920
454031
454200
454809
454903
455558
455566
456174
456504
456523
457014
457102
457127
457636
458961
459073
459524
459620
459663
459677
459692
460049
460228
460369
460460
460596
461007
461389
461447
461528
461728
461935
462010
462235
462298
462451
462761
463106
463152
463540
463811
464193
464248
464404
464469
465171
465205
465687
465763
465794
466115
466238
466357
466425
466471
466968
467157
467364
467430
467698
467764
467936
468151
468332
468387
468534
469093
469420
469447
469599
469948
470054
470169
470804
470993
471044
471121
471478
471528
471528
471635
471745
472203
472250
472851
473205
473898
474089
474105
474168
474830
475016
475371
475395
475579
475893
475916
476679
476824
477556
477750
478060
478338
478541
478593
478897
479544
479751
479753
479780
479819
479880
480198
480403
480734
480785
480935
481602
481667
482602
483479
483747
483781
483823
483896
483899
484337
484424
484941
485256
485373
485534
485572
485725
485816
485959
486014
486084
486479
486544
486662
487422
487462
487809
488113
488203
488227
488321
488418
488476
488547
488772
488879
488975
488991
489522
489823
490155
490354
490421
490476
490739
491280
491326
491374
491455
491563
491566
491887
492046
492054
492375
492401
492605
492637
492759
492930
493250
493586
493822
494075
494717
495572
495589
496287
496490
496562
496595
496823
496841
496860
496874
497007
497213
497404
497559
497892
497929
498008
498371
498743
499521
499641
500024
500052
500103
500409
500598
500909
501229
501287
501522
501873
502663
502694
502989
503459
504045
504235
505054
505820
505861
506287
506405
506762
507573
507878
507941
507962
508158
508223
509062
509151
509178
509319
509475
509812
509848
510008
510187
510281
510325
510636
510787
510944
511107
511301
511412
511440
511507
511545
512247
512860
512982
513704
513930
514316
514535
514600
515010
515122
515492
515580
515585
515770
515857
516270
516383
517185
517402
517435
517453
517474
517677
517728
517942
518117
518129
518328
518658
518769
518773
518773
518876
519079
519279
519591
519921
520033
520189
520374
520534
520597
520818
521276
521290
521321
521924
521975
522030
522217
522303
522471
522815
523212
523490
523835
524019
524207
524633
524749
524850
525120
525123
525483
525604
525946
525994
526487
527290
527491
527632
527632
527852
528053
528157
528195
528319
529168
529205
529885
529899
530122
530511
530858
531010
531214
531281
531295
531386
531545
531819
531896
532256
532307
532344
532405
532714
532750
533078
533284
533314
533488
533660
533715
534068
536126
536708
536931
537256
538033
538525
538866
539778
540595
540618
541005
541312
541514
541766
542228
542248
542278
543402
543425
543698
543889
544208
544865
545246
545689
545845
546064
546131
546642
547035
547176
548044
548114
548477
548497
548697
549280
549962
550268
550333
550746
550984
551114
551688
552678
552707
552843
553452
553854
553894
553905
553976
554133
554371
554530
554981
555420
555818
556179
556343
556356
556456
556503
557045
557103
558108
558857
560014
560423
560553
560726
561155
561309
561904
562301
562310
562752
563385
563482
563635
564127
564450
565229
565286
565945
565983
566175
567270
568239
568363
568561
568578
568675
568770
569234
569350
569565
569685
570545
570709
570838
571033
571101
571209
571524
571552
572705
572901
572916
573010
573102
573575
573837
574519
574542
574599
574678
574943
575017
575241
575263
575586
576099
576402
576760
577458
577572
578051
578696
578886
579086
579196
579529
579588
580115
580145
580469
580664
580774
580853
580971
581066
581445
581746
581814
581915
582421
582705
582863
583505
583896
584259
584656
584683
584722
585343
585553
585635
585716
585778
585782
586115
586132
586237
586276
586305
586345
586469
586504
587020
587062
587430
588349
588645
589107
589374
589437
589463
589771
590273
590338
590399
590729
590900
591132
591888
591948
591991
592041
592458
592521
593374
594692
594892
594902
594953
595103
595370
595389
595418
595581
595674
595803
595942
596471
596774
596870
597340
597363
597543
597778
598087
598414
598449
598661
598761
598974
599185
599237
599367
599726
599735
599735
599833
600155
600266
600350
600499
600628
600744
601014
601174
601766
602025
602297
602723
603075
603356
603423
603690
603951
604037
604224
604540
604631
604656
604659
604745
604776
604830
604867
605102
605231
605296
605451
605473
605759
605985
606246
606374
606387
606551
606723
606758
606850
607049
607324
607455
607875
608442
608780
609121
609300
609628
609774
610268
610357
610652
610964
611005
611928
612220
612308
612318
612857
612975
613043
613208
613644
613737
614522
615114
615316
615405
615464
616029
616105
616161
616798
616840
617176
617261
617661
618008
618198
618209
618414
619777
620034
620659
620759
621072
621168
621264
621402
621495
621771
621869
622132
622528
622917
623057
623317
623319
623668
623816
623883
623917
624103
624458
624517
625255
625533
625717
625752
625942
626364
626643
626691
627039
627228
627260
627428
627517
628149
628296
628765
629434
629510
629580
629597
629729
629735
629951
630093
630151
630323
630609
630640
630707
630724
631327
631364
631400
631617
632017
632055
632153
632364
632805
633250
633273
633552
633610
634066
634462
635351
635415
636110
636236
636238
636339
636370
636919
636992
637002
637657
638280
638540
638839
639009
639506
639539
639626
639984
640217
640314
640380
640701
640764
640977
641198
641234
641272
641310
641432
641528
641737
642205
642415
642467
642607
643031
643146
643305
643450
644317
644707
644764
644867
644950
645240
645263
645561
647063
647127
647576
648312
648469
648495
648880
648964
649963
650174
650788
650887
651675
652354
652543
652833
652867
653680
653724
653863
654245
654404
654439
655213
655865
656271
657125
657148
657490
657521
657689
657970
658455
658466
658645
659142
659167
659656
660027
660062
660421
660521
660678
660721
661011
661402
661439
661545
661638
661688
661778
661997
662481
662600
662667
662700
662745
662775
662891
663607
663726
663785
664213
664321
664431
665371
665686
666139
666188
666540
666833
667099
667589
667964
668264
668413
668737
669398
669555
669736
669769
669972
670094
670214
670803
670821
671295
671506
671532
671584
671876
672044
672118
672151
672244
672622
672830
673234
673682
673695
673901
674492
674796
674921
675605
675664
676082
676198
676425
676616
676968
677010
677230
677272
677308
677536
677854
678014
678058
678136
678271
678355
678515
678589
679236
679272
679586
679622
680542
680704
680816
681311
681660
682059
682524
683313
683742
684751
686091
686493
686950
687045
687147
687221
687317
687475
688067
688455
688597
688643
688835
689551
690067
690269
690278
690367
690784
690854
691195
691421
691523
691745
691747
691794
692488
692762
692868
692940
693598
693732
693848
693856
694027
694243
694339
694372
694593
694692
694837
695166
695407
695944
696299
696728
697245
697463
697739
698096
698271
698397
698509
698859
699038
699331
699415
700141
700295
700507
701009
701128
701187
701659
701706
702147
702370
702569
702706
702937
702996
703062
703383
703645
703994
704081
704203
704636
704800
705277
705801
706289
706600
706634
706693
706767
706893
706927
707198
707350
707459
707947
708025
708144
708407
708469
708516
708968
709010
709198
709229
709554
710567
710587
710751
711180
711356
711778
712052
712067
712156
712237
712390
712455
713499
713923
714197
714296
714361
714750
714758
715020
715167
715193
715582
715597
715638
716032
716721
716970
717168
717205
717304
717540
717660
717677
718201
718450
718468
719604
719791
719868
720055
720095
720633
720797
721224
721362
721788
721812
721957
722199
722203
722209
722257
722602
723079
723263
723324
723402
723633
723745
723805
724007
724040
724143
724667
724806
726197
726778
727569
727680
728088
728222
728645
728985
729249
729783
729990
730624
730713
730854
731097
731517
732472
732542
732693
732791
732889
733194
734040
734551
734581
734628
734702
734933
734964
735215
735416
735654
735925
735992
736382
736569
736747
737020
737420
737666
737706
737991
738186
738730
738790
738983
739202
739295
739507
740030
740148
740494
740505
740780
740817
741084
741215
741330
742132
742234
742486
742513
742848
742885
742886
743229
743399
743514
743551
744007
744138
744842
744865
744950
745146
746153
746647
746672
746885
746951
747465
747476
747658
748423
748649
749366
749462
749607
749928
750357
750436
750765
751077
751186
751193
751226
751228
751913
751974
751981
752084
752413
752796
752811
752819
752822
753688
753826
753857
753874
753912
753939
754518
755784
755867
755891
756613
757082
757918
758066
758320
758647
758692
758887
759053
759120
759471
759652
759752
759820
760289
760661
761025
761329
761559
762001
762213
763045
763087
763239
763263
763548
763657
763931
764221
765061
765209
765336
765402
765895
765941
766040
766140
766187
766253
766333
766416
766477
767132
767303
768025
768065
768154
768372
768698
768716
769204
769326
770093
770301
770451
770922
770953
770967
771338
772370
772595
772684
773460
773713
773733
774389
774558
774934
774993
775352
775536
775545
775814
776036
776102
776348
776483
776849
777086
777566
777673
777829
777933
778485
778621
778662
778721
780002
780466
781078
781150
781455
781543
781667
781909
781919
782630
783339
783598
783643
783684
783856
784679
784713
784873
785024
785123
785418
785503
785511
785756
786126
786404
786733
786823
786980
787057
787226
787369
787548
788000
788040
788177
788459
789329
789430
789924
790002
790346
790803
790810
792444
793201
793651
794171
794314
794429
794646
794816
794923
794964
795153
796744
796795
796956
796964
797013
797267
797490
797549
797606
797678
797753
797791
797805
798237
798437
798988
799210
799229
799513
799539
799607
800056
801186
801850
801932
802228
802731
802778
803230
803406
803715
804799
804940
805045
805132
805147
805340
805875
806142
806628
806631
806644
806687
806854
807363
807579
808242
808526
809023
809571
809801
809846
809982
811055
812163
812753
812927
813127
813200
813408
813412
813561
813673
813782
814060
814412
814642
814819
814895
815207
815306
815836
816191
817390
817402
818113
818148
818260
818326
818973
819347
819919
820260
820598
821011
821507
821945
822072
822400
822775
822806
822867
823109
823266
823402
823638
823861
823963
823996
824495
825070
825359
825530
825613
825688
826434
827011
827550
827771
828311
828698
828815
828949
829307
829584
829868
830039
830166
830167
830471
830794
831167
831233
831238
831527
831754
831810
832038
832469
832894
832918
833081
833207
833416
833700
833704
833715
834047
834493
834583
834630
834708
834806
835741
835798
835952
837504
837613
837727
837766
838090
838427
838637
838687
838885
838959
839016
839319
839734
841824
842688
842709
842742
842802
842979
842992
843221
843352
843442
843603
843748
843862
843938
844109
844467
844535
844570
844767
844945
845362
845451
845985
846689
846801
846872
846986
847318
847508
847662
847913
848605
848779
848789
849010
849563
849582
849803
849953
850369
850555
850743
850827
851188
851308
851316
851622
851925
852596
852655
852991
853061
853329
854324
854512
854540
854593
854865
855141
855171
855578
855968
856015
856351
856567
856937
857101
857502
857891
857898
858302
858377
858617
858732
859158
859310
859673
859720
859787
859849
859976
860351
860381
860716
860720
861019
861240
861558
861571
861588
861875
862152
863350
863355
863512
863516
863748
863832
864371
864404
864512
865014
865083
865206
865364
865581
865718
865783
865818
866563
866751
867540
868130
868219
868500
868657
868918
869148
869161
869619
869897
870110
870190
870237
870294
870706
871415
871534
871637
871671
872119
872154
872254
872267
872461
873249
873813
873892
874179
875149
875186
875341
875503
875594
875754
875800
875825
876320
876506
876678
876739
876964
877262
877315
877596
878490
878587
879261
879500
879549
879701
880009
880350
880633
881032
881803
881901
882033
882124
882563
883132
883178
883276
884151
884190
884287
884355
884400
884720
885981
886111
886306
886946
887129
887186
887463
887543
887796
887983
888380
888464
888559
888676
888885
889168
889604
889639
889747
889955
890037
890099
890123
890275
890643
890918
890956
890958
890960
891019
891059
891192
891319
891694
891874
892528
892887
893162
893648
893783
893962
894216
894444
894486
894487
895056
895103
895148
895354
895513
895664
895895
896216
896451
896521
896538
897227
897298
897573
897644
897713
897743
898202
898292
898689
899021
899136
899194
899385
899657
899728
899795
899869
899869
899897
900025
900431
900817
900962
900963
900981
901010
901272
901540
902264
902326
902376
903350
903431
903453
903771
903897
903906
903916
904249
904359
904420
904444
904495
904609
904620
904626
905105
905334
906444
906476
906794
907239
907695
907979
908502
908526
908953
909258
909269
909291
909336
909413
910125
910502
911219
911449
911690
911854
912228
912319
912519
913160
913181
914122
914370
914767
914768
915057
915162
915351
915425
916142
916432
916880
917129
917187
917332
917544
917703
917786
918059
918088
918218
918253
918822
919209
919371
919698
919808
920070
920183
920436
920822
920994
921015
921170
921703
922235
922521
922600
922890
923103
923458
923537
923911
924152
924274
925379
925648
925663
925906
926147
926391
926673
927377
927710
927732
928215
928330
928625
929617
929877
929930
930035
930829
931035
931179
931718
931733
931746
931785
933042
933048
933912
934114
934175
934212
934254
934277
934836
935384
935463
935843
936056
936145
936554
936635
936804
936925
937114
937213
937342
937910
937964
938364
939225
939428
939641
939790
939814
939884
939917
940504
942538
942743
943386
943586
943855
944231
944253
944492
944880
945065
945090
945387
945528
945574
945733
945740
945752
945822
945829
946069
946086
946549
946575
946689
947427
947964
948064
948277
948618
949578
949646
950346
950526
950660
950920
951522
951718
952015
952183
952276
952435
952661
952771
952892
952939
952994
953108
953516
953802
954748
954841
955142
955246
955316
956020
956177
956558
957290
957410
957414
957605
958307
958520
958767
958853
958859
958997
959079
959108
959576
959728
961005
961090
961310
961724
962252
962484
962825
963056
963294
963750
964082
964101
964295
964598
964872
964966
965043
965128
965307
965355
965553
966269
966290
966579
966694
966951
967333
967439
967757
967938
968580
968669
968690
969769
969814
969903
970004
970228
970272
970550
971101
971104
971366
971369
971701
972224
972595
972707
972786
973362
973368
973498
973689
973824
974292
974623
975486
975707
975749
976122
976378
976427
976816
976976
976988
977394
978181
978227
978293
978406
979074
979907
980114
980175
980337
980880
980919
980974
981226
981346
981414
981459
981858
982000
982137
982433
982617
982619
982650
982707
982952
983098
983306
983566
983571
983735
984070
984083
984424
984572
984719
984820
985021
985195
985632
985716
986205
986241
986322
986873
986993
987163
987469
987616
987809
988227
988520
988589
988734
988742
988843
988888
988888
989180
989391
989602
989650
990006
990038
990114
990389
991311
991507
991724
991805
991847
992031
992317
992329
992460
992528
992620
992641
993158
993188
993696
993926
994105
994824
994942
995823
996103
996484
996545
996694
997057
997096
997111
997813
997988
998209
998233
998401
999174
999810
