258
322
475
514
536
650
918
981
1080
1595
1710
1741
1947
1983
2089
2377
2385
2481
2559
3191
3200
3246
3334
3421
3473
4370
4503
4554
5077
5469
5660
5775
5831
5899
5979
6075
6086
6114
6245
6657
7154
7447
7510
7953
8126
8474
8628
8644
8908
9537
9558
9617
9638
9659
10352
10915
11061
11142
11219
11493
11534
11785
12449
12705
14656
14667
14711
14723
14919
15018
15114
15235
16351
16446
17067
17188
17348
17808
18073
18254
18391
18434
18645
18942
19802
20558
20570
20582
20760
20962
21099
21328
21455
21503
21506
22513
22601
22727
22746
22915
23271
23354
23529
23649
24094
24185
24214
24455
24594
24963
25475
25679
25706
25943
25993
26182
26507
26717
27108
27128
27277
27521
27603
27790
27832
27834
27848
28063
28066
28261
28264
29103
29104
29849
30505
30708
30717
30906
31017
31069
31214
31383
31833
31882
32173
32674
32820
32868
32900
33128
33142
33182
33529
33683
33754
33795
34282
34747
35094
35175
35401
35592
35938
36026
36395
36444
36688
36692
37001
37257
37621
37691
37731
38245
38686
38852
38950
38982
39288
39316
39567
39648
39809
40141
40187
40503
41042
41181
41378
41532
41665
41666
41919
42043
42285
42317
42543
42559
42599
42956
43099
43197
43234
43548
43591
43748
43813
44242
44981
45050
45183
45189
45497
45628
45711
45761
46188
46540
46543
46551
46695
46937
47321
47781
47800
48038
48510
48808
48878
49138
49660
49879
50519
51587
51597
51839
51863
51901
52146
52297
52560
52736
52922
53289
53642
53649
54004
54216
54280
54315
54403
54859
54983
54984
55061
55174
55178
55401
56424
56520
56940
57063
57302
57718
57913
58042
58309
58426
58430
58510
58654
59226
60262
60484
60696
60758
60773
61103
61501
61532
62367
62457
62762
63096
63184
63189
63504
63608
63800
64263
64533
65048
65271
65376
65532
66418
67246
67951
68036
68051
68211
68315
68368
68514
68550
69280
69369
69513
69724
69809
69879
69966
70106
70174
70326
70529
70755
70780
71509
71904
72265
72416
72716
72775
72854
72934
73259
73414
73576
74256
74459
74807
74831
75188
75209
75379
75766
75824
75875
75956
76013
76066
76121
76282
76648
77024
77897
78219
78232
79328
79490
79621
79746
79943
80623
80659
80874
80937
81286
81397
81900
82305
82407
82501
82946
83088
83612
83613
83695
83872
84261
84444
84487
84813
85184
85209
85485
85631
85716
85830
85865
86140
86247
86512
86620
86633
86704
86726
86746
86901
86922
87752
88055
88181
88382
88587
88632
88959
89366
89418
89473
89657
89677
90028
90123
90294
90746
90858
90879
91034
91112
91222
91232
91368
91534
91992
92151
92186
92206
92335
92716
93477
93953
94038
94451
94836
94930
95835
96099
96181
96321
97017
97282
97303
97354
97699
97781
97982
98014
98452
98468
98484
98514
98609
98857
98988
99048
99216
99344
99380
99519
99764
99837
100161
100746
100968
101260
101372
101382
102156
102177
102256
102310
102886
102897
103362
103501
104195
104374
104384
104504
104566
104761
104869
104892
105202
105300
105419
105536
105688
105731
105831
105893
105928
106041
106196
106486
107094
107316
107385
107434
107539
107597
107639
107659
107688
107723
107762
108177
108516
109130
109885
110013
110331
110405
110451
110463
110491
110738
111121
111152
111285
111503
111640
111733
111798
111968
112121
112154
112321
112354
112395
112725
112997
113019
113125
114303
114321
114452
114533
114570
115115
115300
115597
115958
116020
116799
116885
117128
117711
117728
117752
118117
118137
118930
119054
119248
119578
119675
119710
119737
119990
120073
120108
120895
120998
120999
121187
121337
121384
121441
121953
122245
122350
122392
122662
122681
122911
123184
123515
123722
123842
123958
124195
124318
124790
125148
125297
125521
126056
126483
126786
126939
126994
127125
127380
127625
127651
127687
127783
127822
128164
128241
128283
129014
129108
129210
129444
129478
129967
130192
130398
130627
130661
130942
131001
131046
131705
131779
131909
132001
132238
132395
132486
132823
132868
132895
132944
133214
133403
133828
134433
134474
134769
134781
134805
135257
135269
135412
135500
135720
135722
135750
135848
135874
135914
136300
136345
136767
136819
137265
137586
137639
137924
138073
138112
138440
138442
138447
139005
139121
139471
139587
139936
139995
140299
140515
141071
141211
141220
141513
141851
142166
142252
142468
142497
143289
143480
143792
144239
144330
144844
145225
145245
145426
145429
145597
145754
145900
145972
146122
146198
146337
146494
146978
147084
147187
147408
147490
147575
147808
148147
148739
148787
149448
149757
149761
149777
149835
149855
149909
150103
150310
150356
150781
150834
151020
151038
151155
151219
151481
151491
151799
151809
152089
152352
152357
152593
152631
152763
152872
153088
153376
153602
153977
153978
154384
154498
154501
154502
154734
154997
155058
155524
155707
155975
156317
156582
156981
157282
157425
157486
157498
157510
157602
158071
158115
158135
158329
158407
158565
158714
158745
158802
158891
159050
159107
159178
159795
159843
160053
160231
160524
161070
161350
161542
161630
161780
162006
162255
162641
162679
162744
162973
163035
163609
164089
164241
164412
164677
164909
165694
166016
166092
166218
166224
166748
166916
167241
167759
168037
168561
168662
168674
168707
168843
168937
169048
169393
169808
170394
171005
171600
171768
171802
172186
172287
172595
173018
173066
173083
173182
173460
173477
173704
174029
174094
174368
174411
174607
174887
175092
175279
175383
175790
176003
176353
176827
176882
176899
177322
178088
178134
178180
178183
178287
178321
178622
178652
178698
178810
178954
179377
179594
179609
179893
179948
180097
180159
180422
180467
180647
181148
181507
181781
181882
181958
181968
182269
182303
182401
183149
183327
183333
183363
183411
183456
184152
184165
184428
184694
184744
184778
185038
185175
185268
185403
185459
185576
185753
185760
185964
186221
186559
186713
187335
187902
188238
188295
188439
188758
188884
189167
189290
189419
189709
189877
190119
190257
190354
190389
190417
190440
190554
190685
190713
191159
191168
191379
191662
191839
191928
192031
192034
192043
192278
193505
193711
193974
193993
194078
194211
194250
194430
194468
194475
194681
196398
196661
196854
196873
197016
197298
197334
197375
197506
197587
197745
198138
198543
198658
199194
199442
199496
200286
200509
200596
201122
201453
201472
201777
201926
202158
202337
203641
203846
203968
204199
204248
204349
204470
204600
204612
204614
205045
205325
205332
205507
206017
206039
206090
206289
206858
206937
206949
207445
207904
208088
208158
208700
208748
209159
209541
209682
209910
210047
210262
210539
210663
210725
210938
211275
211276
211661
211866
211929
212156
212306
212366
212424
212685
212836
213248
213383
213449
213466
213820
214122
214917
215201
215243
215468
215500
215745
215760
216072
216125
216166
216185
216599
216676
216880
217049
217094
217156
217284
217424
217432
217909
217922
218323
218439
218601
218677
218808
218839
218895
219033
219380
219894
220112
220213
220839
221294
221667
221718
221928
222000
222048
222127
222511
222685
222883
223091
223157
223710
223826
223975
224184
224453
224507
224548
224829
225022
225041
225504
225966
226444
226538
226686
226828
226952
227109
227453
227581
227641
229179
229392
229424
229450
229807
229808
229945
230552
230566
231105
231136
231216
231232
231410
231434
231496
231620
231674
231715
231737
231850
231992
232193
232219
232340
232390
232417
233002
233198
233512
233584
234013
234219
234311
234367
234560
234683
235150
235399
235863
236572
236764
236953
237533
238057
238093
238239
238505
238717
239492
239800
239801
239828
239958
240084
240186
241198
241801
242505
242681
243143
243311
243328
243337
243409
243436
243683
243771
243872
244275
244509
244591
244867
245303
245347
245451
245847
246022
246032
246191
246429
246618
246677
246748
246987
247353
247612
247738
248304
248800
248814
248953
249339
249753
249864
249903
249986
250010
250424
250636
250882
250924
251344
251364
251497
251732
251942
251978
252382
252407
252579
252653
252654
252773
252820
253042
253231
253566
253660
253802
253873
254353
255181
255324
255466
255482
255525
255604
256489
256658
256921
257265
258435
258552
258826
258847
259474
259534
259655
259778
260229
260253
260516
260596
260875
261233
261236
261415
261541
261642
261676
262124
262301
262339
262355
262505
262587
262914
263079
263085
263192
263474
263477
264170
264657
264732
264899
265071
265418
265753
265911
266298
266677
266849
267032
267456
267678
267926
268465
269009
269841
269878
269882
270184
270195
270218
270327
270344
270591
270836
271795
272083
272295
272334
272427
272600
272844
273049
273182
273260
273737
273859
273899
274047
274084
274150
274191
274245
274314
274421
274570
274593
274962
275054
275173
275518
275575
275591
276078
276181
276680
276824
277206
277247
277610
277847
277902
277977
278051
278760
279046
279149
279596
279640
279731
280003
280186
280644
280966
280994
281177
281343
281381
281684
282223
282718
282908
282933
283169
283629
283639
283861
284247
284276
284298
284438
284540
285044
285278
285503
285617
285954
286814
286815
286882
286924
286974
286984
287268
287609
287620
288258
288333
288815
288907
289424
289555
289996
290020
290299
290682
290972
291028
291146
291307
291401
291698
292021
292279
292335
292629
292865
293070
293540
293604
293728
293844
294232
294290
294365
294376
294558
294589
294609
294701
294767
294999
295019
295045
295457
295868
295909
296024
296146
296205
296423
296427
296485
296692
296814
296889
297064
297215
297280
297566
297724
297747
297969
298100
298217
298771
298858
298941
299201
299643
300110
300132
300203
300561
300655
301150
301331
301404
301624
301625
302119
302684
303088
303126
303379
303445
303572
303732
303861
303918
304093
304116
304286
304313
304428
304569
304802
304822
304895
304996
304998
305308
305865
306021
306115
306570
306772
307182
307579
307692
307749
307924
308169
308831
308841
308929
309003
309042
309085
309735
310203
310553
310672
310834
310980
311251
311369
311384
311412
311649
311717
311826
311956
312070
312092
312230
312249
312252
312413
312668
312676
313028
313085
313613
314090
314424
314744
314854
314998
315037
315081
315283
315342
315393
315526
315526
315531
315718
315949
316050
316076
316175
316231
316688
317010
317422
317695
317964
318231
318474
318479
318507
318539
318617
318735
318817
318988
319005
319139
319352
319771
319813
319923
319939
319974
320014
320272
320592
321426
321433
321900
322071
322244
322440
322480
322866
323070
323501
323639
323657
323696
323747
323799
324439
324532
324670
324712
324826
324916
325669
325821
326081
326288
326877
326972
327089
327348
327584
327690
327815
327873
328338
328395
328517
328567
328648
328931
329306
329526
329596
329810
329848
329984
329998
330052
330190
330194
330612
331139
331309
331710
331735
332026
332969
333024
333473
333607
333935
333954
334231
334236
334347
334633
334745
334783
334993
335190
335389
335664
335729
335933
336166
336180
336484
336513
336869
337323
337666
337867
338000
338150
338163
338347
338390
338458
338548
338663
338745
338914
339169
339232
339272
339282
339631
339785
339860
340083
340350
340928
341084
341479
341578
341751
342184
342196
342362
342843
343400
343443
343453
344241
344280
344827
345205
345570
345869
346293
346297
346373
346382
346872
347102
347199
347200
347485
347740
347792
348060
348180
348254
348385
348447
348552
348669
348781
349052
349295
349384
349675
349729
349785
349790
349846
350284
350843
351395
351500
351647
351748
351826
352131
352338
352354
352516
352689
352899
353376
353459
353703
353979
354043
354279
354786
355451
355459
355556
355726
355775
355849
355995
356205
356216
356363
356494
356658
356777
356933
356981
357049
357329
357425
357477
357512
357741
357914
357934
358376
358431
358531
359257
359613
359682
359898
359909
360729
360768
361329
361899
362042
362696
362744
362915
362956
363053
363251
363412
363496
363534
363585
363783
364060
364426
364505
364564
364599
364959
365025
365205
365256
365318
365353
365441
365512
365699
366172
366462
366640
366719
366834
366902
367127
367634
367657
367780
368449
368632
369127
369253
369327
369338
369635
369647
369797
369884
369942
370550
371599
371703
371975
372012
372137
372335
372911
373295
373682
373702
373826
373879
373976
373997
374118
374181
374684
375442
375475
375795
376036
376325
376382
376826
377282
377483
377600
378162
378216
378364
378692
379131
379136
379213
379278
379283
379396
379397
379674
379881
380624
380975
381296
381830
382364
382399
382927
382935
382988
383219
383427
383775
383829
383881
384284
384414
385042
385579
385827
386294
387105
387299
387723
388052
388077
388090
388202
388283
388506
388610
388679
388852
389090
389186
389259
389655
390154
390181
390610
390821
390878
391174
391456
391518
391605
392267
392386
392485
392551
392581
392702
392819
392923
393222
393339
393481
393815
394171
394503
394695
394702
394852
395336
395364
395660
395923
396104
396254
396348
396528
397227
397578
397654
397695
397916
397975
397982
398241
398547
398670
398953
399095
399219
399696
400039
400211
401080
401224
401236
401344
401860
402424
402447
402594
402610
402791
402816
402957
403300
403557
403837
404357
404556
404682
405118
405606
405675
405849
405885
406227
406549
406900
407123
407456
407588
407638
407849
407968
408119
408145
408148
408216
408331
408562
409005
409194
409690
409882
410064
410255
410635
410701
410922
411173
411177
411187
411314
411381
411476
411571
411658
411922
411952
412072
412121
412447
412569
412823
412921
413124
413138
413170
413507
413946
414071
414242
414332
414457
414464
414673
414829
414885
414959
414996
415085
415104
415111
415239
415244
415354
415446
415841
415857
415904
415945
416349
416416
416578
416627
416679
416692
417018
417130
417278
417455
417682
418089
418108
418213
418262
418360
418810
418984
419341
419347
419575
419803
419809
419957
420087
420115
420194
420306
420419
420819
420836
420921
421157
421164
421766
422009
422020
422035
422272
422332
422649
422667
422678
422767
422977
422999
423015
423096
423495
423655
423679
423891
423946
424190
424655
424835
424944
425232
425409
425536
425809
425920
426635
426888
427125
427327
427679
427713
427928
428113
428222
428465
428470
429442
429764
429800
429897
430825
430927
431221
431308
431324
431346
431535
431691
432132
433066
433204
433231
433393
433608
433739
433893
434336
434520
434616
434904
435218
435786
436143
436250
436287
436512
436566
437488
437523
437719
437777
437937
437979
438032
438051
438157
438257
438264
438296
438535
438620
438764
438768
438826
438875
438878
438932
439319
439384
439399
439482
439533
439826
440136
440584
440617
440749
440827
440869
440870
441153
441241
441378
441602
441688
441799
442161
442311
442675
443450
444424
444564
444597
444645
444712
445018
445125
445224
445727
446159
446433
446582
446664
447654
447659
447696
447839
448136
448612
449170
449300
449372
449657
449687
449699
449812
450075
450099
450177
450240
450508
450528
450702
450721
450955
451042
451239
451297
451774
451825
452154
452535
452815
452883
452890
452918
453160
453520
453621
453734
453950
454053
454076
454193
454477
455238
455409
455495
455783
455806
455903
456085
456258
456328
456480
456616
456915
457097
457805
458295
458632
458768
459222
459536
459835
459953
460452
460708
460848
461117
461134
461222
461252
461460
461702
462597
462665
462702
462930
463324
463425
463729
463869
464102
464118
464242
464463
464843
465033
465414
465801
466061
466126
466644
466655
466912
466993
467120
467272
467483
467612
468514
468692
468968
469042
469408
469423
469441
469567
470095
470283
470311
470481
470517
470588
470619
470867
471045
471281
471315
471441
471482
471544
471605
471736
471736
471766
471939
472399
473335
473440
473509
473522
473717
473842
474419
474454
475044
475316
475456
475819
476635
477028
477945
477951
478081
478241
478358
478462
478487
478586
479017
479031
479252
479859
479918
479953
480191
480521
481162
481228
481366
481511
481544
481576
482198
482643
482745
482961
482986
482992
483053
483340
483340
483348
483406
483579
483686
483769
484040
484398
484473
484699
484817
484864
485299
485571
486157
486293
486358
486513
486550
486662
486674
487001
487197
487463
488085
488169
488234
488242
488618
488711
488745
488917
489538
489697
489763
490627
490795
491208
491243
491420
491507
491597
491605
491737
491817
491946
492194
492820
492884
492898
493235
493252
493638
493832
493923
494013
494163
494245
494576
494661
495428
495511
495570
495661
495669
495889
495964
496063
496206
496290
496318
496319
496497
496674
496857
497201
497465
497471
497771
498020
498049
498056
498217
498318
498374
498462
498478
498948
498997
499148
499232
499600
499658
499804
499817
499829
500064
500498
501120
501264
501375
501779
502152
502248
502359
502470
503319
503428
503515
503713
503961
504165
504258
504682
504697
504709
505131
505253
505253
505322
506325
506341
506449
506583
506651
506813
507012
507043
507100
507106
507127
507220
507244
507281
507420
507423
507556
507635
507736
507783
507790
508097
508120
508289
508349
508446
508545
508735
509281
509477
509594
509602
509629
509636
509675
509768
509984
510359
510476
510552
511181
511351
511475
511794
511829
512014
512171
512313
512464
513133
513671
513830
515066
515072
515203
515425
515554
515717
516177
516191
516322
516332
516410
516561
516834
516891
516899
516912
516931
517578
517685
517719
518021
518051
518374
518458
518495
518543
518626
518740
518785
519248
519599
519714
519768
520090
520164
520196
520264
520282
520329
520471
520861
520948
521049
521066
521129
521164
521248
521483
521743
521963
522215
522501
522507
523684
523892
524024
524125
524165
524192
524729
524804
524945
525018
525232
525421
525573
525658
525742
525885
526083
526255
526256
526393
526472
526540
526560
526680
526974
527016
527143
527274
527489
527641
528040
528137
528229
528326
528649
528655
529077
529086
529265
529344
529802
530312
530376
530700
530717
530827
531055
531338
531741
531783
531948
531962
532070
532106
532134
532427
533345
533389
533425
534045
534062
534224
534696
534795
535144
535286
535344
535534
535573
535758
535783
535847
535915
536160
536203
536369
536644
536740
537062
537224
537495
537839
537892
538595
538810
539131
539202
539394
539765
539820
539858
539929
540314
540504
540674
540967
541361
541506
542278
542310
542456
542599
542773
542929
542990
543051
543126
543222
543230
543286
543765
544101
544273
544275
544494
544499
544520
544564
544677
544697
544727
544812
544915
544918
545006
545306
545491
545646
545828
546195
546534
546619
546641
546750
546886
546954
547047
547130
547936
548067
548114
548266
548289
548687
549089
549101
549103
549210
549371
549390
549661
549775
549818
550083
550142
550444
550594
550615
550643
550777
550934
551012
551115
551484
551562
551567
551772
551779
551795
551924
552423
552431
552559
552985
553360
553407
553738
554121
554459
554501
554591
554971
555144
555456
555564
555936
556014
556211
556242
556246
556625
556763
557108
557188
557272
557531
557589
557761
557907
558121
558246
558255
558426
559245
559263
559456
559568
559628
559802
559852
559993
560633
560726
560749
561045
561487
561653
561945
562218
562225
562242
562607
562774
562953
563066
563078
563105
563213
563468
563508
563539
563639
564086
564135
564224
564340
564461
564527
564606
564680
565126
565807
566000
566345
566415
566499
566586
566680
567100
567158
567278
567333
567709
567815
567907
568166
568397
568521
568688
568812
568962
568976
568991
569079
569394
569624
569630
569682
569690
569801
570055
570067
570072
570125
570294
570327
570347
570482
571240
571297
572045
572776
572850
572954
573041
573683
573701
573841
573887
574125
574217
574533
574922
575005
575017
575143
575616
575740
575948
575957
575969
576158
576549
576726
576730
577006
577506
577650
577713
578111
578165
578360
578473
578620
578827
579283
579634
579698
579800
579979
580167
580684
581213
581393
581659
581971
582291
582411
582615
582615
582795
583097
583245
583482
583635
583662
584329
584546
584654
584785
584922
585048
585349
585406
585604
585661
585888
586091
586177
586246
586249
586259
586497
586705
586742
586883
587150
587248
587457
587610
587738
587963
588436
588605
588779
589090
589222
589348
589572
589912
590093
590293
590423
590954
591105
591130
591439
591727
591758
591791
591843
591870
592004
592083
592147
592348
592758
592780
592816
593093
593202
593272
593411
593425
593736
594207
594280
594337
594347
594493
594662
594760
594947
595303
595443
595512
595562
595567
596141
596331
596382
596598
596632
596839
596861
596976
597013
597060
597135
597438
597446
597552
597669
597850
598113
598796
598809
598843
598872
598885
598887
598992
599166
599417
599492
599839
599913
600128
600309
600671
600931
601291
601587
602138
602168
602406
602588
602746
602895
603074
603147
603207
603303
603319
603335
603629
604663
604876
604940
605471
606030
606237
606453
606573
606750
606787
607171
607280
607685
607750
607970
608118
608282
609116
609348
609384
609426
609516
609567
609679
609849
610039
610518
610778
610948
611155
611244
611259
611538
611670
611782
612173
612215
612270
612506
613191
613468
613573
613995
614212
614418
614490
614533
614565
614639
614770
615262
615341
615364
616510
616919
616921
617403
617421
617655
617682
617869
618074
618381
618401
618455
619358
619997
620118
620620
620636
620655
620680
620800
621288
621322
621419
621570
621583
621678
622069
622171
622238
622270
622531
622978
623145
623221
623223
623712
624015
624285
624339
624353
624502
624557
624833
624892
624911
625079
625481
625581
625669
625743
626217
626238
626264
626344
626390
626451
626617
626648
627128
627177
627278
628477
628766
629202
629401
629700
629980
630052
630491
630693
630751
630870
630927
631504
631551
631674
631811
631951
632049
632154
632239
632575
632637
632813
632962
633146
633459
633520
633724
633728
634252
634428
634702
635166
635236
635484
636330
636332
636365
636375
636450
636458
636492
636637
636823
636913
637082
637286
637457
637716
637768
637815
637850
637972
638363
638483
638675
638707
638878
638939
639080
639207
639262
639483
639576
639801
639933
639998
640178
640232
640244
640289
640354
640473
640755
640808
640936
641039
641206
641609
641625
642253
642309
642703
642704
642754
642927
642960
642991
643017
643243
643382
643476
643640
644149
644299
644577
644732
645172
645180
645200
645438
645866
645949
646353
646796
647251
647557
647588
647822
647850
647956
648061
648078
648116
648241
648325
648874
649032
649034
649366
649450
649497
649535
649548
649723
650176
650479
650873
651131
651304
652040
652120
652238
652548
652792
652979
653067
653164
653259
653306
653689
653953
654063
654085
654330
654479
654619
654880
655387
655664
655975
656024
656308
656319
656411
656838
657044
657233
657262
657593
657822
657837
657947
658008
658109
658990
659014
659308
659540
659737
659914
660002
660167
660203
660339
660424
660480
660543
660823
660908
660974
661012
661073
661155
661289
662121
662188
662335
662363
662443
662450
662699
662849
663365
663379
663397
663445
663635
663862
664544
664623
664745
664934
664982
665487
665511
665589
665911
665925
666269
666439
666524
666590
666746
666798
667030
667053
667174
667874
667913
668001
668049
668348
668468
668481
668691
668694
669112
669465
669496
669576
669681
670051
670334
670436
670713
670716
670840
671221
671313
671441
671446
671470
672414
672545
672610
672709
672822
672923
673240
673716
673759
674594
675026
675709
675825
676056
676701
676893
677481
677546
677994
678005
678175
678235
678384
678459
678724
678761
678829
678839
678977
679343
679750
679984
680278
680642
680897
680964
681124
681441
681543
681625
681755
681999
681999
682268
682300
682575
682637
682973
683820
683872
683908
684111
684534
684558
684721
684744
684859
685234
685253
685501
685600
685648
685773
685784
685948
686056
686204
687028
687150
687168
687404
687816
687843
688242
688261
688527
688544
688715
689320
689363
689650
690132
690140
690205
690295
690428
690641
690652
690981
691072
691240
691630
691791
692242
692281
692310
692317
692349
692689
692846
693561
693801
693868
694080
694124
694346
694534
694692
694972
695345
695474
695576
695669
696141
696248
696550
696591
697038
697044
697298
697444
697686
698082
698537
698584
698989
699315
699695
699802
700156
701020
701170
701307
701345
701475
701644
701758
701769
701850
702330
702439
702684
702724
703061
703351
703827
703934
703982
703996
704020
704199
704273
704391
704463
704565
704745
704971
705402
705430
705608
705774
705813
706005
706343
706379
706385
706426
706471
706585
707005
707221
707413
707553
708017
708338
708361
708368
708422
708761
708777
708886
709204
709555
709862
710225
710862
710953
711239
711514
711801
711858
711875
712049
712306
712635
712735
712938
712987
713409
713709
714019
714346
714477
714500
714536
714762
714824
714900
714985
715051
715117
715146
715278
715514
715559
715658
716027
716101
716123
716529
716635
717274
717426
717736
717870
718029
718038
718427
718576
718679
718836
722074
722116
722438
722481
722863
723280
723567
724075
724184
724238
724545
724699
724700
724854
724923
725305
725418
725555
726053
726742
727033
727201
727274
727505
728309
728448
728594
728737
728740
728743
728917
729100
729109
729327
729892
729910
730056
730159
730360
730916
731860
732086
732086
732376
732436
732546
732550
732633
733010
733094
733189
733270
733463
733543
733672
733700
734255
734656
734814
734917
735077
735110
735147
735312
735716
735961
736140
736527
736548
736550
736900
736908
737253
737274
737519
737602
737840
737875
738312
738321
738582
739438
739668
740157
740416
740572
741286
741343
741894
741924
741936
742040
742058
742095
742152
742698
742754
742761
742794
743675
743902
743913
744093
744399
744930
745218
745399
745794
745884
746187
746292
746337
746703
746840
747061
747093
747151
747157
747218
747500
747552
748129
748168
748196
748224
748302
748459
748552
748713
749404
749796
750034
750194
750621
750691
750737
751350
751385
751429
751643
751881
752338
752590
752607
753386
753705
754430
754486
754505
754716
754847
755093
755267
755495
755556
756291
756421
756449
756753
756849
756878
757061
757134
757724
757763
757798
757801
757821
758380
758836
759056
759163
759291
760239
760286
760416
760895
760943
760994
761077
761080
761274
761305
761418
761592
761599
761654
761822
762189
762301
762331
762384
762629
762787
762787
763141
763311
763392
763563
763850
764183
764200
764403
764406
764632
764883
764919
765131
765162
765362
765547
765886
765918
766035
766361
766773
766848
767130
767445
767557
767803
768064
768099
768303
768354
768424
769283
769505
769634
770069
770163
770737
771246
771294
771300
771616
771865
771992
771997
772359
772693
772993
773109
773236
773580
773745
774247
774414
775318
775346
775532
775676
775911
775973
776329
776481
777240
777276
777718
778000
778017
778139
778157
778443
778835
779070
779134
779230
779392
779396
779590
779634
779634
779842
779914
780469
780595
780789
781048
781195
781271
781344
781617
781723
782147
782571
782675
782712
782786
782802
782940
783062
783310
783349
783434
783510
783575
783895
783967
784072
784368
784455
784547
784748
784856
785636
785733
785753
785901
785968
786207
786348
786634
786804
787001
787020
787097
787132
787404
787428
787450
787494
787583
787805
787953
788058
788086
788128
789061
789364
789426
789447
789486
789751
789775
790120
790162
790170
790359
790645
790652
790704
790986
791034
791121
791568
791596
791672
792050
792148
792492
792620
792694
793593
793611
793720
793784
793924
794127
794204
794647
794664
795317
795563
795737
795746
795924
796187
796446
796757
796837
796951
797104
797212
797741
797888
797959
797979
798476
798975
799000
799073
799828
800052
800190
800269
800421
800687
800845
800934
801311
801400
801689
802022
802291
802758
803150
803460
803497
803757
803999
804282
804391
804512
805019
805020
805171
805841
806083
806477
806638
806648
806759
806801
806994
807218
807385
807586
808124
808286
808315
808565
808877
809049
809446
809452
809476
809485
809734
809985
810467
810695
811187
811198
811296
811905
812303
812441
812537
812551
813128
813263
813450
813725
814216
814492
814506
814709
815201
815439
815488
815511
815614
815632
815680
815845
816656
816711
816714
816875
816886
817960
818113
818268
818441
818454
818827
818943
819282
819438
819456
819473
819823
819840
819885
820282
820328
820589
820870
820964
821098
821452
821643
821670
821745
822314
822468
822622
822783
822833
822894
822927
823264
823360
823497
823650
823740
823773
823912
824014
824109
824200
824350
824353
824829
824902
824921
825513
825513
826174
826429
826544
827019
827219
827539
827596
827642
827692
828312
828471
828609
828622
829301
829861
830354
830603
830876
830880
830925
831502
831682
831691
831727
831741
831746
831803
832040
832602
832968
833333
833540
833672
833773
834457
834603
834984
835350
835397
835749
836113
836142
836417
836545
837187
837468
837946
838348
838527
838623
838782
838846
839152
839325
839327
839455
839521
840375
840612
840615
840642
840683
840872
840953
841062
841161
841533
841687
841845
841922
842238
842666
842685
842752
844042
844363
844497
844562
844987
845278
845466
845599
845645
845659
846415
846473
846580
847125
847448
847574
847642
847756
848098
848106
848127
848181
848367
848527
848673
848810
848962
849115
849253
849316
849381
849625
849783
850143
850306
850567
850630
850680
850712
850837
851016
851062
851141
851206
851632
851920
852194
852835
852895
853312
853366
853387
853443
853512
853673
853683
853696
853731
854151
854154
854369
854664
854666
854789
855052
855202
855755
855876
855965
856003
856181
856265
856540
856625
857264
857303
857522
857564
857602
857951
858251
858501
858820
858844
858959
859218
859736
859751
859961
859975
860037
860086
860126
860164
860519
860571
860579
860982
861510
861798
861902
862138
862245
863143
863316
863336
863580
863860
864119
864123
864244
864468
864596
864604
864783
864893
865058
865186
865470
865526
865538
865630
865769
865898
865984
866152
866564
866838
866878
867127
867246
867825
868550
868733
868996
869054
869178
869217
869551
869666
869669
869683
870196
870464
870725
870732
870770
871293
871350
871581
871974
872212
872446
872902
872951
872983
873002
873069
873119
873398
873959
873967
874177
874312
874358
875040
875074
875468
875577
875745
876139
876181
876347
876663
876691
876714
877171
877398
877453
877617
877718
878075
878250
878336
878894
878925
879290
879361
879642
879642
879757
880236
880542
880714
880742
880944
880973
881016
881347
881515
881541
881705
881973
882389
882413
882584
882740
883117
883158
883540
883939
883943
884079
884096
884109
884204
884270
884414
884841
885519
885873
885918
885970
886097
886199
886293
886519
886722
886938
886960
887007
887068
887082
887119
887695
887737
888064
888182
888195
888524
888525
888996
888999
889368
889559
890684
890819
891115
891128
891207
891216
891362
891584
891997
892333
892350
892488
892616
893103
893484
894468
894510
894690
895418
895713
895824
896037
896951
897107
897145
897166
897406
897489
897521
897753
898053
898117
898167
898178
898350
898367
898581
898714
898851
899085
899299
899399
899432
900448
900529
900791
900986
900989
901552
901776
901841
901859
901860
901977
902228
902389
902555
902657
902823
903787
903793
904178
904309
904450
904607
904807
904841
904944
904945
905101
905174
905306
905335
905440
905697
905887
906160
906224
906375
906502
906700
906982
907365
907384
907409
907506
908225
908262
909155
909281
909451
909550
909745
910102
910278
910279
910310
910377
910575
910582
910851
910873
910891
911243
911381
911464
911540
911854
912477
912574
912593
912714
913059
913231
913429
913540
913649
913756
913808
913871
914368
914491
915176
915431
915841
915930
916086
916130
916662
916867
916975
917023
917052
917062
917236
917470
917569
917697
917699
917769
918563
918643
918730
918742
918890
919056
919124
919182
919390
919644
919825
919995
920273
920276
920670
920826
920843
920994
921046
921320
921546
921766
921768
921950
921982
921991
922294
922317
923033
923113
923132
923136
923512
923722
923750
923756
923812
924004
924035
924510
924810
925253
925702
926120
926177
926282
926476
926673
927301
927322
927539
927554
927631
927814
928440
928448
928636
928701
929251
929253
929374
929635
930092
930269
930310
930363
930450
930774
930786
930875
930904
930938
931146
931161
931231
931379
931562
931708
931889
932247
932262
932777
933011
933206
933226
933246
933542
933630
933684
933791
933814
934020
934110
934114
934235
934641
934663
934746
934937
934963
935020
935138
935656
935815
935901
936144
936806
936835
936845
936894
936990
937513
937774
938007
938131
938356
938429
938501
938502
938512
938515
938640
938834
938933
939252
939398
939590
939977
940192
940212
940493
940501
940775
940777
940778
940947
941129
941178
941493
941513
941652
941771
942044
942269
942345
942755
943057
943161
943181
943544
943564
943818
943865
944061
944389
944472
944542
944633
944663
944971
945112
945372
945464
945662
945710
946180
946501
946745
947083
947365
947372
947774
948261
948300
948668
948868
949031
949152
949165
949956
950188
950404
950689
950709
950780
950782
951084
951153
951194
951228
951235
951387
951640
951784
952044
952135
952466
952537
952627
952738
952894
952954
952982
953044
953273
953397
953777
953853
954074
954498
954819
954836
955204
955500
955572
955618
956179
956534
957319
957540
957987
958027
958749
958837
959052
959358
959423
959433
959553
959688
960024
960187
960266
960373
960628
960629
960652
960660
960723
960727
960901
961052
961056
961099
961522
961528
961575
961713
961793
961833
961932
961953
962047
962169
962343
962356
962646
962801
962941
963011
963426
963572
963584
963748
963803
963856
964614
964768
965039
965265
965359
965718
965971
966037
966329
966496
966580
966622
966665
966803
966864
966953
967235
967436
967505
967549
968201
968258
968351
968426
968978
969181
969469
969535
969603
970164
970295
970587
970716
970751
970840
971330
971572
971612
971786
972248
972431
972550
973007
973158
973282
973845
973951
973988
974371
974442
974538
974625
974639
974646
974730
974844
974903
974913
974994
975010
975014
975735
976027
976136
976264
976457
976762
977963
978015
978023
978459
979378
980073
980129
980367
980521
980623
980803
980856
980942
980994
981022
981026
981547
981912
982576
982629
982810
982819
982992
983115
983416
983490
984021
984138
984504
984607
984614
984665
984712
984757
984817
985244
985806
986115
986135
986227
986470
986641
986964
987210
987793
988030
988283
988405
988604
989220
989553
989737
989989
990061
990869
990973
991104
991129
991143
991195
991285
991321
991331
991628
991641
991656
991681
991729
991810
991932
991983
992048
992117
992135
992199
992325
992997
993328
993351
993460
993533
993549
993619
993721
994391
994556
994648
994744
994756
994796
994863
995054
995729
995843
996229
996382
996679
997337
997823
997942
998183
998285
998420
998747
998837
999270
999678
999764
