20
538
615
1010
1196
1605
1606
1742
1897
1983
2227
2270
2290
2309
2400
2800
2843
2954
3301
3475
3548
3608
3704
3927
4025
4305
4350
4410
4753
5347
5356
5413
5557
6110
6239
6433
6544
6626
6937
7113
7246
7556
7567
7765
7797
7873
8065
8081
8255
8320
8632
8663
8664
8811
8886
9188
9385
9712
9866
10081
10193
10403
10458
10588
10757
10772
10966
10992
10998
11118
11271
11305
11847
12004
12022
12075
12111
12207
12447
12475
12494
12515
12644
13014
13224
13285
13377
13565
13635
14003
14060
14085
14118
14532
14539
14633
14723
14996
15067
15136
15508
15820
15879
16292
16454
16749
16778
16947
17128
17193
17197
17267
17343
17352
17761
18940
19077
19094
19391
19721
20029
20031
20181
20365
20469
21006
21037
21089
21239
21481
21840
21890
22028
22062
22156
22192
22350
22412
22557
23189
23216
23256
23300
23353
23506
23703
23824
23901
24006
24076
24162
24364
24644
25018
25070
25171
25355
25636
25729
25883
26097
26188
26730
26758
26820
26852
27282
27321
27417
27485
27552
27597
27742
27903
28702
28714
28843
29134
29272
29414
29794
30253
30315
30411
30432
30493
30681
30769
30812
30956
31050
31630
31655
31691
31693
32083
32386
32543
32589
32674
33050
33085
33225
33324
33395
33496
33712
33790
33816
34039
34141
34346
34457
34525
34791
34830
35261
35548
36110
36242
36411
36420
36475
36566
36631
36839
36907
37026
37256
37380
37703
38144
38199
38619
38849
38909
38921
39032
39037
39253
39434
39649
39779
40022
40190
40306
40469
40576
40581
40598
40930
40967
41550
41666
41793
42160
42238
42665
43436
43531
43718
44004
44090
44103
44106
44189
44505
44741
44928
45256
45502
45556
45660
45744
45787
45849
46209
46585
46596
46766
47317
47447
47500
47956
48440
48747
48769
49173
49225
49270
49351
50020
50111
50442
50587
50881
50995
51129
51144
51227
52009
52239
52379
52593
52621
52640
53120
53144
53164
53224
53542
54184
54593
54685
55026
55353
55390
55509
55520
55721
55752
55999
56100
56180
56189
56189
56321
56567
56615
56713
57073
57093
57264
57282
57388
57590
57665
57702
57705
57733
57741
57788
57790
57977
58328
58346
58417
58682
58713
58779
59072
59239
59363
59724
59803
60103
60784
60792
61004
61282
61320
61334
61585
61590
61680
61882
61993
62026
62342
62352
62357
62479
62496
62504
62545
62719
62738
63066
63104
63404
63673
63786
63897
64154
64239
64395
64467
64689
64734
64827
64884
65333
65587
65802
65869
66044
66054
66064
66560
66608
66693
66923
67007
67038
67229
67297
67541
67632
67845
68213
68347
68402
68627
68730
68857
68872
68879
69137
69537
69541
69769
69877
70081
70155
70205
70206
70520
70649
70686
70872
71076
71115
71294
71790
71919
72107
72139
72201
72373
72440
72530
72636
72643
72791
72804
73163
73565
73572
73744
73798
73816
73945
73986
74430
74523
74574
74702
74789
74858
74912
75090
75204
76376
76474
76638
76734
76797
76955
77754
77832
78160
78209
78516
78543
78888
78963
78991
79081
79101
79229
79425
79642
79686
79774
80161
80246
80343
80485
80666
80755
81055
81700
82058
82137
82688
82756
82772
82828
82968
83018
83129
83141
83265
83525
84520
84606
84999
85050
85232
85239
85379
85381
85514
85757
86089
86101
86182
86361
86503
86708
86778
86786
86813
86900
87174
87359
87697
87750
87905
88031
88252
88498
88512
89142
89281
89357
89490
89792
90128
90232
90364
90718
90846
91071
91080
91497
91520
91727
91861
91922
92625
92648
92943
93064
93240
93305
93506
93818
93828
93838
94135
94310
94480
94548
94550
94753
94856
94897
94953
95049
95160
95180
95320
95695
95821
95965
96002
96498
96691
96979
97394
97420
97606
97638
97643
97661
97696
97697
97815
98057
98198
98475
98637
98762
99206
99886
99923
100346
100488
100654
100787
101071
101290
101339
101631
101971
102130
102391
102523
102627
102857
102875
102930
103104
103338
103349
103366
103585
103719
103833
104172
104346
104465
104477
104655
104697
105041
105060
105316
105491
105547
105672
105708
105841
105864
105956
106230
106376
106460
106532
106836
107002
107149
107314
107536
107845
107898
107962
108032
108299
108614
108997
109068
109251
109330
109655
109934
110066
110068
110507
110617
110824
110851
110880
111393
111695
111749
111947
112023
112038
112155
112436
112486
112569
112962
113266
113289
113427
113548
113602
113903
114289
114312
114424
114905
115044
115279
115360
115394
115444
115583
115593
115797
115816
115954
116182
116326
116601
116791
117121
117186
117511
117554
117863
118319
118483
118573
118660
119218
119353
119411
119447
119848
119939
120093
120358
120646
121031
121174
121478
121506
121715
122302
122330
122457
122799
122943
123338
123636
123777
123785
124005
124166
124383
124669
124934
124949
125234
125302
125354
125588
125812
125875
126154
126321
126494
126574
126626
127021
127069
127323
127329
127337
127567
127667
127875
127994
128234
128272
128777
128804
128889
128932
129140
129204
129464
129465
129492
129685
129691
129692
129695
129791
129876
130159
130373
130393
130473
130514
130658
130753
130763
130865
131342
131446
131578
131594
131661
131828
131842
131901
132110
132204
132484
132812
132973
133315
134020
134517
134865
134890
135031
135597
135906
136203
136489
136579
136687
136799
136842
136898
137086
137101
137183
137188
137192
137217
137745
138155
138255
138285
138396
138686
138717
139079
139081
139608
139619
139871
139926
140000
140135
140384
140468
140505
140604
140694
140699
140912
140928
141005
141212
141363
141388
141772
142132
142435
142513
142552
142589
142638
142689
142781
142787
142905
143107
143237
143457
143479
143502
143555
143585
144010
144453
144604
144650
144675
144708
144885
144977
145484
145813
145827
145968
146047
146087
146187
146338
146488
146592
146596
147394
147532
147563
147944
148004
148235
148300
148319
148626
148646
148675
148783
148943
149072
149259
149316
149379
149563
150385
150599
150629
150684
150728
150823
151003
151499
151874
152253
153398
154166
154228
154464
154541
154649
154768
154917
155357
155434
155470
155640
155824
156052
156203
156223
156274
156492
156654
156779
156793
156814
157018
157102
157128
157373
157603
157765
158009
158018
158092
158215
158369
158430
158476
158492
158605
158712
159083
159137
159154
159206
159408
159430
159445
159624
159657
159690
159882
160110
160281
160352
160378
160541
161022
161165
161355
161411
161590
161609
161732
161825
162049
162349
162366
162609
162629
162679
162724
162750
162839
163213
163305
163562
163616
163968
163988
164032
164075
164102
164305
164329
164726
165160
165183
165287
165664
165797
165839
166460
166594
166723
166861
166931
166952
167152
167192
167471
167799
167895
168419
168420
168632
168764
168818
168835
168974
168976
169225
169619
170146
170253
170271
170850
171242
171526
171558
171836
172012
172024
172049
172193
172196
172575
172620
172675
172725
172804
172901
174025
174169
174339
174518
174670
174872
175219
175269
175588
175703
175721
175767
175916
175981
176246
176314
176400
176568
176864
177257
177281
177292
177378
177411
178318
178386
178484
178562
178906
178963
179090
179259
179394
179417
179432
179501
179810
180190
180215
180338
180848
181474
181861
181908
181967
182200
182451
182552
182599
182808
182982
183140
183306
183540
183554
183815
183894
183966
184036
184327
184401
184548
184739
184872
185566
185646
185686
185754
186010
186167
186206
186263
186539
186561
186712
186811
186894
186996
187118
187307
187380
187569
188166
188229
188569
189019
189123
189164
189189
189495
189647
189674
189719
190013
190207
190224
190442
190488
190677
190770
190794
191111
191182
191464
191679
191702
192064
192250
192329
192358
192496
192678
192721
192724
192880
192899
192927
193143
193678
193833
193912
194079
194284
194380
194425
194819
194889
195693
195935
196261
196479
196774
196881
197124
197373
197388
197508
197732
197751
198096
198265
198657
198776
199145
200134
200293
200559
200768
200847
200899
201031
201285
201344
201880
202192
202295
202415
203700
203731
204461
204796
204829
205019
205176
205326
205360
205840
206066
206234
206251
206343
206361
206403
206444
206561
206631
207086
207108
207137
207238
207545
207569
207756
207784
208002
208075
208153
208410
208425
208699
208701
208923
209252
209460
210027
210182
210277
210383
210474
210736
210883
210968
210978
211292
211306
211597
211649
211932
212061
212152
212473
212630
212692
212779
213422
213502
213532
213718
213720
213781
213909
214156
214391
214467
214523
214572
215084
215243
215252
215268
215667
215845
215891
215941
215943
216274
216327
216622
216694
216718
216830
216942
216954
217182
217430
217801
218083
218170
218410
218513
218622
219267
219358
219432
219527
219678
219704
220099
220161
220173
220209
220291
220487
220548
220751
220765
220845
221171
221458
221468
221512
221795
221816
222072
222163
222192
222386
222660
222698
222827
223264
223803
224191
224194
224205
224302
224445
224699
224765
224785
224827
224969
225306
225489
225637
225669
225793
226193
226559
226813
226952
227034
227191
227229
227393
227409
227421
227430
227801
227900
228063
228174
228551
228776
228802
229051
229070
229243
229978
230405
230732
230738
230822
231037
231074
231085
231160
231214
231256
231814
232555
232656
232684
232845
233344
233397
233437
233485
234107
234235
234268
234276
234346
234378
234646
234753
234772
235308
235457
235530
235729
235780
236140
236339
236439
236563
236928
237291
237320
237456
237537
237558
237609
237836
237867
237929
238156
238487
238750
238861
238928
239014
239132
239158
239245
239332
239626
239949
239983
240148
240352
241273
241357
241358
241420
241754
242033
242092
242313
242684
242745
242819
243110
243203
243350
243380
243424
243696
243971
244030
244334
244340
244365
244454
244654
244677
244873
244981
245134
245290
245421
245423
245480
245595
245639
245661
245985
246213
246329
246531
246679
247382
247471
247594
247646
247702
248008
248251
248287
248325
248510
248578
248721
248959
249174
249196
249205
249465
249559
249620
249769
249806
250393
250593
251026
251127
251134
251229
251340
251412
251692
251733
251755
252222
252528
252987
253016
253150
253320
253450
253803
254013
254044
254174
254384
254392
254574
254950
255335
255356
255882
256088
256182
256240
256281
256294
256510
256555
256642
256737
256808
257389
257816
257897
257930
258005
258154
258544
259005
259110
259173
259573
259938
260007
260336
260559
260580
260722
260793
260907
261181
261399
261433
261782
262060
262313
262337
262366
262491
262518
262569
262631
262770
262944
263176
263321
263583
263694
264260
264405
264501
264749
264899
265550
265710
265824
266023
266096
266215
266981
267072
267130
267264
267443
267717
267740
267999
268001
268109
268129
268348
268830
268929
268936
269024
269134
269170
269548
269980
270188
270232
270605
270715
270916
271265
271378
271436
271714
271734
272200
272226
272398
272544
272691
272701
272771
272803
273021
273057
273108
273347
273845
273963
274473
274854
275125
275703
275908
276129
276202
276382
276429
276515
276522
276599
276736
276763
276869
277050
277302
277375
277468
277561
277631
277843
277971
278157
278161
278492
278513
278607
278685
278915
279180
279305
279345
279571
279731
280022
280036
280342
280501
280669
280770
280893
280921
281055
281389
281565
281788
282226
282274
282481
282549
282623
282954
282973
283022
283032
283068
283140
283298
283445
283488
283590
283592
283758
283929
284151
284433
284583
284605
284704
284725
285109
285296
285331
285760
285838
286329
286364
286425
286537
286665
286764
287075
287116
287186
287261
287332
287397
287558
287772
287795
287801
287851
288231
288841
288864
289278
289294
289419
289557
289683
289943
289999
290032
290369
290877
290880
290913
291017
291428
291508
291518
291781
291790
291880
291911
292055
292133
292215
292432
292516
292536
293152
293165
293466
293657
293776
293805
293842
293962
293998
294124
294340
295126
295374
295423
295459
295485
295586
296426
296471
296502
296860
296979
297129
297322
297590
297764
297823
298360
298492
298644
298717
299052
299102
299381
299644
299701
299782
300112
300717
300726
300799
301084
301490
301511
301688
301864
301874
301949
301980
302019
302193
302324
302357
302551
302576
303350
303417
303533
303760
303794
303849
303976
304338
304486
304494
304660
304887
305016
305068
305102
305493
305605
305641
305691
305775
305863
305904
306057
306175
306636
306832
306946
307088
307618
307632
307693
307739
307837
307951
308194
308409
308565
308593
308658
309060
309159
309646
309727
310259
310309
310518
310571
310865
310906
310919
310932
311000
311014
311272
311457
311494
311527
311680
311816
312339
312346
312423
312465
312584
312809
313136
313291
313386
313707
313871
313897
313911
314032
314426
314559
314867
314892
314934
314944
314967
315137
315221
315366
315651
315752
315794
315904
316025
316123
316707
316740
316807
316889
317192
317820
317844
318025
318714
319121
319255
319261
319323
319829
319836
320030
320054
320157
320443
320456
320492
320533
320572
320604
320634
320660
320873
321027
321233
321549
321648
321944
322142
322163
322173
322258
322617
322893
323136
323150
323179
323239
323344
323686
324125
324313
324361
324450
324470
324503
324642
324664
324838
324931
324976
325075
325176
325413
325499
325507
325530
325661
326256
326991
327088
327588
327843
327965
328052
328151
328199
328213
328235
328362
328444
328494
328722
328753
329001
329015
329030
329204
329250
329568
329588
329814
329871
330438
330481
330839
330896
331015
331043
331060
331104
331472
332316
332403
332414
332604
332843
332904
333552
333625
333666
333863
334054
334253
334384
334938
334943
335135
335156
335531
335531
335742
335901
335956
336084
336262
336341
336366
336470
336651
336936
337159
337213
337231
337295
337300
337689
337718
337844
337913
338275
338306
338940
339044
339187
339585
339764
339781
339885
340124
340230
340309
340319
340378
340592
340673
340781
340800
340853
341180
341230
341232
341720
341772
342829
342874
342931
342994
343144
343201
343489
343494
344014
344016
344232
344255
344770
344970
345149
345229
345275
345286
345310
345802
345992
346003
346132
346161
346176
346377
346595
347110
347240
347419
347421
347663
347810
347900
348146
348240
348395
348710
349092
349254
349282
349291
349339
349358
349625
349636
349719
349999
350478
350509
350612
350688
350789
350913
350951
351207
351210
351536
351543
351545
351571
351844
351962
351963
351978
352817
352825
352912
352934
352944
353251
353307
353355
353672
353938
354019
354271
354431
354493
354532
354786
354839
354978
355191
355515
355616
355629
355632
356042
356384
356550
356556
356993
357060
357589
357650
357765
357861
357966
358494
358634
358696
358836
359047
359192
359307
359519
359555
359676
359758
359801
359962
360045
360071
360111
360258
360302
360986
361025
361270
361460
361561
361584
361645
362016
362040
362359
362443
362706
362708
363188
363213
363253
363321
363643
363655
363711
363777
363811
364263
364321
364432
364984
364984
365099
365174
365313
365315
365549
365632
365828
365949
366790
366831
366941
367583
367588
367641
367705
367969
368059
368080
368624
368976
368995
369047
369208
369267
369374
369532
369624
369699
369723
369975
370182
370215
370415
370534
370694
370968
371097
371104
371148
371246
371290
371362
371451
371478
371685
372044
372061
372220
372690
372694
372739
373150
373193
373239
373630
373674
373810
373900
374183
374195
374525
374936
375366
375436
375471
375650
376177
376330
376334
376650
376908
377149
377252
377386
377492
377805
377940
378260
378530
378555
378589
378701
378857
379129
379248
379722
380352
380364
380483
380800
381137
381399
381422
381652
382105
382221
382384
382903
382910
383473
383881
384009
384013
384058
384197
384284
384383
384590
384626
385050
385091
385364
385434
385510
385827
386044
386216
386331
386404
386603
386788
386987
387017
387197
387789
388062
388732
388929
389171
389580
390817
391171
391276
391421
391564
391733
391740
391742
391862
392095
392098
392467
392528
392749
393289
393550
393703
393731
394014
394096
394336
394658
394733
394811
395216
395457
395485
395647
395939
395965
396021
396211
396418
396629
396749
396981
396985
397142
397401
398035
398068
398247
398390
398397
398812
399040
399044
399180
399264
399530
399779
399786
400233
400681
400738
400974
400979
401090
401275
401571
401872
402191
402265
402265
402279
402470
402518
402535
402756
402918
402939
403383
403716
403974
404068
404175
404180
404296
404347
404366
405026
405166
405497
405566
405603
405626
406048
406100
406467
406493
406697
406730
406787
406789
406898
407198
407294
407474
407485
407606
407770
407850
407917
408192
409628
409631
409796
409836
409960
410289
410291
410423
410579
410791
410848
411291
411362
411436
411577
411743
412063
412215
412461
412545
412584
413029
413193
413303
413377
413467
413721
413799
414053
414220
414583
414613
414621
414666
414691
415118
415568
415878
415915
416093
416246
416808
416903
416998
417082
417707
417862
417867
418848
418868
419765
419824
420255
420256
420324
420387
420410
420694
420722
421082
421124
421133
421211
421431
421673
421741
421998
422023
422248
422403
422529
422552
422739
422749
422927
423017
423122
423246
423264
423388
423392
423454
423459
423642
423705
423899
424035
424097
424193
424310
424378
424514
424565
424634
424886
425078
425199
425542
425683
425738
425759
425797
425962
425991
426642
426782
427340
427560
427718
427911
428106
428259
428459
428816
429222
429280
429291
429311
429504
429509
429570
429791
430443
430444
430467
431002
431095
431142
431357
431414
431470
431605
431614
431721
431962
432056
432138
432452
432492
432530
432893
432901
433197
433443
433722
433728
433924
433945
434021
434120
434121
434136
434234
434247
434371
434709
434764
434764
435100
435197
435262
435277
435737
436036
436259
436400
436514
436599
436621
436704
436909
436971
437344
437616
437736
437766
438006
438348
439113
439378
439823
439856
439999
440036
440276
440466
440607
440685
440794
440955
441698
441711
441833
441846
441948
442606
443054
443080
443315
443383
443494
443517
443755
444014
444286
444315
444432
444563
444568
444597
444689
445385
445401
445493
445594
445989
446059
446100
446327
446417
446461
446617
446954
447013
447101
447471
447622
447952
448023
448256
448514
448724
449295
449568
449632
449709
449736
449889
450298
450472
450480
450679
451034
451776
451931
452173
452574
452614
452731
452921
453120
453221
453290
453307
453346
453845
454238
454782
455157
455272
455436
455619
455661
455665
456120
456185
456221
456281
456299
456333
456470
456606
456612
457116
457213
457264
457293
457524
457675
457803
457948
458210
458314
458438
458489
458653
458676
458696
458861
458874
459143
459228
459245
459715
459757
459976
460223
460231
460578
460888
461033
461361
461418
461420
461647
462266
462276
462576
462676
462690
462728
462824
462886
462899
462945
462970
463387
463489
463568
463840
463902
464187
464613
464830
464994
465044
465145
465318
465393
465397
465412
465442
465510
465738
465787
466026
466112
466364
466554
466576
466747
466753
466911
466943
466971
467102
467150
467760
468133
468233
468305
468320
468499
468970
468996
469286
469348
469456
469685
469739
469774
470011
470071
470213
470383
470508
470866
470905
471537
471790
471898
472032
472159
472245
472321
472543
472868
472930
473199
473283
473388
473429
473506
474315
474472
475001
475043
475283
475533
475744
476192
476255
476323
476480
477130
477502
477573
477651
477876
477948
478320
478522
478552
478722
478784
479023
479052
479203
479324
479340
479352
479498
479649
479735
479757
479765
480053
480138
480317
480319
480658
480731
480769
480962
481092
481454
481697
482247
482422
482600
482786
483032
483199
483272
483379
483470
483629
483848
483880
484037
484085
484088
484137
484413
484584
484613
484738
484789
484824
484953
485069
485174
485314
485460
485554
485820
486339
486618
486871
486878
487063
487202
487376
488120
488271
488409
488945
489344
489347
489441
489479
489826
489877
489943
490029
490059
490092
490298
490391
490460
490498
490854
491096
491406
491569
491601
491987
492032
492033
492117
492223
492514
492551
492613
492714
492777
493297
493338
493339
493346
493472
493704
493739
493773
493797
494161
494203
494232
494614
494720
494725
495148
495378
495484
495558
495795
495998
496292
496473
496528
496779
497148
497263
497506
497636
497707
498105
498170
498496
498606
498607
498912
498962
499151
499330
499392
499561
499572
499591
499801
500363
500676
501141
501158
501371
501650
501655
501821
502005
502022
502023
502038
502106
502186
502235
502311
502464
502773
503142
503413
503422
503480
503711
503937
504003
504089
504639
505040
505271
505491
505972
506028
506181
506470
506544
506670
506796
506844
506896
507154
507219
507308
507347
507516
507731
507806
507965
508012
508041
508095
508471
508481
508557
508581
508606
509164
509278
509400
509537
509547
509614
509663
509696
509798
509903
509904
510094
510109
510193
510456
510531
510630
510706
511363
511469
511481
511537
511540
511871
511916
511940
512076
512247
512543
512819
513086
513099
513254
513331
513563
513593
513815
513840
513842
513854
514019
514029
514147
514150
514206
514358
514461
514538
515348
515366
515478
515522
515526
515622
515648
515818
515940
516068
516170
516377
516477
516495
516558
516750
517537
517590
517730
517793
517866
517985
518167
518345
518812
518931
519210
519258
519342
519690
519705
520260
520608
520641
520705
520918
520937
520953
521075
521460
521527
521534
521775
521922
521931
521981
522119
522278
522342
522569
522833
523054
523439
523679
523733
523855
523935
524109
524458
524506
524840
524877
525243
525336
525668
525673
525708
525742
525843
525855
525885
525942
526170
526200
526658
527234
527819
527911
527916
528565
528604
528631
529042
529239
529551
529601
529627
529642
529697
530089
530383
530437
530618
530640
530719
530991
531298
531631
531710
531992
532013
532444
532641
532645
532798
532857
533122
533127
533232
533233
533603
533823
533917
533994
534073
534253
534589
534597
534604
534821
534891
535715
535767
535829
536225
536925
537166
537307
537630
537652
537678
537709
537807
537947
538343
538523
538777
538803
539004
539026
539054
539181
539259
539456
539551
539642
539646
539700
539870
540397
540446
540547
540635
540852
540965
541197
541303
541321
541342
541420
541439
541457
541541
541902
542004
542056
542420
542424
542618
542792
542797
542873
543203
543219
543818
543878
543926
543987
544008
544236
544250
544400
544721
545066
545382
546183
546351
546550
546764
546820
546936
547166
547317
548000
548017
548083
548514
548814
548928
548971
549091
549438
549511
550165
550251
550421
550578
550626
550630
550644
550741
551069
551072
551086
551104
551196
551467
551707
551958
552106
552148
552319
553128
553289
553613
553913
554282
554294
554635
555136
555140
555267
555412
555490
555743
555807
556030
556070
556231
556508
556572
556612
556678
557009
557152
557310
557338
557355
557374
557448
557505
557531
557538
557728
557841
558476
558486
558600
558710
558760
558810
559066
559204
559372
559834
559847
560044
560231
560483
560658
560728
560925
561146
561318
561632
561725
561982
561993
562690
562735
562953
563044
563063
563175
563235
563260
563353
563837
563943
564081
564112
564385
564630
564747
564874
564924
564976
564978
565002
565040
565128
565441
565598
565840
565964
566256
566473
566555
566579
567004
567231
567819
567861
567918
567976
567996
568131
568470
568829
568854
568869
568900
569253
569331
569527
570070
570724
570781
571089
571100
571249
571356
571361
571465
571619
571994
572270
572328
572789
572869
572983
573568
574335
574358
574366
574789
574934
575016
575287
575346
575358
576175
576308
576381
576582
576723
576953
577197
577647
577869
577926
578065
578146
578207
578233
578269
578954
579028
579519
579521
579589
579716
579999
580196
580206
580317
580341
580443
580741
580764
580903
581024
581031
581181
581438
581492
581539
581545
581684
581751
582203
582255
582458
582739
582811
582820
582856
583083
583099
583227
583300
583484
583499
583531
583591
583943
584090
584188
584211
584269
584385
584844
584974
585007
585188
585217
585222
585226
585375
585571
585955
586030
586082
586414
586416
586464
586638
586694
586909
586956
586970
587162
587184
587241
587400
587404
587509
587650
587706
587837
588033
588234
588253
588289
588805
588844
588861
589711
589878
589939
590020
590151
590495
590503
590593
590598
590832
590926
591033
591220
591393
591400
591595
591696
591803
591932
591970
592076
592325
592347
592496
592514
592564
592915
593013
593360
593416
593506
593511
593740
593837
594137
594215
594306
594336
594510
594515
594742
594941
594943
595059
595195
595494
595582
595606
595912
595937
596029
596041
596144
596254
596327
596441
596751
596935
597026
597036
597184
597248
597299
597373
597376
597431
597921
598148
598539
598807
598861
599134
599317
599402
599410
599997
600656
600833
600944
601249
601559
601610
601799
601902
602001
602042
602411
602546
602606
602968
603146
603307
603411
603649
603786
604174
604329
604339
604563
604840
604851
604881
605159
605172
605735
605757
605907
605946
606390
606565
606752
606967
607050
607539
607700
607776
607850
608073
608320
608682
608908
608935
609207
609221
609266
609342
609423
609455
609613
609875
610172
610273
610701
610839
610871
610890
611114
611224
611254
611335
611381
611771
611975
612456
612486
612489
612549
612682
612781
612869
613007
613035
613090
613121
613323
613526
613554
613611
613784
613850
614032
614424
615006
615114
615269
615532
615595
615616
615637
616131
616161
616284
616680
616804
616970
617012
617410
617870
617951
618105
618231
618234
618326
618336
618404
618645
618839
618903
619083
619143
619302
619658
620105
620179
620314
620457
620486
620495
620635
620637
621233
621239
621242
621310
621464
621598
621928
622044
622106
622275
622292
622381
622419
622894
622996
622998
623046
623453
623496
623711
623945
624328
624776
624821
624871
625052
625158
625265
625358
625378
625572
625791
625861
626263
626494
626501
626529
626541
626764
627091
627134
627164
627391
627633
628123
628295
628624
629306
629550
629605
629672
629754
630121
630142
630256
630263
630472
630763
630821
630973
631144
631163
631639
631646
632245
632613
632621
633201
633335
633410
633556
633830
633963
633992
634084
634366
634664
635079
635244
635263
635269
635515
635672
635778
636430
636634
636689
636780
637017
637150
637367
637409
637660
637764
637915
637933
638017
638050
638219
638232
638377
638486
638688
638724
639611
639720
639744
639926
639981
640045
640183
640247
640373
640402
640428
640429
640518
640535
640673
640725
640830
641213
641331
641759
641853
641955
642143
642269
642425
642723
642745
643326
643383
643705
643769
643815
643981
644032
644076
644187
644205
644312
644358
644485
644561
644747
644807
644870
645664
645731
645861
646024
646194
646267
646367
646674
647005
647325
647863
647905
647998
648207
648293
648302
648317
648484
648581
648701
648723
648789
648954
649619
650044
650058
650091
650260
650491
650719
650742
650900
650957
650958
651123
651128
651175
651260
651554
651611
651699
651777
651780
652144
652196
652304
652843
653235
653238
653293
653350
653395
653449
653473
653489
653636
653910
654257
654414
654586
655055
655070
655076
655248
655520
655539
655636
655661
655678
655892
656341
656433
656599
656697
656754
656937
656974
657090
657138
657304
657837
657920
658002
658027
658702
658733
658982
659037
659063
659175
659298
659442
659669
659673
659725
659785
659856
660079
660100
660128
660410
660489
660506
660694
660742
660917
661130
661137
661457
661655
661961
662275
662846
663136
663362
663658
663916
663929
664339
664414
664450
664621
664760
664812
664846
664900
664918
665138
665154
665184
665205
665481
665484
665773
666079
666288
666289
666358
666419
666517
666557
666608
667465
667617
668016
668090
668117
668281
668441
668458
668661
668678
668678
668780
669115
669122
669320
669323
669433
669484
669516
669817
669942
670025
670098
670294
670809
670816
671080
671986
672056
672082
672292
672308
672509
672706
672735
672827
673004
673058
673251
673378
673744
673907
673928
674204
674478
674701
674744
674994
675052
676078
676138
676466
676629
676683
676688
677031
677096
677505
677508
677528
677722
677894
677913
678001
678454
678532
678584
678721
678841
678899
678934
679157
679167
679179
679254
679296
679315
679327
679432
679754
679841
680231
680363
680732
681394
681498
681612
682251
682280
682517
682801
682804
682850
683035
683084
683716
683823
683843
684014
684047
684371
684537
684648
684911
684978
685072
685307
685894
686055
686177
686211
686277
686433
686790
686930
687214
687457
687616
687638
687657
687885
687894
687908
687966
688434
688458
688891
688926
689237
689350
689477
689936
689970
690075
690138
690202
690361
690377
690426
690588
690685
690808
690902
690960
690994
691042
691285
691337
691396
691570
691585
691599
691750
692076
692129
692260
692540
692563
692726
693012
693143
693162
693171
693328
693373
693386
693434
693465
693559
694276
694372
694890
695043
695113
695266
695309
695331
695427
695551
695639
695718
695931
695943
696106
696342
696416
696778
696783
696839
697122
697396
697449
697546
698295
699003
699031
699097
699874
699911
700265
700284
700539
700609
700921
700925
701913
701988
701994
702146
702215
702339
702657
703049
703337
703345
703485
703492
703785
703915
704233
704279
704302
704651
704690
705296
705338
705452
705611
705709
705820
705848
706105
706164
706338
706426
706501
706632
706781
706944
706969
707189
707486
707587
707838
707988
708023
708055
708666
708692
708806
708806
708995
709003
709108
709149
709455
709818
709833
709874
710155
710175
710263
710385
710690
711289
711670
711698
711719
711746
711750
711771
711865
711946
712110
712117
712152
712369
712621
712729
713037
713421
713633
714047
714316
714441
714592
714603
714713
714720
714796
714961
715174
715382
715415
715838
716020
716116
716408
717079
717280
717307
717375
717398
717609
717623
718124
718195
718407
718962
719849
720053
720062
720335
720385
720618
720702
720925
721198
721234
721385
721572
721611
721641
721812
721844
721937
722110
722117
722248
722278
722318
722689
723021
723332
723603
723677
723755
723802
723915
724020
724076
724083
724148
724189
724229
724753
724772
724821
725210
725312
725325
725373
725462
725872
726308
726640
726646
726789
726861
727068
727302
727652
727790
728235
728355
728674
728677
729101
729118
729256
729315
729565
729930
730020
730341
730424
730488
730685
730768
730774
730889
730912
730927
731202
731283
731571
731613
731644
731706
731788
731840
731954
732042
732098
732142
732356
732379
732863
733189
733280
733645
733724
733742
734023
734052
734158
734286
734450
734460
734464
734588
734650
734657
734902
735319
735422
735540
735573
735590
735747
735777
735911
736175
736634
737100
738120
738301
738394
738443
738544
738838
738950
739023
739144
739215
739435
739645
739817
739838
739963
740128
740657
740691
740784
741069
741176
741212
741258
741284
741321
741799
742064
742276
742687
742689
742705
742812
743018
743170
743242
743263
743464
744020
744059
744634
744744
744863
744896
745118
745346
745502
745604
745911
746037
746039
746593
746659
746904
746982
747090
747235
747260
747277
747465
747719
747807
747878
748270
748649
748681
748991
749253
749304
749349
749379
749563
749582
749724
750653
750758
751341
751464
751504
751800
751841
751878
751996
752148
752304
752371
752406
752479
753273
753328
753475
753569
753705
753789
754289
754536
755029
755032
755185
755309
755313
755373
755578
755604
755728
756071
756480
756781
757054
757091
757529
757675
758180
758239
758255
758266
758270
758344
758374
758413
758639
758993
759235
759257
759434
759491
759581
759655
759783
759805
759835
759865
759906
759971
760625
760762
760937
761230
761435
761578
761593
761751
761803
761822
762058
762086
762213
762333
762588
762700
762988
763150
763309
763656
763771
763830
764836
764907
764942
765133
765158
765159
765575
765991
766025
766244
766304
767099
767129
767299
767554
767763
768048
768358
768469
768691
768850
768862
769018
769077
769201
769448
769508
769593
769680
769791
770143
770366
770508
770574
770888
770935
770952
771147
771176
771212
771213
771258
771339
771357
771761
771830
771902
771950
771954
772062
772602
772677
772810
772934
772964
772965
773117
773135
773278
773381
773397
773701
774152
774279
774306
774333
774378
774388
774454
774705
774865
774926
775069
775673
776478
776479
776507
776523
776624
776805
776822
777037
777620
777627
777673
777694
777772
778386
778613
778952
779139
779263
779375
779457
779474
779596
779930
779947
780150
780154
780268
780899
781376
781392
781813
782332
782661
783075
783852
783898
784219
784286
784575
784638
784873
784893
784896
785141
785290
785369
785570
785648
786008
786453
786595
786804
787393
787452
787466
787579
787595
787723
787765
787797
787819
787940
788065
788270
788414
788475
788527
788570
788696
789001
789018
789136
789272
789892
790352
790429
790619
791076
791224
791236
791298
791310
791423
791743
791891
791910
792259
792282
792483
792507
792537
792650
792875
793215
793362
793763
793784
793881
794576
794623
794715
794789
794911
794939
795015
795221
795388
795590
795646
795927
795961
796138
796436
796474
796962
797163
797588
797614
797641
797984
798238
798415
798578
798581
798617
798684
798751
798771
798863
798866
799336
799553
799716
799717
799730
799795
799804
800380
800471
800548
800656
800755
800820
800865
801026
801056
801163
801371
801371
801399
801605
801684
801751
801927
802274
802386
802499
802832
803286
803326
803390
803654
804019
804109
804126
804193
804241
804419
804422
804587
805042
805204
805247
805696
805806
805825
805975
806123
806174
806215
806273
806463
806631
806632
806700
806745
807169
807318
808002
808221
808593
808692
808953
809012
809114
809175
809499
809670
809938
810116
810118
810370
810399
810422
810760
810838
811057
811224
811236
811407
811574
811575
811808
811821
811843
811866
811890
812066
812082
812543
812616
812633
812843
812890
813014
813307
813405
813533
813593
813819
813877
813908
813924
814433
814522
814783
814905
814990
815047
815322
815463
815511
815800
815816
816153
816675
816705
816706
817445
817501
817510
817831
817882
818024
818177
818191
818225
818295
818376
818699
818722
818814
818995
819244
819247
819282
819286
819539
819565
819813
819897
820111
820254
820473
820476
820497
820668
820708
821184
821300
821384
821576
821592
821678
821705
822013
822608
822712
822726
822756
822800
822890
822969
823038
823101
823145
823247
823250
823265
823517
823543
823638
823914
824046
824063
824210
824257
824274
824446
824450
824495
824531
825211
825325
825387
825663
825743
825765
825810
825892
825940
825963
826333
826597
826619
827268
827487
827697
827841
827960
828162
828178
828182
828183
828266
828487
828644
828658
828671
828724
829067
829218
829239
829730
829840
829913
829941
830058
830377
830415
830497
830678
830715
831094
831384
831895
832239
832268
832386
832564
832717
832758
832814
833107
833216
833262
833502
833624
833723
833834
833857
833896
833909
834047
834114
834394
834764
834909
835013
835068
835647
836118
836343
836681
836686
836745
837592
837691
837744
838026
838359
838675
838732
838875
839054
839063
839184
839197
839337
839506
839523
839558
839646
839919
839966
839988
840105
840359
840511
840622
840702
840718
841054
842063
842528
842814
842911
843254
843620
843735
844079
844201
844513
844576
844596
844602
844604
844678
844697
844876
845033
845075
845343
845445
845493
845530
845614
845689
845868
846271
846503
846811
846827
846895
846903
847119
847411
847505
847693
847858
848181
849292
849317
849900
849913
849915
850243
850479
850690
851150
851169
851214
851447
851595
851676
851758
852113
852157
852533
852756
852889
853003
853071
853178
853430
853509
854006
854149
854292
854330
854335
854613
854873
854897
855617
856139
856519
856767
857434
857454
857546
857594
857692
858022
858785
858918
858929
858976
859139
859297
859367
859417
859591
860172
861114
861230
861239
861296
861368
861489
861763
862032
862105
862160
862354
862428
862473
862640
862809
863059
863121
863131
863576
863787
863836
864095
864160
864174
864392
864658
864669
864735
864792
864797
864939
865312
865316
865459
865529
865531
866273
866309
866485
866532
866555
866672
866852
866859
867031
867127
867190
867321
867381
867570
867991
868042
868045
868248
868620
868975
869175
869596
869676
869815
869854
870016
870589
870616
870796
871071
871241
871359
871535
871847
871957
872019
872209
872511
872513
872670
872700
872797
872822
873044
873371
873400
873454
873465
873744
873895
873980
874352
874496
874543
874555
874559
874691
875174
875230
875244
875427
875810
875818
875837
876254
876262
876289
876729
876773
876836
877137
877154
877155
877214
877824
878102
878142
878211
878218
878451
878500
878689
878800
879812
879891
879937
880014
880155
880209
880394
880565
880602
880753
880862
880956
881187
881230
881531
881611
882161
882322
882575
883090
883345
883350
883377
883703
883805
883946
884007
884347
884539
884875
885025
885207
885211
885236
885483
885485
885750
885807
885867
885903
886201
886650
886667
886732
886785
886859
886873
886996
887300
887750
887761
887957
888011
888338
888581
888614
888686
888759
889038
889426
889436
889491
890040
890157
890211
890390
890450
890452
890710
890854
891336
891473
891655
891798
891920
892216
892286
892538
892759
892814
892856
892980
893157
893343
893574
893619
893668
894171
894190
894290
894585
894806
894999
895180
895212
895721
895918
896005
896085
896187
896428
896545
896678
896797
897463
897585
897785
898073
898119
898164
898185
898201
898272
898275
898367
898533
898834
898969
899128
899195
899255
899754
900063
900065
900246
900436
900546
900576
900703
900715
900788
901076
901083
901148
901698
901736
902252
902647
902739
903032
903046
903233
903362
903573
903683
903746
903929
904054
904330
904483
904726
905579
906076
906125
906369
906383
906503
906758
906781
906916
906917
906924
907212
907249
907378
907681
907936
908173
908370
908624
908750
908909
908915
909167
909177
909202
909228
909294
909898
909919
910166
911499
911537
911569
911620
911940
912074
912110
912437
912460
912667
912784
913135
913238
913298
913466
913556
913688
913714
913933
914024
914195
914696
914728
914933
914975
915352
915499
915615
915652
915815
915917
916583
916893
916951
917021
917060
917113
917166
917357
917533
917652
917708
917766
917810
917899
918027
918035
918151
918187
918402
918607
918643
918859
919072
919423
919425
919625
919635
919682
919909
919982
920577
920609
920672
920841
921091
921212
921517
921819
921864
921877
922032
922082
923086
923146
923163
923270
923321
923326
923475
924012
924397
924528
924603
924734
924780
924822
924883
924901
925222
925354
925825
926245
926541
926671
926787
926834
926847
927276
927295
927441
927614
927846
928254
928645
928857
928869
929329
929342
929452
929561
929677
929727
929797
930093
930556
930650
930752
930830
930855
930978
930989
930996
931351
931549
931558
932071
932232
932297
932485
932541
932631
932646
932712
932929
932944
933081
933292
933296
933438
933451
933563
933682
933854
933862
933889
934471
934771
935796
935918
936122
936193
936203
936268
936450
936518
936634
936887
937220
937783
937789
938098
938334
938487
938508
938684
938721
939130
939193
939936
940017
940463
940470
940572
940581
940785
940867
940937
940971
941548
941572
941995
942753
942788
942853
942924
942975
943176
943367
943574
943991
944061
944233
944314
944387
944434
944704
944770
945131
945138
945365
945660
945685
945786
945848
946133
946155
946543
946594
946793
946957
947041
947257
947297
947579
947772
947915
948265
948545
948670
948790
948850
949137
949156
949170
949224
949393
949402
949432
949627
949645
950199
950249
950483
951517
951621
951686
951734
951805
952058
952129
952554
952642
953114
953124
953139
953153
953298
953418
953466
953681
953702
953836
953869
953919
954038
954136
954168
954197
954225
954353
954499
954572
955336
955461
955617
955653
955875
956033
956144
956164
956221
956388
956479
956685
956744
956881
957026
957122
957208
957234
957533
957648
957973
958003
958034
958288
958454
958457
958496
958984
959383
959600
959688
959897
960106
960129
960135
960471
960634
960858
960992
961438
961470
961562
961585
961590
961594
961987
962341
962612
962819
962840
962898
963102
963668
963839
963904
963988
964159
964525
964628
964655
964876
965468
965488
965545
965648
965650
966131
966155
966267
966396
966486
966509
966524
966531
966715
966753
966759
966797
967119
967427
967517
967761
967860
968049
968745
969053
969109
969294
969488
969620
969658
969744
969781
970154
970242
970258
970295
970727
970999
971102
971150
971319
971457
971513
971574
971604
971616
972197
972213
972470
972907
972953
973029
973065
973106
973291
973356
973375
973423
973438
973449
973489
973535
973956
974094
974168
974313
974457
974662
974732
974764
974772
974777
974806
974955
975020
975289
975297
975354
975427
975719
975881
976220
976445
976516
976620
976719
976989
977229
977591
977884
978255
978473
978608
978757
979198
979213
979445
979670
979753
979850
979858
979978
980013
980044
980162
980336
980420
980433
980632
980942
980957
981537
981597
981631
981863
982005
982093
982313
982429
983569
984293
984638
984719
984798
985041
985179
985337
985745
986069
986099
986224
986403
986427
986511
986869
986979
987119
987264
987459
987637
987668
987738
987775
987799
987879
987990
988118
988128
988207
988462
988636
988988
989227
989897
990156
990183
990488
990694
990878
990882
990897
991091
991131
991205
991296
991384
991448
991669
991797
992056
992106
992339
992432
992446
992461
992483
992646
992704
992821
992833
992881
992921
992993
993458
993555
993633
993718
993781
993940
994105
994340
994921
994994
995185
995248
995375
995645
995951
996258
996300
996302
996571
996638
996731
996891
996906
997082
997199
997441
997521
997527
997667
997750
998123
998240
998444
998652
998757
998835
998854
999449
999539
999650
999860
999894
