91
160
201
335
412
642
782
784
919
923
1426
1553
2228
2237
2350
2562
2706
2757
2835
2881
2980
3054
3085
3166
3266
3280
3486
3614
3651
3798
3887
3920
3935
4029
4089
4207
4277
4290
4308
4329
4339
4559
5220
5365
5425
5562
5569
5634
5651
5736
5833
5882
6159
6174
6415
6441
6924
6971
7250
7691
7750
7960
7988
8233
8386
8403
8462
8486
8537
8630
8752
8821
8937
8943
9163
9233
9307
9712
10083
10229
10449
10582
10711
11078
11467
11474
11602
11661
12142
12415
12808
12952
13117
13318
13645
13740
13896
13932
14047
14192
14239
14329
14416
14493
14636
14669
14770
15028
15172
15516
15609
15939
16361
16943
17051
17055
17235
17251
17651
18406
18424
18440
18518
18545
18553
18606
18695
18746
18801
18883
19150
19222
19568
19639
19803
20144
20371
20382
20580
20648
20825
21152
21290
21345
21415
21523
21658
21719
21743
21760
21964
22027
22065
22145
22174
22337
22657
22739
22849
22891
22907
22992
23107
23163
23228
23337
23506
23631
23962
23974
24055
24312
24558
24632
24775
24792
25048
25086
25234
25292
25524
25534
25651
25686
25755
26069
26261
26278
26426
26464
26511
26785
26963
27119
27231
27262
27405
27421
27454
27538
27549
27574
27840
27955
28048
28138
28416
28654
28835
28843
29324
29586
29598
29640
29857
29888
30074
30264
30285
30293
30472
30766
30768
30930
31147
31169
31392
31423
31489
31743
32080
32123
32736
32936
32980
33002
33110
33158
33618
33653
33722
33766
33799
33956
34089
34163
34175
34312
34354
34770
34770
35342
35348
35922
36318
36448
36501
36969
37115
37792
37989
38335
38538
38580
38720
39047
39153
39565
39590
39635
39784
39907
40409
40783
40898
41053
41336
41456
41620
41653
41810
41894
41948
41991
42090
42661
42767
43273
43633
44148
44164
44717
44749
44870
44971
45086
45303
45537
45815
45899
45929
45937
46003
46024
46093
46182
46207
46516
46526
46799
46888
47175
47244
47276
47346
47352
47361
47398
47475
47764
47811
47885
47888
48009
48051
48077
48115
48297
48361
49145
49217
49288
49312
49332
49463
49896
50037
50276
50594
50886
51075
51126
51345
51370
51458
51492
51554
51730
51734
51828
51840
51884
52136
52254
52335
52753
52960
52963
53061
53336
53369
53634
53644
53781
53871
53982
54083
54215
54363
54404
54443
54447
54913
54947
55026
55049
55430
55518
55810
55859
56107
56217
56544
56589
56699
56825
56957
56966
56968
57269
57399
57570
57574
57805
57905
58040
58179
58468
58686
58859
59070
59358
59449
59715
60017
60165
60388
60618
60865
60880
60968
61037
61421
61424
61497
61598
61601
61665
61894
62217
62232
62265
62597
62873
63125
63230
63922
64383
64750
64759
64895
65023
65129
65138
65333
65452
65463
65480
65524
65827
66013
66086
66556
66597
66605
66761
67089
67154
67398
67511
67699
67699
68439
68720
68729
69128
69161
69365
69448
69853
69987
70040
70227
70236
70368
70391
70420
70449
70543
70630
70900
71101
71417
71468
71683
71755
71907
72251
72364
72684
72901
72944
72991
73107
73177
73203
73300
73344
73393
73726
73892
73966
74009
74253
74288
74515
74611
75337
75501
75620
75655
75786
76070
76100
76230
76329
76489
76835
77077
77384
77606
77635
77674
77822
77899
77919
77946
77993
78163
78240
78298
78460
78534
78782
78796
79266
79423
79570
79756
79983
80054
80171
80293
80312
80516
80550
80668
81130
81183
81184
81260
81265
81288
81355
81484
81692
81757
81875
81963
82178
82180
82237
82244
82301
82427
82525
82866
82885
83039
83112
83182
83317
83654
83754
83807
83876
83961
84016
84093
84120
84150
84212
84280
84339
84526
84618
84758
84863
85153
85327
85486
85618
85713
85859
85887
86033
86369
86476
86621
86627
86818
87048
87048
87110
87446
87613
87617
87665
87727
87746
87760
87947
87966
88128
88162
88169
88203
88504
88576
88581
88615
88667
88691
89133
89376
89420
89524
89734
89805
89969
90010
90205
90218
90243
90284
90327
90356
90358
90368
90416
90467
90559
90726
90726
90809
91049
91109
91317
91461
91494
91516
91928
91940
92048
92090
92325
92340
92413
92415
92729
92804
93095
93243
93286
93612
93631
93710
93750
93853
93854
93927
94028
94228
94364
94527
94635
95248
95265
95558
95610
95888
95977
96201
96223
96390
96425
96836
97018
97094
97277
97358
97363
97411
97529
97603
97639
97758
98321
98512
98588
98593
98820
98836
98953
99104
99109
99338
99487
99627
99670
99679
99727
99896
99925
99948
100012
100044
100145
100208
100513
100693
100767
100809
101381
101493
101580
101977
102021
102025
102061
102064
102393
102879
102929
103058
103392
103496
103638
103652
103760
103893
103964
104166
104183
104349
104493
104501
104642
104860
105108
105195
105316
105395
105875
106162
106619
106705
106883
107281
107449
107814
107893
107910
107990
108184
108578
108614
108802
108876
109088
109116
109172
109279
109448
109502
109545
110205
110270
110460
110498
110633
110940
110958
111168
111266
111289
111328
111770
111782
112045
112261
112332
112336
112536
112899
113252
113274
113385
113485
113614
113769
113782
113921
114124
114489
114554
114558
114628
114769
114860
115104
115148
115706
115741
115755
115757
115924
115971
116257
116365
116594
116727
116819
117133
117308
117402
117413
117472
117540
117732
117733
117967
117984
118012
118056
118283
118576
118696
119028
119044
119081
119195
119226
119280
119303
119359
119378
119596
119665
119760
119827
120140
120147
120190
120266
120321
120492
120606
120831
121244
121561
121698
121746
121922
121941
122172
122404
122444
122814
122889
123026
123523
123628
123729
123794
123833
124300
124332
124490
124680
124786
124923
125113
125158
125769
125820
125830
126053
126160
126174
126273
126306
126816
126846
127036
127138
127239
127446
127884
127988
128073
128295
128468
128763
128783
128858
129025
129051
129268
129281
129457
129590
129806
129806
129820
130020
130059
130106
130188
130248
130314
130383
130572
130625
130746
130857
130881
130922
130952
131028
131048
131186
131239
131266
131319
131425
131522
131749
131783
131817
131879
131901
131990
132122
132267
132374
132391
132431
132510
132554
132779
132787
132840
132860
133066
133076
133118
133142
133326
133463
134107
134245
134353
134421
134711
134740
134928
135033
135183
135243
135302
135385
135434
135520
135672
135709
135755
136116
136207
136305
136394
136507
136543
136759
136764
136934
136966
137109
137270
137374
137738
137828
137828
137949
138543
138591
138599
138660
138755
138790
138826
138931
139183
139197
139299
139306
139610
139716
139999
140144
140787
140788
141615
141693
141841
142558
142595
142687
142708
143105
143194
143231
143296
143438
143879
143918
143986
143998
144049
144264
144282
144637
144746
145166
145265
145527
145577
145711
145778
146022
146183
146248
146433
146450
146536
146602
146627
146775
147157
147167
147272
147378
147406
147452
147558
147598
147768
147817
148318
148510
148609
149083
149274
149353
149378
149748
149764
149767
149893
149990
150014
150116
150176
150419
150495
150570
150667
150772
150794
150973
150994
151010
151039
151100
151329
151340
151413
151590
151740
152084
152127
152258
152472
152498
152562
152765
152782
152863
152921
152971
153434
153483
153521
153646
153785
154051
154197
154231
154381
154397
154418
154585
154769
155024
155062
155431
155980
156021
156061
156144
156188
156242
156362
156387
157031
157095
157104
157367
157441
157648
157671
157982
158033
158123
158176
158221
158229
158455
158716
158733
158763
158796
158808
159119
159238
159524
159543
159549
159661
159668
159829
159967
160162
160289
160319
160332
160593
160765
161185
161200
161891
162194
162233
162234
162391
162412
162453
162577
162581
162648
162666
162732
162824
162937
162938
162952
163160
163356
163581
163926
163956
163996
164056
164166
164212
164322
164391
164460
164629
164650
164735
164875
164910
165003
165048
165256
165296
165335
165570
165621
165880
165881
166067
166254
166305
166311
166457
166464
166521
166528
166540
167249
167561
167574
167760
168004
168274
168302
168414
168492
169031
169155
169198
169373
169391
169499
169611
169632
169755
170033
170073
170079
170411
170642
170770
170946
171157
171218
171258
171310
171448
171486
171521
171722
171807
171831
172038
172145
172330
172370
172585
172967
173096
173120
173131
173230
173232
173286
173639
173884
173964
174053
174151
174229
174235
174588
174605
174643
174835
174917
175118
175184
175239
175656
175784
175797
175997
176102
176151
176190
176308
176355
176404
176585
176813
176949
177268
177294
177409
177420
177484
177666
177784
177798
177854
177917
178093
178138
178138
178364
178384
178411
178524
178651
178842
178865
178906
178940
178952
179142
179297
179312
179372
179398
179431
179432
179776
179884
180012
180233
180339
180436
180571
180670
180729
181091
181132
181172
181288
181369
181396
181556
181686
181854
182070
182072
182121
182382
182518
182520
182748
183008
183172
183223
183403
183427
183748
183772
184112
184249
184273
184546
184669
184674
185181
185460
185632
185909
186280
186293
186303
186533
186537
186627
186739
186912
187114
187237
187466
187652
187755
187830
187907
188454
188500
188631
188659
188691
188741
188907
188973
188977
189220
189236
189371
189486
189777
190169
190176
190207
190312
190621
190623
190803
191013
191407
191567
192032
192623
192986
193136
193197
193246
193354
193425
193754
193834
194032
194097
194108
194541
194571
194758
194854
194920
194964
194964
195054
195091
195112
195389
195754
196072
196147
196226
196348
196414
196506
196551
196556
196774
196844
197248
197293
197488
197588
197734
197948
197950
198322
198377
198804
198839
198873
199247
199276
199656
199775
199834
200043
200108
200465
200598
200877
200917
200944
200962
200988
201023
201178
201272
201433
201702
201864
202027
202097
202575
202673
202702
202772
202856
203044
203250
203413
203418
203421
203517
203601
203604
203612
203796
203832
203933
203995
204024
204090
204133
204159
204382
204721
204890
204928
204953
205137
205174
205445
205569
205606
205927
205954
206092
206093
206243
206245
206385
206594
206697
206923
206955
207018
207066
207133
207137
207287
207345
207826
207851
207854
207941
208026
208106
208169
208177
208194
208591
208720
208978
209086
209220
209270
209499
209755
209763
209804
210077
210307
210605
210851
210874
210919
210937
211013
211069
211465
211838
211880
212327
212357
212415
212420
212654
212713
212957
213063
213152
213436
213565
213703
213896
214035
214087
214312
214498
214552
214930
215029
215046
215171
215228
215292
215802
215954
216063
216279
216366
216667
217096
217209
217478
217767
217778
217782
217967
218173
218395
218440
218447
218609
218650
218808
218834
219138
219270
219672
219899
219924
220004
220136
220199
220245
220302
220666
220798
220982
220987
221051
221098
221167
221349
221510
221590
221898
222020
222045
222176
222357
222429
222635
222760
223293
223307
224052
224245
224278
224348
224435
224493
224614
224909
225291
225330
225444
225462
225695
225770
225771
226030
226173
226259
227104
227555
227605
227680
227792
227805
228122
228168
228207
228345
228348
228391
228531
228907
228949
229053
229182
229208
229396
229407
229447
229487
229769
229838
230045
230417
230512
230587
230670
230677
230762
231174
231211
231263
231297
231479
231539
231722
232109
232209
232261
232322
232601
232699
232804
232841
233178
233207
233388
233406
233490
233534
233552
233641
233826
233872
233882
234564
234581
234683
234838
234854
234895
234932
234935
234960
235255
235311
235336
235417
235469
235530
235570
235657
235690
235731
235788
235861
235995
236104
236130
236526
236590
236669
237053
237059
237148
237684
237770
237965
238007
238373
238436
238555
238644
238763
238897
238911
238990
239035
239206
239214
239406
239577
239733
240098
240140
240378
240424
240540
240738
240901
240907
240959
241153
241169
241193
241365
241381
241529
241619
241847
241926
242570
242726
242880
242997
243194
243195
243319
243394
243418
243535
243608
243678
243737
243933
243967
244083
244614
244624
244769
244918
245117
245241
245268
245398
246280
246286
246339
246340
246861
246973
247171
247453
247512
247541
247651
247817
247894
247914
247933
247988
248018
248103
248106
248253
248543
248659
248728
248771
248802
248910
249272
249401
249677
249866
249921
250155
250551
250585
250657
250754
250950
250985
250993
251159
251170
251331
251462
251602
251875
252164
252182
252222
252451
252554
252646
252779
252829
252859
252962
253181
253198
254417
254519
254722
254723
255030
255122
255184
255282
255380
255388
255485
255755
255755
255827
255836
255948
256059
256098
256251
256315
256364
256435
256449
256462
256606
257060
257104
257321
257364
257365
257506
257604
257615
257738
257788
257890
257944
257985
257985
258032
258036
258082
258104
258347
258550
258918
258945
258953
259339
259587
259596
259633
259959
259966
260174
260253
260400
260421
260641
260736
260749
260817
260924
260934
261798
261922
262011
262232
262323
262399
262449
262737
263085
263295
263304
263377
263439
263546
263655
263811
263880
264003
264345
264394
264646
264720
264786
264799
264879
264917
265149
265155
265408
265603
265757
265950
266227
266429
266713
266723
266801
267016
267376
267515
267534
267633
268060
268138
268286
268289
268693
268793
268900
269107
269129
269236
269536
269759
269850
269860
270258
270403
270425
270652
270655
270703
270723
270737
270778
270829
271247
271282
271326
271440
271529
271555
271751
271821
272053
272124
272136
272487
272719
273061
273113
273232
273232
273521
273539
273672
273817
274203
274574
274791
274796
274954
274977
274985
275163
275337
275349
275359
275571
275584
275720
275825
275992
276119
276192
276229
276377
276430
276618
276757
276807
276891
276979
277085
277268
277523
277529
277785
277803
277832
278097
278258
278401
278419
278668
278735
278764
278851
279097
279224
279852
279947
280069
280170
280276
280298
280531
280641
280698
280971
281278
281518
281524
281526
281527
281679
281883
282104
282188
282273
282304
282364
282608
282699
282860
282864
282967
283085
283169
283272
283317
283355
283356
283503
283525
283550
284042
284365
284385
284606
284624
284799
285019
285069
285107
285157
285506
285613
285790
286113
286133
286134
286297
286452
286836
287087
287253
287414
287429
287700
287718
287752
287783
287783
288011
288115
288131
288314
288319
288364
288599
288981
288990
289136
289143
289223
289226
289379
289533
289918
290267
290278
290644
290798
290815
290815
291105
291158
291169
291228
291229
291624
291687
292054
292182
292364
292490
292573
292797
292901
292963
293020
293138
293162
293295
293367
293711
293921
294191
294254
294529
294605
294754
294806
294830
294866
294930
294950
294972
294989
295012
295014
295238
295494
295584
295694
295712
296078
296227
296240
296241
296308
296610
297116
297166
297173
297214
297305
297500
297509
297635
297663
298028
298030
298049
298209
298320
298386
298541
298905
298916
299031
299389
299412
299646
299671
299719
299725
299845
299856
299891
300281
300380
301019
301019
301303
301473
301823
301826
301829
302061
302744
302907
303285
303611
303710
303784
303893
303947
304044
304132
304167
305180
305248
305283
305588
306089
306211
306302
306348
306404
306591
306794
306806
307219
307403
307443
307582
307594
307726
307733
308010
308259
308597
308600
308696
308765
308808
308941
309209
309433
309468
309592
309823
310053
310279
310332
310382
310487
310531
310531
310594
310770
310890
310908
310983
311414
311453
311508
311538
311950
312006
312293
312769
312804
312908
312974
312984
313075
313271
313327
313349
313384
313391
313400
313678
313815
314069
314219
314302
314653
314708
314728
314753
314810
315094
315121
315320
315382
315430
315444
315512
315537
315701
315761
315771
315774
315842
316098
316109
316431
316520
316653
316714
316948
317218
317269
317286
317286
317491
317709
317794
317845
317916
318033
318098
318182
318207
318527
318580
318700
318725
318832
318924
318998
319097
319373
319400
319421
319576
320322
320417
320436
320571
320664
320874
320911
320940
321197
321430
321519
321839
322062
322172
322185
322234
322294
322480
322638
322745
322766
322860
322994
323429
323476
323628
323803
324384
324478
324892
325181
325261
325270
325347
325490
325596
325874
325929
325985
326090
326279
326297
326861
326896
327223
327249
327371
327420
327438
327712
328005
328010
328855
329015
329177
329225
329457
329584
330332
330551
330679
330844
330956
330959
331054
331092
331127
331157
331283
331355
331401
331550
331653
331666
331742
331754
331792
331915
332144
332283
332322
332496
332576
332721
332932
332960
333354
333390
333747
333813
333852
334084
334110
334318
334528
334528
334534
334608
334877
334952
335004
335118
335138
335207
335212
335356
335364
335391
335414
335738
335872
336218
336263
336355
336404
336522
336613
336795
336922
336979
337059
337157
337361
337416
337721
338251
338547
338563
338754
338898
339208
339239
339313
339317
339409
339468
339872
339953
340117
340120
340185
340503
340791
340791
340803
340816
340921
340957
341203
341360
341508
341729
341823
341856
343010
343048
343121
343142
343154
343205
343233
343391
343402
343537
343563
343693
343952
343952
344084
344088
344294
344426
344512
344756
344824
345050
345083
345319
345369
345446
345978
345987
346047
346377
346459
346632
346730
346910
347025
347119
347137
347188
347514
347684
347816
347839
347878
347900
347926
348073
348166
348193
348203
348422
348967
348996
349095
349239
349740
349855
349973
350018
350023
350064
350066
350501
350520
350589
350765
351064
351254
351301
351314
351403
352011
352166
352323
352529
352720
352984
352995
353037
353150
353252
353349
353370
353406
353502
353504
353842
353966
354346
354351
354392
354411
354689
354696
354791
354956
354958
355357
355470
355812
356103
356159
356453
356669
356703
357069
357260
357374
357412
357506
357535
357660
358231
358328
358452
358520
358528
358589
358652
358751
359135
359568
359696
359825
360024
360025
360236
360382
360459
360721
360796
360918
360922
361139
361194
361201
361490
361512
361738
361915
362231
362303
362793
362892
362953
362965
363252
363674
363690
364008
364291
364300
364754
364801
364987
365102
365198
365209
365279
365538
365798
365850
365961
366462
366466
366552
366566
366848
366879
367211
367443
367609
367631
367686
367733
367981
368295
368317
368365
368722
368940
368981
368997
369109
369182
369188
369409
369764
369898
370007
370108
370129
370142
370317
370338
370500
370551
370677
370841
371119
371409
371497
371520
371828
371847
371950
371979
372430
372596
372649
373371
373767
373780
373824
374112
374438
374461
374544
374639
374782
374875
374909
374947
375036
375086
375262
375279
375351
375446
375549
375827
375870
375891
376104
376123
376236
376256
376454
376501
376542
376654
376766
376868
376921
376947
377132
377586
377620
377913
378033
378037
378246
378374
378468
378843
379392
379563
379760
379866
380196
380327
380554
380564
380708
380793
381046
381102
381239
381450
381498
381520
381686
381765
381991
382083
382094
382385
382434
382666
382933
383123
383125
383176
383293
383322
383347
383405
383616
383623
383704
383803
383866
383882
383935
384113
384115
384188
384194
384459
384509
384565
384580
384596
384673
384756
384871
384941
385009
385240
385261
385262
385452
385459
385558
385649
385676
385882
385971
385992
386096
386132
386237
386246
386309
386351
386429
386430
386522
386554
386606
386776
386832
386915
387080
387292
387455
387589
387721
387813
388102
388126
388192
388219
388269
388297
388361
388492
388521
388543
388647
388690
388720
389015
389272
389442
389639
389708
389805
390131
390170
390345
390380
390489
390750
390942
391273
391330
391708
391732
391758
391850
391887
391892
392028
392041
392084
392173
392356
392520
392520
392595
393001
393014
393165
393329
393588
394245
394418
394522
394691
395240
395597
395748
395759
395892
395990
396031
396092
396190
396210
396482
396582
396607
396861
397160
397216
397684
398056
398186
398295
398476
398527
398605
398682
399012
399130
399259
399347
399378
400275
400588
400688
400839
400928
401005
401114
401177
401242
401709
401776
401815
401987
402033
402091
402106
402260
402325
402332
402337
402456
402589
402854
402926
403073
403170
403356
403778
404168
404183
404451
404828
404991
405329
405424
405472
405523
405560
405752
405842
405940
406023
406289
406591
406695
407158
407397
407547
407666
407949
407951
408028
408883
408932
409012
409209
409220
409221
409552
409599
409678
409712
410473
410555
410583
410658
410675
410677
410818
410830
410968
411043
411128
411221
411260
411292
411383
411571
411571
411658
411686
411923
411970
411990
412406
412490
412513
412693
412815
412822
412864
413111
413131
413200
413567
413769
413783
413949
414024
414170
414193
414283
414307
414775
414820
414849
414983
415033
415053
415061
415082
415106
415446
415462
415466
415813
416011
416016
416021
416177
416194
416337
416570
416693
416754
417089
417176
417219
417262
417302
417383
417470
417514
418031
418850
418987
419041
419441
419739
419811
419897
420116
420182
420267
420285
420371
420527
420698
420761
420842
420913
421273
421545
421554
421586
421624
421743
421768
421847
421848
422291
422368
422410
422573
422815
422873
423002
423029
423210
423232
423270
423324
423346
423361
423532
423591
423901
424103
424290
424308
424562
424762
424777
424855
424901
424962
425086
425285
425424
425477
425565
425566
425648
425710
425745
425763
426000
426101
426258
426417
426419
426548
426685
427090
427198
427338
427565
427568
427646
427810
427913
428249
428327
428594
428685
428725
428928
429034
429174
429277
429636
429769
430290
430387
430395
430495
430642
430661
430712
430912
431320
431355
431406
431520
431597
431730
431780
431844
431985
432002
432048
432054
432959
433076
433192
433210
433361
434002
434037
434055
434159
434197
434204
434289
434348
434603
434789
434901
434954
435247
435248
435644
435757
435935
436131
436258
436269
436456
436496
436699
436821
436918
436995
437062
437391
437555
437619
437826
438221
438289
438585
438802
438945
438955
438975
439030
439542
439551
439677
440197
440462
440840
441072
441142
441158
441251
441383
441479
441907
442013
442130
442189
442331
442349
442454
442668
442711
442711
442949
442991
443060
443614
443957
444406
444490
444533
444719
444964
444981
445012
445181
445410
445773
445936
446083
446345
446629
446673
446692
446766
446811
446891
446938
447399
447430
447475
447485
447538
447774
447919
448190
448216
448258
448575
448588
448628
448703
448822
448877
448921
449054
449086
449306
449398
449720
450176
450257
450377
450834
450918
450957
450966
451024
451088
451121
451147
451187
451224
451261
451550
451642
451848
451920
451949
452345
452399
452669
452679
452831
452882
452964
453154
453428
453440
453487
453599
453702
454008
454209
454297
454426
454528
454560
454793
454960
454977
455131
455187
455404
455422
455453
455480
455493
455496
455540
455861
456099
456164
456205
456213
456956
457113
457141
457587
457696
457713
457964
458056
458118
458290
458493
458532
458597
458823
458979
459209
459392
459835
459837
459950
459984
460046
460066
460177
460221
460376
460476
460498
460637
460710
460783
460816
461665
461995
462325
462596
462842
462890
463584
463641
464006
464253
464369
464414
464480
464489
464594
464722
464913
465228
465389
465489
465912
465985
466139
466198
466336
466726
466792
466911
466916
467439
467710
467937
468084
468133
468152
468251
468300
468329
468443
468931
469092
469168
469235
469501
469539
469776
469996
470038
470038
470247
470318
470329
470466
470637
470661
470721
470760
470792
470911
471045
471400
471458
471630
471674
471763
471881
471919
472086
472263
472399
472453
472497
472522
472669
472711
472987
472987
473072
473183
473619
473661
473827
473955
473970
474015
474154
474171
474246
474700
474708
474919
475566
475570
475763
475872
475900
476232
476281
476507
476567
476581
476616
476753
476996
477316
477402
477853
477954
478377
478404
478492
478499
478787
479178
479224
479388
479618
479637
479653
479767
479939
480152
480466
480587
480833
481020
481343
481429
481624
481677
481905
481978
481985
482011
482132
482267
482330
482409
482515
482640
482659
483096
483286
483311
483311
483347
483454
483619
483650
483705
483840
483850
484019
484603
484609
484948
484957
484991
484995
485093
485136
485224
485518
485752
485802
486332
486357
486375
486441
486594
486675
486877
486906
486983
487036
487113
487176
487295
487549
487999
488080
488224
488872
489198
489289
489322
489515
489617
489626
489842
490090
490121
490206
490278
490310
490376
490699
490736
490895
491808
491915
492027
492077
492156
492171
492312
492362
492451
492830
493133
493194
493212
493417
493429
493686
493693
493705
493714
494206
494237
494249
494274
494291
494402
494693
494703
494867
495061
495236
495505
495627
496095
496119
496211
496328
496502
496715
496885
496926
496941
497034
497069
497413
497484
497794
497911
498050
498131
498396
498586
498886
499096
499463
499535
499704
499809
499901
499948
499964
499992
500023
500074
500099
500298
500388
500407
500577
500711
501013
501145
501355
501622
501805
502011
502073
502078
502516
502637
502738
502859
502989
503263
503729
503776
503847
503976
504031
504101
504112
504192
504278
504488
504767
505059
505064
505266
505278
505387
505555
505679
506049
506241
506275
506433
506825
506862
506965
506975
507211
507216
507242
507628
507659
507778
508176
508234
508299
508476
508482
508489
508544
508614
508938
508997
509246
509494
509862
510060
510368
510526
510729
511132
511164
511183
511468
511656
511673
511683
512190
512265
512746
512957
513146
513190
513446
513547
513595
514117
514509
514761
514896
514974
515000
515519
515715
515865
516186
516208
516299
516338
516364
516414
516502
516523
516618
516912
517014
517277
517451
517766
517949
517954
518278
518467
518472
518503
518509
518782
518834
518991
519226
519409
519914
520060
520327
520332
520416
520705
520783
520947
521026
521072
521194
521281
521332
521481
521517
521756
521759
522020
522389
522420
522553
523019
523110
523118
523243
523298
523309
523416
523592
523611
523645
523719
523944
524059
524143
524231
524256
524394
524396
524485
524492
524563
524814
524827
524886
525039
525057
525188
525206
525461
525469
525509
525524
525526
526101
526411
526642
526698
526727
527034
527080
527341
527447
527673
527983
528067
528091
528438
528604
528706
528787
528850
529081
529381
529399
529668
529710
529783
529828
529838
529969
530006
530022
530262
530360
530367
530471
530534
530729
530838
530874
530917
530952
531130
531348
531614
531771
532053
532114
532115
532640
532734
532756
532789
533033
533264
533411
533468
533488
533522
533930
534081
534191
534684
534759
534914
534926
534956
535323
535536
535744
535847
535952
536003
536156
536547
536613
536700
536734
537151
537890
537951
538052
538065
538072
538094
538120
538410
538419
538428
538619
538901
539331
540011
540258
540430
540538
540702
540737
540800
540881
541043
541101
541109
541726
542096
542241
542330
542340
542429
542678
542779
543235
543590
543622
544192
544213
544452
544618
544953
545087
545294
545381
545447
545622
545681
546057
546095
546264
546830
546831
546840
546870
546996
546997
547085
547264
547292
547417
547561
547949
547988
548216
548328
548364
548379
548380
548440
548718
548969
549069
549235
549273
549277
549345
549393
549419
549422
549447
549759
549805
549821
549823
549875
550185
550349
550538
550623
550677
550921
550974
551121
551139
551156
551328
551450
551574
551583
551745
551969
552045
552191
552714
552932
552952
553633
553751
553943
554051
554162
554244
554311
554701
554920
555067
555305
555438
555784
555879
556146
556168
556383
556422
556474
556511
556585
556609
556633
556657
556835
556946
557285
557486
557609
557611
557669
557749
557753
557931
557969
558059
558396
558407
558543
558745
559013
559066
559331
559524
559611
559795
560129
560230
560239
560355
560402
560598
560640
560764
560843
560895
560971
561223
561234
561463
561528
561634
561792
561977
562072
562262
562305
562741
562806
562958
563003
563008
563033
563075
563118
563121
563318
563448
563454
563503
563721
563794
564060
564080
564148
564231
564272
564312
564459
564585
565189
565494
565723
566096
566106
566156
566168
566382
566520
566546
566675
566694
566859
566971
567051
567439
567779
567885
567952
567968
568149
568475
568592
568638
568668
568700
569029
569093
569433
569603
569628
569711
569801
569815
570043
570172
570332
570444
570461
570471
570571
570940
571062
571587
571669
571834
571953
572133
572278
572322
572630
572688
572726
572950
573191
573219
573687
573739
573744
573759
573768
573852
573926
573941
573967
574003
574082
574160
574207
574383
574527
574535
574737
575010
575522
575565
575852
576015
576049
576198
576330
576368
576507
576539
576591
576793
576813
576828
576896
576974
577003
577052
577058
577166
577197
577230
577406
577559
577582
577910
578034
578050
578192
578281
578313
578637
578671
578739
578990
579228
579257
579553
579673
579689
579694
579718
579957
580439
580565
580682
580878
580950
580997
581061
581633
581784
581834
581933
582340
582453
582560
582569
583046
583103
583241
583325
583534
583982
584183
584378
584534
584612
584696
584765
584784
584826
584909
585195
585279
585402
585612
586090
586206
586419
586634
586676
587066
587114
587279
587596
587680
587858
587868
588073
588253
588307
588498
588576
588680
588942
589006
589532
589879
590288
590334
590617
590711
590918
590977
591080
591888
592138
592253
592317
592345
592652
592682
592767
592778
593361
593503
593652
593824
593894
593952
594042
594236
594278
594314
594324
594360
594431
594442
594870
594932
595381
595468
595679
595717
595727
595837
595969
596098
596161
596417
596782
596958
597074
597139
597185
597252
597311
597391
597450
597476
597609
597828
597873
598126
598167
598198
598392
598895
599077
599126
599147
599662
600078
600078
600112
600236
600395
600446
600495
600496
600520
600727
600765
601027
601203
601283
601472
601504
601570
601597
601813
601990
602119
602469
602708
602765
602910
602916
603058
603103
603238
603493
603504
603541
603632
603738
604027
604283
604306
604423
604649
604664
604670
604842
604923
605018
605347
605439
605847
605933
606146
606192
606241
606429
606685
606899
607016
607248
607295
607538
607742
607758
607806
607831
607863
607866
607920
608084
608293
608349
608353
608514
608801
609019
609383
609440
609500
609728
609787
609828
609930
610169
610216
610325
610458
610537
610620
610629
610737
610783
610946
611008
611185
611246
611284
611294
611342
611497
611578
611631
611730
611754
612028
612078
612386
612387
612733
612737
612815
612909
612969
613298
613441
613792
613798
614048
614056
614104
614153
614321
614355
614401
614492
614759
614810
614997
615075
615161
615214
615439
615603
615662
615754
616050
616153
616252
616253
616568
616866
616912
616925
617009
617275
617343
617460
617692
618163
618231
618239
618261
618454
618590
618971
619064
619134
619282
619412
619442
619684
619824
619828
620046
620239
620425
620573
620592
620594
620720
620859
620878
621048
621053
621117
621280
621452
621695
622129
622317
622350
622595
622653
622899
622997
623077
623100
623131
623315
623358
624098
624157
624274
624446
624618
624622
624926
624982
625106
625233
625732
625764
625834
625969
626011
626046
626393
626538
626919
627175
627239
627384
627530
627854
628035
628085
628352
628526
628654
628668
628829
628835
628890
629187
629425
629532
629564
629591
629710
630056
630125
630246
630318
630319
630392
630432
630619
630928
631145
631334
631421
631715
632069
632448
632476
632559
633287
633293
633328
633485
633519
633557
633637
633658
633799
633890
633937
633959
634214
634320
634437
634453
634777
634927
635004
635205
635394
635725
636199
636414
636545
636591
636733
636786
636928
637008
637016
637314
637538
637745
637780
637866
638209
638706
638726
638744
638781
638963
638989
639297
639325
639595
639785
639826
639970
640060
640095
640164
640583
640964
641123
641287
641483
641675
641790
641979
642175
642786
642996
643023
643123
643149
643490
643538
643556
644326
644398
644602
644958
645057
645197
645219
645256
645306
645398
645527
645542
645545
645865
645998
646092
646419
646537
647447
647495
647524
647597
647617
647698
647839
647851
647899
647931
647992
647997
648038
648101
648125
648260
648455
648465
648488
648592
649269
649273
649605
649660
649709
649851
650157
650348
650549
650724
650758
650801
651018
651219
651475
651481
651499
651527
651633
651673
652569
652750
652754
652796
652836
653361
653519
653529
653698
654348
654510
654698
655103
655122
655126
655210
655271
655284
655296
655366
655490
655594
655649
656001
656285
656326
656467
656783
656973
656986
657035
657041
657436
657645
657814
657923
658088
658095
658353
658591
658610
658692
658729
658747
658797
658923
659087
659116
659278
659359
659855
659957
660022
660554
661040
661069
661070
661093
661130
661335
661407
661459
661494
661791
662012
662171
662353
662732
662950
662977
663363
663467
663622
663726
663915
664281
664519
665100
665239
665275
665371
665614
665802
665929
665933
665972
665983
666107
666346
667030
667041
667061
667098
667110
667212
667241
667259
667488
667506
667537
667592
668083
668138
668643
668850
668951
669210
669257
669441
669471
670052
670149
670268
670277
670352
670466
670634
670728
670778
670867
670913
671013
671136
671137
671167
671261
671277
671367
671382
671623
671686
671716
671732
671888
672134
672541
672951
672969
673467
673768
673905
673923
674053
674070
674188
674231
674616
674799
674801
674943
675114
675306
675342
675450
675658
676177
676529
676825
676894
676902
676910
677047
677099
677162
677230
677550
677625
677643
677754
677777
677869
678125
678131
678239
678505
678614
678850
678877
679213
679512
679542
679643
679782
679784
680645
680677
680807
681074
681365
681367
681406
681571
682240
682314
682724
682763
683369
683487
683762
683907
683922
684046
684055
684210
684240
684361
684539
684584
684709
685247
685557
685625
685772
685791
686085
686186
686291
687011
687034
687584
687708
687759
687950
688074
688116
688397
688436
688522
688638
688825
688879
689174
689189
689230
689459
689483
689505
689549
689701
690061
690448
690492
690555
690567
690590
690603
690826
690958
691178
691198
691287
691380
692254
692960
693002
693046
693114
693355
693497
693723
694018
694242
694325
694544
694609
694764
694824
694873
695012
695026
695043
695190
695329
695419
695809
696172
696296
696312
696501
696695
696723
696848
697309
697881
697886
697921
698096
698238
698286
698480
698508
698603
698862
698896
698941
698978
698995
699039
699378
699514
699688
699753
699899
700147
700710
700760
701089
701173
701333
701353
701381
701526
701723
701865
702003
702013
702048
702100
702244
702260
702501
703012
703163
703248
703342
703507
703800
704315
704352
704364
704523
704740
704796
704847
704942
705027
705101
705367
705449
705660
705706
705722
705811
705932
706069
706071
706373
706486
706498
706654
706698
706754
706804
706912
707028
707144
707191
707228
707235
707388
707683
707763
707855
707892
708229
708445
708522
708732
708864
708919
709003
709037
709237
709349
709388
709482
709790
709949
710053
710269
710405
710518
710533
710619
710653
710677
710798
710967
711413
711441
711463
711470
711523
711906
711983
712193
712202
712204
712380
712410
712445
712459
712857
712900
712996
713132
713185
713220
713904
714206
714272
714499
714751
714784
715111
715358
715420
715463
715489
715853
716082
716229
716445
716469
716688
716837
716948
717008
717009
717025
717195
717198
717429
717472
717581
717625
717778
717857
718138
718203
718239
718294
718480
718505
718505
718547
718604
718787
718972
719253
719614
719919
720043
720457
720465
720613
720651
720891
720979
721026
721048
721083
721218
721250
721337
721630
721700
721966
722079
722087
722341
722647
722648
722756
723112
723598
723823
723866
723932
724120
724197
724384
724552
724837
724860
724890
724950
725098
725111
725439
725780
725812
726008
726434
726547
726556
726632
726831
726949
727237
727240
727396
727460
727599
727667
727699
727701
727922
727960
728504
728532
728595
728885
729321
729454
729505
729562
729569
729588
729871
729911
730071
730101
730365
730567
730576
730994
731306
731307
731360
731496
731839
732314
732768
732937
733459
733605
733720
733804
733846
734500
734590
735109
735746
735784
735967
736074
736183
736266
736512
736530
736624
736689
736702
736755
736886
736918
737024
737038
737046
737064
737923
738246
738443
738492
738731
739001
739061
739101
739596
739810
739929
739949
740019
740141
740295
740297
740989
740994
741068
741316
741725
741829
741869
741965
742032
742086
742302
742340
742566
742621
742864
742907
742992
743051
743570
743661
743682
743782
743890
744355
744600
744811
744858
744875
745198
745306
745320
745414
745430
745533
745645
745694
745961
746161
746365
746383
746575
746874
746917
746974
747011
747117
747689
747754
747757
747870
748091
748136
748233
748600
748988
749018
749043
749074
749657
749700
749715
750086
750217
750298
750307
750313
750861
751159
751353
751447
751503
751661
751813
752069
752230
752349
752359
752459
752675
752999
753075
753101
753142
753336
753349
753433
753624
753659
753663
753973
754123
754273
754380
754924
755084
755111
755217
755528
755628
755754
756470
757056
757103
757108
757280
757506
757626
758124
758366
758376
758493
758552
758640
758672
758864
758898
758940
758947
759377
759487
759602
759898
759929
760152
760443
760515
760565
760628
760836
760873
761135
761254
761257
761487
761530
761657
761733
761811
761998
762028
762032
762098
762111
762410
762414
762422
762469
762483
762721
762806
763176
763429
763441
763568
763593
763596
763608
763672
763740
763804
763872
763939
764078
764779
764789
764821
764842
765053
765407
765446
765464
765541
765547
765654
765732
765941
765975
766020
766174
766503
766699
766729
766906
767054
767138
767180
767189
767431
767441
767455
767484
767639
767769
767892
768225
768526
768726
768834
768988
769107
769280
769348
769404
769519
769939
770032
770130
770220
770232
770253
770321
770437
770489
770525
770562
770678
770690
770830
770951
770960
771330
771334
771338
771370
771560
771603
771657
771813
772025
772051
772095
772273
772337
772521
772586
772744
772953
773087
773096
773108
773274
773460
773531
773612
773718
773927
774183
774359
774434
774478
774595
774806
775119
775214
775292
775326
775574
775606
775624
775624
775672
775836
776348
776962
777182
777245
777345
777355
777361
777417
777623
777754
777882
777884
777896
777903
778069
778080
778925
779146
779635
779690
779940
780022
780067
780073
780148
780361
780635
780687
780702
780718
780835
780900
780909
780945
781036
781261
781310
781361
781783
781981
782296
782513
782535
782823
783067
783139
783373
783493
783540
783587
783718
783817
783940
783985
784076
784265
784504
784563
784626
784803
784803
784931
785079
785250
785265
785331
785476
785594
785827
785862
785938
785986
786420
786585
786677
786681
786706
786779
786977
787004
787111
787218
787391
787523
787768
787794
787827
787956
788115
788162
788506
788611
788628
788712
788775
789005
789179
789219
789312
789634
789691
789713
789858
790347
790589
790904
790970
791050
791425
791441
791626
791738
791915
792236
792495
792713
793053
793135
793141
793308
793403
794149
794494
795064
795217
795252
795632
795768
795977
795986
796080
796507
796522
796641
796695
796796
797168
797461
797493
797690
797967
797996
798023
798035
798070
798141
798246
798325
798331
798339
798339
798691
798707
798888
799011
799100
799153
799289
799326
799551
799591
799649
799827
799890
800025
800037
800046
800121
800433
800754
801026
801062
801150
801342
801706
801724
801749
801890
801952
802188
802307
802577
802774
802833
802911
802985
802987
803027
803093
803221
803258
803482
803820
803997
804337
804409
804446
804508
804517
804595
804615
804745
805074
805179
805318
805599
805678
805692
805761
805977
806472
806943
807020
807081
807134
807248
807484
807571
807620
807975
807976
808098
808122
808463
808720
808835
809115
809143
809540
809776
809788
809876
809894
810008
810102
810292
810516
810568
810854
811172
811233
811540
811782
811882
812138
812143
812312
813042
813071
813392
813592
813724
813942
814014
814044
814103
814112
814223
814281
814889
815045
815056
815266
815273
815320
815455
815515
815879
816148
816249
816271
816347
816470
816508
816510
816559
816578
816758
816810
816869
816901
816963
817530
817733
817907
817924
818123
818137
818193
818211
818246
818286
818297
818381
818427
818604
818688
818854
819053
819092
819364
819492
819724
820055
820299
820385
820486
820650
820686
820735
820999
821013
821085
821398
821425
821639
821903
822075
822224
822348
822616
822639
822792
823018
823190
823244
823598
823704
823801
823806
823891
824040
824445
824559
824576
824825
825015
825074
825418
825810
825845
825898
825972
825972
825974
826000
826056
826082
826127
826208
826392
826677
826994
827002
827144
827202
827611
827672
827900
827963
828321
828379
828386
828439
828526
828567
828636
828916
829028
829152
829408
829549
829603
829730
829877
829956
830086
830243
830450
830542
830887
830890
831023
831146
831373
831688
831813
831864
831926
832181
832270
832791
832880
833638
833753
833800
834131
834309
834423
834533
834886
834932
835133
835366
835934
836395
836528
836759
837112
837202
837290
837439
837543
837932
838202
838375
838706
838714
838806
838816
839223
839471
839478
839538
839673
839771
840365
840508
840590
840627
840793
840952
841158
841282
841369
841376
841418
841572
841721
841743
841940
842159
842228
842230
842239
842753
843070
843287
843351
843411
843450
843881
844097
844843
844893
844974
845225
845256
845746
845787
845788
845960
845963
846240
846519
846650
846847
847062
847110
847288
847334
847608
847794
848113
848162
848210
848390
848502
848629
848719
848855
848934
848983
849048
849142
849260
849404
849500
849713
849939
850096
850289
850547
851175
851182
851497
851619
851721
851830
852054
852100
852206
852303
852437
852468
852472
852879
852910
852950
853099
853147
853333
853376
853394
853528
853679
854093
854177
854341
854568
854754
854761
854792
854823
854995
855169
855281
855606
855656
855859
856050
856133
856830
857315
857505
857851
857976
858351
858368
858415
858541
858586
858741
859021
859116
859174
859204
859230
859423
859433
859635
859671
859738
859794
859796
859820
860180
860352
860446
860456
860515
860948
861102
861172
861310
861832
861987
862187
862280
862329
862365
862373
862778
862860
862871
863057
863058
863198
863791
864047
864116
864449
864578
864813
865098
865169
865722
865766
865785
865882
865909
865920
865966
866721
866830
867020
867038
867563
867643
867804
867821
868243
868340
868521
868610
868702
868846
869132
869187
869201
869361
869381
869384
869479
869521
869541
869626
869711
870038
870056
870126
870511
870529
870869
870937
871200
871376
871467
871535
871570
871725
871857
871858
871982
871984
872192
872336
872395
872671
873060
873075
873464
873934
874034
874049
874166
874196
874200
874242
874303
874374
874455
874473
874507
874948
875368
875437
875454
875880
875928
876128
876257
876407
876599
876653
876762
876769
876864
876899
877267
877275
877316
877461
877561
877607
877632
878064
878125
878255
878766
878821
878875
879129
879171
879464
879467
879518
879663
879679
879946
880004
880072
880106
880186
880235
880282
880457
880541
880813
881117
881117
881190
881192
881323
881923
882011
882102
882135
882337
882485
882561
882663
882714
883193
883417
883475
883773
883979
883997
884049
884142
884232
884542
884587
884616
884923
885017
885244
885275
885510
885563
885648
885712
885752
885760
885765
885972
886153
886201
886372
886533
886541
886795
887102
887436
887612
887634
887667
887835
888088
888160
888226
888432
888514
888545
888624
888649
888904
889137
889565
889917
889951
890001
890134
890325
890857
890881
891334
891482
891559
891701
891721
891901
892042
892050
892060
892121
892319
892356
892386
892781
893074
893142
893289
893801
893937
893947
894147
894254
894284
894377
894449
895117
895368
895868
896001
896063
896071
896311
896927
897170
897286
897374
897488
897563
897768
897857
897924
898263
898305
898746
898799
898878
898958
899012
899133
899151
899278
899381
899421
899570
899789
900162
900201
900229
900445
900838
900896
900910
901041
901226
901343
901520
901598
901792
901865
901929
902232
902303
902329
902538
902855
903504
903542
903602
903605
903984
904173
904381
904396
904499
904520
904941
905075
905226
905496
905725
905737
905886
906172
906201
906245
906369
906756
906810
907115
907172
907753
907811
907974
908174
908206
908211
908315
908476
908570
908624
908674
908801
908848
909155
909204
909340
909375
909451
909575
909668
909678
909701
909981
910140
910161
910406
910475
910669
910722
911255
911332
911514
911742
912081
912214
912450
912981
913101
913158
913342
913521
913545
913619
913916
914050
914118
914176
914258
914266
914321
914425
914861
915116
915278
915394
915508
915691
915906
916023
916055
916471
916560
916594
916625
916798
917093
917174
917176
917225
917301
917302
917311
917342
917392
917509
917619
917653
917807
917922
917986
918160
918285
918382
918390
918664
918741
918909
919169
919415
919525
919571
919642
919776
919781
919870
919965
920281
920581
920694
920707
921046
921076
921125
921326
921358
921655
921732
921846
921860
921992
922230
922813
923028
923061
923117
923246
923294
923347
923416
923688
923936
923997
924004
924043
924162
924296
924561
924629
924651
924826
925339
925376
925406
925602
925663
925696
925702
925793
925813
925814
926065
926129
926247
926340
926451
926881
926895
926955
927106
927329
927334
927486
927575
928052
928212
928429
928723
928871
928886
929033
929206
929313
929662
929711
929932
929966
929969
930217
930447
930452
930622
930655
930737
930805
930946
930949
931093
931237
931436
931444
931626
931732
931974
931979
932036
932160
932345
932511
932562
932978
933110
933185
933360
933418
933564
933731
933740
933749
933992
934083
934107
934149
934428
934437
934532
934546
934998
935074
935325
935457
935480
935578
935651
935716
935857
935970
936121
936233
936245
936446
936501
936597
936797
936881
936886
937153
937188
938037
938066
938075
938287
938295
938574
938626
939061
939463
939463
939612
939767
940166
940370
940390
940409
940527
940546
940549
940706
940736
940994
941200
941264
941309
941569
941657
941714
941803
942074
942129
942403
942669
942820
942926
942966
943044
943046
943161
943277
943369
943536
943569
943668
943835
944037
944220
944585
944717
944756
944762
944765
945133
945401
945498
945650
945693
945809
945822
945832
945850
946105
946461
946876
946927
946930
947250
947398
947408
947430
947643
948040
948065
948599
948656
948690
948722
948873
949078
949124
949326
949508
949562
949748
950437
950459
950492
950589
950590
950609
950628
950682
950720
950727
950830
951323
951450
951772
951802
951940
952036
952051
952175
952303
952475
952726
952849
952917
953002
953007
953375
953685
953797
953958
953973
954116
954229
954294
954798
955015
955188
955224
955454
955815
957119
957209
957226
957292
957413
957430
957452
957481
957864
957964
958244
958400
958508
958573
958803
958874
959247
959291
959664
960357
960409
960558
960838
961014
961026
961053
961060
961294
961385
961723
962034
962244
962248
962280
962341
962622
962796
963141
963169
963259
963311
963320
963425
963476
963561
963564
964096
964243
964285
964402
964420
964479
964519
964583
964720
964741
965296
965534
965585
965651
965704
965761
966168
966351
966692
966753
966798
966931
967040
967336
967391
967414
967491
967506
967742
967888
967997
968035
968094
968130
968332
968338
968359
968592
968646
968669
968692
968795
968798
969115
969143
969145
969304
969397
969597
969815
969836
969851
970321
970570
970870
971131
971268
971859
972226
972369
972638
972672
972927
972994
973140
973157
973427
973710
973904
974005
974071
974260
974389
974435
974447
974478
974645
974895
975055
975174
975220
975321
975349
975577
975620
975801
975958
976006
976042
976193
976358
976537
976583
976733
976839
977110
977421
977465
977527
977545
977646
977757
977789
978073
978085
978274
978283
978822
978823
978944
979035
979069
979209
979698
979706
979759
980365
980615
980653
980688
980747
980833
980900
980944
981409
981456
981778
981779
981928
981966
982253
982500
982506
982657
982960
983059
983190
983313
983383
983389
983446
983511
983607
983627
983695
983902
983907
983938
984535
984737
984864
985296
985316
985683
985830
985846
985972
985982
986224
986284
986308
986421
986422
986636
986932
987096
987142
987672
987705
987763
988125
988223
988634
988645
988725
988930
989065
989497
989502
989652
989755
990412
990590
990640
990762
991893
992163
992169
992169
992192
992344
992468
992875
992955
993191
993634
993694
993740
993751
994080
994209
994489
994536
994680
994782
994914
994972
995006
995141
995636
995917
996060
996189
996605
996734
996835
996840
996903
997018
997045
997054
997340
997486
997583
997591
998185
998256
998347
998617
998621
998661
998806
999065
999088
999166
999277
999461
999530
999613
999829
999890
999994
999999
