64
220
265
489
530
711
738
874
977
1086
1167
1178
1291
1354
1456
1547
1563
1849
1883
2031
2240
2323
2495
2586
2639
2706
2740
2798
2830
3170
3311
3352
3485
3507
3598
3613
3626
3660
3716
4086
4141
4782
4970
5025
5146
5257
5331
5418
5475
5564
5899
6232
6281
6338
6370
6727
6865
7126
7188
7231
7287
7533
7620
7822
7834
7868
8060
8091
8315
8435
8447
8569
8790
8820
9123
9613
10134
10163
10858
10866
11073
11095
11123
11126
11418
11481
11814
11840
12082
12504
12643
12790
13031
13115
13301
13435
13822
13955
14119
14183
14269
14333
14443
14484
14495
14856
14921
14927
15026
15325
15360
15452
15465
15711
15927
15994
16612
16853
16912
16982
16994
17232
17759
18115
18185
18286
18446
18527
18742
18899
18937
18943
19297
19312
19738
19943
20343
20443
20844
20849
20925
21260
21269
21291
21766
21927
21932
21934
22062
22115
22322
22353
22579
22670
22675
22695
22731
22763
22817
22946
22956
23085
23182
23328
23370
23446
23718
23862
23950
24053
24097
24278
24287
24337
24566
24614
24661
24709
24890
25166
25208
25288
25292
25600
25694
25858
26016
26082
26327
26385
26541
26580
26603
26844
26844
26892
26940
27015
27188
27289
27353
27397
27648
27759
27799
27840
27875
27939
28082
28133
28276
28582
28868
28916
28938
28971
29117
29433
29484
29616
29676
29689
29766
29769
30119
30138
30183
30318
30461
30614
30634
30988
30991
31200
31635
31944
32094
32122
32339
32646
32689
32712
32894
32947
32964
33204
33263
33316
33474
33561
33599
33747
34069
34192
34337
34391
34419
34891
34926
34967
35067
35187
35412
35569
35686
35767
35799
36123
36137
36154
36334
36491
36717
36735
36927
36937
37052
37172
37224
37321
37397
37631
37650
37817
37854
38120
38161
38171
38286
38565
38663
38801
39069
39177
39241
39260
39266
39321
39393
39826
39848
39919
40107
40609
40802
40974
41009
41033
41036
41092
41237
41423
41452
41659
41787
41860
42000
42580
42772
42800
43017
43059
43068
43202
43452
43459
43533
43996
44070
44492
44665
44786
44802
44898
45046
45259
45842
46022
46294
46532
46638
46693
46713
46765
46829
46861
47070
47090
47143
47319
47415
47457
47496
47552
47769
48023
48060
48084
48143
48173
48738
48897
48940
49017
49192
49220
49332
49390
49569
50132
50263
50308
50436
50643
50695
50735
50786
50812
50836
50961
50963
51042
51084
51101
51180
51285
51332
51365
51600
51971
51980
52153
52241
52300
52311
52321
52367
52411
52462
52489
52556
52601
52729
52844
52938
53174
53257
53432
53602
53895
54062
54145
54339
54349
54596
54737
54765
54778
54945
54950
55058
55244
55331
55380
55620
55677
55890
56274
56480
56748
56783
57040
57151
57262
57292
57430
57441
57485
57633
57678
57680
57866
58074
58174
58496
58561
59037
59272
59313
59313
59388
59412
60420
60457
60552
60666
60853
60853
61087
61477
61495
61507
61525
61539
61603
61654
61754
61891
61929
61933
62043
62437
62514
62659
62746
62786
62952
63008
63273
63288
63309
63627
63913
64137
64212
64431
64436
64571
64636
64775
64798
64873
64986
65146
65173
65202
65302
65629
65680
65772
65918
66028
66812
66903
67011
67098
67163
67396
67408
67445
67524
67537
67881
67992
68708
68900
69030
69077
69390
69552
69594
69828
69885
69946
70224
70228
70314
70344
70354
70438
70497
70510
70528
70615
70644
70647
70679
70804
71355
71640
71712
71751
71766
71870
71980
72422
72437
72473
72603
72749
72986
73108
73641
73821
73890
73945
74152
74181
74248
74334
74451
74528
74818
74939
75023
75276
75342
75346
75383
75439
75442
75624
75884
76046
76076
76098
76114
76241
76487
76497
76509
76566
76635
76819
76873
76885
76888
76930
77225
77302
77506
77758
77928
77958
78283
78730
78739
78762
78834
78892
79365
79618
79777
79883
79954
80045
80053
80057
80164
80332
80570
80783
80932
81353
81401
81534
81897
82513
82592
82856
83071
83256
83263
83292
83557
83559
83680
83924
84032
84034
84191
84208
84349
84880
85074
85094
85201
85209
85314
85392
85606
85776
85852
85926
85986
86024
86072
86391
86530
86537
86613
86706
86860
86903
86970
87368
87415
87674
87812
87900
87961
88371
88398
88585
88690
88949
89054
89076
89288
89453
89564
89571
89605
89724
89959
90213
90222
90230
90385
90645
90655
90787
90977
91083
91210
91346
91358
91534
91905
91992
91992
92000
92009
92100
92120
92121
92254
92259
92756
92965
92965
92992
93042
93068
93087
93186
93266
93455
93554
93585
93877
93961
94172
94381
94435
94607
94696
94825
95267
95328
95342
95444
95499
95543
95681
95902
95925
96055
96160
96231
96234
96495
96772
96837
96964
97013
97184
97215
97359
97676
97732
97751
97840
98088
98179
98221
98233
98448
98598
98680
98782
98956
99203
99233
99269
99299
99342
99597
99626
99856
100051
100088
100436
100554
100609
101209
101303
101434
101455
101480
101561
101657
101755
101814
101974
102131
102213
102259
102331
102366
102406
102406
102455
102594
102737
102851
102927
103257
103263
103462
103515
103580
104170
104231
104311
104413
104456
104488
104760
104769
105243
105423
105550
105642
106015
106280
106341
106424
106501
106572
106598
106670
106709
106848
107129
107138
107499
107804
107837
107905
108050
108188
108325
108354
108372
108376
108446
108472
108847
108882
109212
109394
109462
109537
109575
109581
109635
109759
110359
110385
110846
110866
110935
111066
111261
111293
111395
111409
111609
111669
111879
112024
112169
112208
112288
112373
112593
112620
112656
112665
112705
112730
112996
113018
113060
113329
113393
113474
113536
113662
113687
113694
113736
113897
114386
114456
114608
114727
114857
115247
115337
115411
115613
115737
115947
116047
116082
116125
116183
116329
116390
116445
116565
116959
117052
117096
117272
117381
117435
117457
117498
117597
117790
117943
117950
118049
118071
118109
118118
118216
118339
118520
118539
118594
118747
118826
118963
119029
119249
119253
119395
119534
119690
119801
119832
119959
120096
120159
120268
120320
120437
120483
120519
120599
120747
121278
121317
121379
121410
121521
121561
121773
121962
121963
122356
122613
122630
122667
122682
122830
122952
123063
123257
123297
123408
123610
123621
123909
123973
124000
124093
124222
124225
124368
124427
124617
124619
124747
124789
124878
124994
125000
125109
125176
125217
125324
125459
125600
125645
125703
126487
126508
126570
126680
126832
126957
126966
126988
127004
127007
127121
127123
127146
127146
127327
127696
127703
127706
127751
127880
127890
127948
127951
127963
127982
128323
128417
128437
128444
128446
128949
129050
129110
129141
129170
129362
129448
129469
129470
129512
129513
129812
129941
129993
130161
130387
130444
130633
130666
130808
130978
131336
131341
131410
131485
131497
131640
131690
131835
131981
132322
132371
132707
132737
132740
133025
133052
133058
133314
133373
133558
133691
133790
133808
133833
133835
133848
133922
133994
134106
134234
134315
134592
135006
135119
135121
135124
135495
135736
135745
135836
136037
136256
136468
137228
137360
137390
137546
137621
137719
137759
137908
137925
137985
138291
138648
138691
138767
139094
139248
139423
139719
139816
140029
140489
140744
140868
141205
141293
141392
141614
141622
141707
141859
142074
142184
142222
142235
142301
142369
142486
142683
142684
142703
142764
142870
142968
142985
143349
143559
143665
143960
144028
144055
144077
144077
144444
144464
144504
144624
144663
144678
144780
144799
144936
144969
144971
145018
145061
145359
145439
145505
145559
145669
145735
145781
145923
145954
145962
146094
146103
146233
146376
146407
146420
146421
146459
146540
146563
146645
146672
146889
146987
147080
147088
147153
147311
147319
147748
147772
148032
148161
148430
148471
149020
149113
149131
149518
149565
149636
149754
149826
150166
150407
150538
150579
150846
150850
151243
151281
151444
151549
151687
151771
151852
151917
152350
152598
152791
152937
152981
153072
153173
153433
153634
153671
153677
154078
154089
154140
154197
154298
154343
154536
154602
154617
154640
154799
154802
154826
154922
155127
155136
155183
155364
155521
155627
155650
155699
155874
156023
156111
156239
156311
156373
156547
156558
156693
156880
156901
157241
157282
157387
157481
157757
157858
157891
158066
158210
158363
158401
158408
158436
158457
158746
159065
159223
159338
159441
159500
159579
159631
159712
159719
159733
159929
160162
160225
160247
160254
160373
160397
160540
160730
160750
160760
160827
160851
160873
161164
161396
161426
161481
161544
161645
161854
161890
162106
162258
162316
162341
162469
162692
162827
162863
162902
163040
163233
163336
163523
163692
163967
163983
164139
164189
164431
164555
164605
164939
165012
165013
165271
165377
165378
165474
165581
165656
165679
165689
165782
165784
165884
165896
165907
165962
165964
166100
166156
166174
166276
166348
166446
166487
166754
166881
166978
167194
167298
167322
167347
167475
167579
167639
167736
167915
167927
167975
167992
168301
168365
168410
168419
168501
168508
168672
168775
168799
168814
168937
169420
169489
169764
169773
169784
170085
170397
170810
170826
171020
171087
171375
171412
171561
171688
171769
171770
171919
171971
172199
172283
172313
172325
172386
172542
172542
172582
172796
173111
173170
173208
173253
173259
173271
173475
173499
173702
174005
174206
174560
174664
174687
174804
174848
174851
174911
174950
175072
175214
175290
175324
175385
175422
175428
175491
175823
176037
176101
176167
176231
176251
176306
176385
176510
176655
176982
177061
177163
177192
177218
177300
177445
177543
177632
177637
177643
177732
177766
177796
177960
178038
178169
178342
178377
178591
178828
178869
179119
179182
179626
179680
179707
179843
179849
179974
180035
180094
180134
180657
180685
180701
180731
180928
180963
181014
181079
181161
181308
181316
181419
181763
181905
181988
182215
182438
182685
182687
183151
183247
183281
183423
183855
184223
184470
184485
184611
184639
184646
184702
184725
184942
185020
185038
185067
185115
185149
185219
185284
185291
185377
185387
185478
185669
185672
185733
185909
186104
186120
186645
186676
186972
187018
187231
187419
187444
187521
187554
187887
187916
188025
188076
188490
188494
188532
188662
188695
189293
189342
189683
190025
190041
190298
190527
190574
190662
190894
190895
190897
191050
191343
191420
191454
191473
191575
191625
191689
192002
192164
192254
192648
192832
192856
192896
192965
193103
193161
193409
194101
194224
194248
194282
194397
194581
194620
194756
194938
194952
194983
195018
195214
195214
195287
195360
195501
195560
195568
195699
195707
195831
195835
196210
196332
196422
196635
196647
196737
196804
196865
197132
197156
197196
197320
197453
197463
197506
197657
197890
198076
198091
198191
198192
198275
198316
198348
198444
198452
198614
198681
198887
198963
199102
199111
199260
199321
199586
199835
199987
200014
200242
200413
200420
200472
200510
200805
201050
201063
201182
201198
201293
201502
201653
201700
201744
201762
201820
201836
201912
202047
202084
202323
202381
202402
202475
202523
202886
203237
203315
203366
203468
203547
203830
203969
204291
204444
204686
204688
204781
205274
205329
205473
205624
205661
205799
205864
205930
206239
206325
206352
206405
206574
206791
207042
207268
207294
207495
207523
207773
207807
207891
207911
208080
208203
208312
208358
208599
208607
208783
209044
209248
209310
209347
209639
209678
209712
209807
209939
210050
210059
210096
210369
210589
210677
210739
210752
210912
210917
211065
211071
211086
211099
211101
211198
211430
211433
211592
211646
211700
211707
211830
212103
212111
212305
212401
212700
212794
212927
213105
213111
213123
213309
213343
213573
213580
213599
213668
213702
213866
213898
213906
214007
214020
214132
214179
214205
214442
214444
214451
214487
214623
214668
214672
214679
214732
214786
214982
215009
215012
215019
215462
215485
215554
215723
215725
215943
216218
216277
216343
216593
216768
216844
216894
217055
217142
217223
217263
217342
217356
217389
217491
217694
217790
218006
218082
218208
218239
218253
218268
218393
218556
218560
218659
218745
218808
219514
220236
220416
220445
220492
220523
220560
220923
220990
221122
221608
221763
221786
221817
221840
221924
221968
222328
222386
222387
222442
222647
222817
222875
223022
223270
223500
223587
223908
224196
224278
224336
224414
224436
224438
224473
224534
224555
224779
224867
224929
224946
224982
225058
225156
225237
225253
225488
225740
225747
225833
225904
225907
225934
225993
226032
226281
226409
226437
226714
226927
226967
226974
226975
227426
227487
228047
228360
228682
228786
228859
229145
229704
229812
229883
230033
230039
230145
230161
230185
230216
230286
230309
230331
230375
230418
230521
230861
231128
231146
231283
231298
231365
231837
231856
231882
231922
231933
232030
232606
232996
233107
233135
233223
233235
233306
233340
233489
233550
233657
233710
233724
234139
234258
234411
234443
234478
234604
234672
234708
234729
234754
235485
235506
235608
235641
235656
235794
235836
235883
235897
236083
236112
236135
236185
236418
236422
236883
237034
237042
237091
237259
237379
237383
237542
237695
238075
238150
238200
238397
238504
238527
238535
238675
238725
238737
238873
239047
239154
239684
239920
239992
240043
240049
240137
240212
240245
240257
240308
240696
241143
241203
241241
241324
241340
241456
241698
241755
241869
242040
242105
242336
242501
242564
242718
243060
243173
243319
243342
243556
243621
244103
244112
244185
244229
244343
244415
244482
244554
244649
244834
245074
245504
245532
245557
245945
246164
246199
246224
246268
246279
246312
246606
246630
246667
246720
246977
247134
247194
247275
247428
247536
247892
248179
248214
248428
248761
248860
248892
248914
249082
249219
249340
249408
249634
249899
250058
250277
250359
250401
250770
250809
250819
250837
250988
251310
251316
251406
251501
251744
251882
251907
251994
252006
252289
252295
252332
252390
252395
252517
252560
252769
252906
252912
252933
253055
253485
253677
253837
253847
253999
254082
254612
254672
255206
255214
255274
255291
255344
255610
255639
255673
255738
255822
255889
255966
255970
256062
256166
256245
256264
256353
256469
256471
257312
257345
257403
257464
257531
257546
257636
257919
258011
258134
258741
258862
258895
258947
259029
259094
259190
259290
259370
259523
259684
260146
260180
260504
260515
260785
260831
260976
261176
261279
261394
261396
261404
261454
261688
261696
262088
262123
262168
262197
262229
262432
262454
262543
262561
262768
263002
263617
263629
263659
263906
264157
264538
264847
264875
264961
265087
265100
265247
265521
265602
265631
265697
265746
265790
265879
266057
266249
266311
266368
266450
266614
266625
266782
266929
267217
267373
267393
267446
267513
267608
267850
267876
268076
268173
268237
268363
268709
268950
268979
269176
269186
269188
269260
269291
269409
269608
269696
269826
270081
270182
270711
270766
270944
271103
271452
271453
271649
271755
271785
271891
271911
271974
272085
272172
272192
272386
272432
272510
272606
272614
272828
272889
272953
272970
273132
273556
273631
273782
273878
274025
274160
274236
274259
274339
274467
274487
274577
274618
274655
274997
275220
275346
275747
276130
276319
276472
276644
277058
277121
277212
277244
277560
277749
277841
277919
278070
278117
278142
278287
278623
278962
279126
279134
279152
279154
279236
279587
279649
279658
279674
279683
279768
279869
280012
280234
280410
280438
280589
280624
280745
280980
281152
281171
281255
281594
281768
281825
281899
281921
281941
282196
282204
282227
282675
282740
283011
283198
283263
283270
283384
283429
283438
283448
283655
283656
283924
284043
284175
284226
284779
284841
285091
285337
285417
285668
285756
285825
285894
285942
286019
286119
286129
286143
286362
286560
286597
286830
286896
286994
287093
287268
287452
287503
287615
287628
287646
287662
287762
287883
287987
288000
288081
288116
288148
288715
288786
288903
288964
288973
289117
289398
289605
289618
289761
290216
290528
291089
291106
291144
291147
291310
291622
292040
292085
292135
292144
292278
292376
292400
292548
292579
292586
292620
292773
292904
293044
293120
293637
293767
293847
294312
294359
294480
294541
294807
294852
294874
294875
294917
294926
295299
295376
295404
295500
295506
295561
295676
295807
295812
295915
296020
296079
296080
296295
296320
296349
296563
296596
296862
296908
296966
297017
297036
297076
297153
297221
297227
297672
297706
297829
297895
298153
298155
298172
298666
298676
298689
298922
299213
299672
299673
299676
299724
299882
300251
300307
300340
300406
300659
300793
300806
300851
300890
300918
301005
301024
301174
301360
301366
301521
301528
301688
301735
301749
301776
301832
301913
302144
302295
302578
302594
302647
303152
303476
303477
303582
303631
303764
303809
303931
304032
304038
304060
304209
304563
304790
304980
305230
305232
305236
305248
305275
305295
305487
305573
305611
305867
306002
306024
306294
306396
306419
306421
306596
306661
306691
306719
306767
306930
306994
307084
307203
307223
307238
307304
307541
307590
307753
307919
307976
308070
308076
308126
308267
308312
308486
308530
308555
308563
308741
309169
309436
309512
309673
310020
310270
310608
310888
310892
311078
311229
311714
311744
311783
311847
311930
311948
312389
312753
312914
312964
312983
313023
313089
313500
313559
313609
313975
313978
314101
314135
314199
314223
314252
314347
314397
314771
314773
314787
314820
314825
315053
315059
315169
315270
315385
315549
315557
315638
316036
316170
316176
316297
316364
316640
316805
316893
316980
317060
317077
317193
317335
317657
317778
317929
318139
318234
318283
318315
318320
318371
318483
318546
318581
319315
319730
319851
319938
320229
320269
320539
321213
321380
321421
321589
321603
321606
321976
321982
322380
322401
322423
322702
323119
323403
323489
323720
323730
323822
324010
324081
324603
324623
324913
324959
325619
326081
326317
326369
326499
326517
326571
326593
326627
326686
326748
327062
327077
327281
327351
327365
327430
327444
327570
327576
327777
327803
327897
327909
328117
328260
328299
328769
328813
328828
329045
329509
329514
329521
329615
329840
329943
329958
330014
330023
330044
330142
330281
330296
330434
330746
330927
331042
331267
331391
331453
331629
331908
331956
332225
332256
332628
332855
332874
332899
333218
333490
333816
333822
334393
334526
334548
334601
334772
335041
335173
335342
335465
335753
335769
335840
336021
336201
336236
336246
336339
336722
336818
336848
336944
337286
337542
337554
337685
337719
337731
337784
337875
337897
337903
337958
338194
338209
338240
338264
338725
338736
338869
339083
339134
339136
339378
339669
339942
340029
340140
340256
340279
340319
340425
340505
340655
340709
340744
340845
341994
342062
342075
342157
342181
342246
342340
342415
342745
342933
343187
343240
343459
343617
343629
343886
343944
344088
344257
344390
344537
344627
344824
344993
345136
345398
345776
346081
346322
346341
346561
346589
346622
346668
347071
347401
347948
348027
348248
348253
348259
348422
348584
348625
348799
349025
349084
349085
349488
349614
349635
349703
349764
349942
350019
350020
350115
350171
350188
350395
350406
350435
350506
350587
350595
350733
350803
350950
351428
351578
351858
352175
352401
352504
352551
352599
352625
352696
352746
352931
353071
353150
353241
353267
353304
353475
353609
353647
353656
353685
353765
353860
353956
354017
354358
354395
354775
354817
354844
354949
354993
355125
355394
355757
355814
355992
356097
356165
356201
356641
356785
356912
357126
357142
357225
357255
357518
357556
357557
357659
357804
357977
358025
358209
358314
358417
358461
358630
358661
358846
358897
358957
358991
359196
359259
359289
359369
359543
359563
359660
359687
359712
359998
360207
360462
360832
360868
360893
361290
361608
361712
361738
361773
362142
362287
362349
362423
362497
362567
362747
363127
363149
363245
363278
363493
363596
363620
363669
363827
363839
364261
364261
364312
364453
364535
364763
364787
364865
365021
365076
365207
365330
365417
365423
365910
366302
366354
366556
366768
367029
367151
367177
367219
367360
367513
367547
367724
367893
367987
368110
368323
368532
368577
368786
368849
368858
368982
369163
369229
369559
369585
369679
369798
369854
370029
370164
370492
370541
370848
370910
370952
370990
371159
371528
371617
371799
371836
371851
371864
372109
372194
372387
372604
372607
372828
372992
373148
373269
373322
373368
373425
373425
373430
373442
373448
373518
373662
373729
373842
374203
374388
374591
374605
374616
374624
374691
375175
375456
375599
375659
375827
375956
375967
376113
376122
376180
376188
376451
376453
376607
376741
376799
376882
376959
377225
377339
377531
377600
377825
377879
378043
378074
378078
378172
378190
378210
378576
378684
378976
378991
379295
379578
379699
380073
380235
380392
380431
380453
380662
380820
380981
381223
381961
382095
382239
382359
382457
382477
382524
382531
382590
382609
382809
382863
382869
383147
383170
383330
383409
383454
383468
383617
383670
383727
383891
383994
384130
384531
384536
384543
384598
384614
384620
384676
384743
384779
384854
384879
385265
385628
385695
385726
385777
385909
386114
386134
386616
386645
386788
386986
387003
387421
387502
387623
387651
387888
387958
388022
388095
388162
388216
388416
388482
388486
388618
388688
388765
388767
388823
388893
388999
389382
389486
389548
389598
389708
389807
389938
390074
390320
390564
390724
390911
391071
391089
391211
391266
391412
391443
391452
391613
391637
391783
391829
391829
391857
391893
392034
392083
392260
392348
392418
392618
392652
392764
392837
392845
392874
392927
393218
393419
393528
393568
393633
393681
393684
393716
393917
394089
394092
394342
394358
394420
394438
394440
394450
394745
394751
394795
394833
395056
395191
395258
395563
395715
395809
396046
396503
396632
396698
396706
396732
396859
396997
397133
397149
397206
397610
397648
397732
397807
397928
397931
397956
398045
398394
398442
398465
398579
399044
399053
399075
399426
399470
399540
399825
399836
399905
400077
400220
400237
400695
400737
400949
401045
401154
401248
401514
401553
401661
402015
402027
402427
402496
402533
402580
402604
402724
402774
402942
402981
403319
403342
403343
403420
403653
403772
403845
403883
403974
404578
404688
404746
404754
404839
404857
405274
405446
405613
405634
405666
405731
405759
405824
405920
406276
406466
406627
406806
406838
407079
407178
407261
407478
407487
407511
407911
407956
408005
408013
408244
408538
408975
409029
409109
409312
409314
409514
409545
409613
409676
409757
409901
409982
410184
410190
410315
410420
410725
410758
410972
411022
411173
411448
411454
411649
411701
411749
411969
412027
412239
412354
412460
412483
412741
412847
413053
413126
413176
413253
413425
413641
413650
413717
413919
414098
414263
414290
414432
414607
414642
414890
414903
415018
415028
415090
415171
415380
415467
415505
416104
416104
416353
417002
417051
417233
417487
417666
417688
417778
417818
417860
418126
418283
418292
418364
418573
418727
418926
419204
419277
419327
419383
419445
419537
419538
419669
419784
419874
419879
419945
420141
420363
420545
420557
420810
420819
421325
421518
421593
421610
421674
421738
421740
421817
421996
422065
422146
422200
422204
422278
422430
422704
422846
422975
423165
423549
423951
424092
424284
424312
424400
424688
424744
424764
424993
425252
425306
425307
425394
425573
425779
425829
426046
426054
426170
426216
426391
426407
426452
426473
426720
426759
426773
427155
427200
427205
427253
427459
427708
427854
427998
428011
428124
428150
428200
428296
428400
428441
428524
428561
428723
428892
428903
428914
428936
428962
428991
429138
429234
429408
429522
429936
430327
430339
430659
430903
431033
431053
431111
431112
431196
431473
431645
431881
431953
431960
431976
432039
432130
432175
432329
432345
432400
432624
432908
433125
433140
433152
433246
433493
433501
433572
433670
433681
433744
434057
434174
434419
434554
434651
434863
434923
434971
435032
435198
435210
435469
435538
435990
436063
436123
436206
436415
436544
436644
436708
436711
436819
436868
437067
437431
437705
437880
437925
438407
438589
438765
438889
438920
438931
438999
439037
439111
439132
439161
439189
439874
440363
440533
440793
440814
441052
441188
441280
441361
441432
441589
441602
442083
442464
442976
443084
443390
443566
443624
443642
443729
443923
444021
444083
444159
444170
444202
444204
444607
444685
444866
445239
445326
445366
445450
445863
445921
446002
446187
446354
446365
446420
446655
446668
447108
447114
447400
447436
447523
447581
447673
447691
447820
448030
448266
448366
448398
448600
448619
448663
448737
449176
449229
449275
449378
449462
449573
449615
449690
449825
449886
450262
450374
450486
450751
450757
450908
450913
451082
451164
451326
451565
451584
451679
451783
451871
452298
452409
452535
452544
452604
452633
452722
452769
452971
452992
453060
453108
453209
453420
453439
453469
453533
453917
453985
454038
454119
454241
454480
454673
454732
454745
454782
454839
454964
455058
455108
455120
455247
455306
455358
455367
455912
456003
456148
456174
456243
456306
456488
456518
457228
457423
457539
457669
457732
457978
458005
458267
458391
458392
458410
458517
458526
458798
459147
459312
459315
459665
459674
459806
459807
459844
460023
460036
460100
460278
460630
460815
460939
460973
460994
461050
461135
461333
461341
461641
461651
461738
461880
461934
462153
462178
462259
462453
462526
462716
462933
462980
463277
463301
463367
463380
463468
463563
463690
463801
464168
464263
464281
464484
464548
464711
464789
464883
464930
465157
465442
465541
465554
465633
465678
465721
465940
466105
466105
466203
466296
466734
466994
467005
467113
467131
467318
467369
467459
467565
467608
467723
467865
468038
468218
468261
468525
468547
468566
468625
468996
469130
469289
469360
469391
469393
469552
469833
470261
470372
470465
470501
470518
470526
470572
470765
470810
470873
471600
471763
471825
471842
472058
472393
472558
472607
472794
472855
472954
473186
473240
473469
473525
473584
473615
473675
473692
473724
473782
473842
473911
473914
473985
473987
474051
474123
474126
474140
474149
474190
474241
474276
474357
474473
474587
474588
474640
474808
474913
474956
475033
475047
475197
475275
475359
475578
475722
475731
475747
475775
475925
475986
476009
476057
476202
476479
476531
476606
476680
476849
476896
476959
477226
477749
477929
477930
477970
478048
478088
478285
478285
478366
478503
478618
478708
478710
479065
479103
479298
479517
479573
480017
480270
480459
480502
480687
480718
480750
480819
480835
480908
481049
481247
481264
481266
481510
481660
481831
481864
481901
481911
482134
482340
482594
482740
482916
482983
483053
483079
483242
483247
483376
483560
483578
483619
483854
483905
483913
483969
484227
484240
484750
484940
485066
485255
485312
485498
485537
485558
485587
485589
485836
485942
485978
486239
486332
486400
486437
486617
486759
486864
487124
487187
487426
487652
487682
487721
487909
487984
488025
488050
488301
488451
488539
488566
489386
489565
489573
489643
489692
489914
490107
490264
490277
490440
490562
490659
491390
491450
491457
492092
492475
492606
492711
492726
492867
493058
493129
493142
493431
493692
493771
494292
494345
494427
494478
494665
495003
495159
495192
495442
495485
495758
495923
496039
496138
496398
496521
496743
496772
496797
496833
496877
496916
496939
496987
497063
497126
497206
497525
497526
497534
497806
497922
498045
498125
498336
498394
498504
498920
499026
499279
499284
499357
499393
499402
499442
499655
499660
499830
499886
499942
500251
500725
500806
501265
501316
501619
501631
501731
501902
501979
502067
502324
502470
502596
502697
502714
502716
502984
503216
503257
503412
503461
503595
503916
503971
503989
504046
504124
504125
504485
504541
504846
505189
505286
505291
505638
505744
505752
505797
505844
505860
505867
505989
506061
506276
506593
506743
506898
507258
507372
507422
507519
507605
507779
507838
507874
508004
508055
508080
508116
508203
508376
508433
508621
508686
508819
508835
509008
509374
509530
509565
509646
509773
509891
510308
510317
510453
510482
510614
510675
510691
510728
510788
510808
510858
510889
510895
511006
511151
511216
511411
511440
511448
511467
511473
511653
511701
511745
511794
511816
511865
512029
512037
512143
512194
512365
512561
512863
512923
512972
513035
513135
513362
513402
513444
513718
514504
514821
515245
515312
515501
515554
515618
515658
515890
515953
515971
516012
516221
516228
516326
516732
516870
516920
517031
517293
517383
517403
517440
517619
517738
517802
517911
518257
518331
518391
518413
518418
518420
518557
518631
518937
519048
519558
519648
519758
519870
519874
520052
520055
520112
520173
520291
520314
520513
520588
520819
520856
520993
520997
521026
521156
521295
521779
521815
521826
521845
522195
522247
522306
522317
522365
522471
522627
522953
523061
523085
523102
523212
523237
523308
523310
523397
523513
523545
523599
523681
523744
523892
523976
523994
524168
524214
524273
524344
524350
524446
524739
524751
524806
524885
525158
525188
525421
525427
525674
526053
526180
526187
526313
526381
526571
526582
526637
526926
527022
527188
527189
527202
527298
527302
527454
527470
527752
527918
527975
527988
528044
528086
528261
528482
528567
528751
528887
528901
528945
529005
529115
529129
529704
529784
529828
529926
530171
530225
530698
530863
530902
531417
531604
531629
531645
531751
531949
531974
532059
532103
532190
532330
532390
532483
532645
532911
533150
533300
533322
533325
533364
533566
533674
533690
533951
533985
534058
534094
534257
534335
534497
534507
534640
534742
534775
534850
534860
535004
535219
535358
535412
535424
535491
535643
535648
535754
535818
535939
535987
536277
536660
536740
537292
537503
537529
537732
537783
537947
538018
538078
538096
538133
538169
538538
538630
538834
538881
538902
538932
538997
539103
539484
539579
539841
539873
540139
540176
540315
540371
540404
541408
541440
541452
541543
541617
541702
541809
541824
541865
542103
542220
542284
542520
542555
542620
542767
542927
542928
543038
543073
543111
543163
543254
543542
543598
543842
544016
544274
544386
544400
544612
544637
544651
544852
544920
545036
545079
545431
545439
545467
545513
545698
545958
545964
546130
546133
546195
546254
546436
546465
546598
546807
546988
547034
547085
547115
547238
547389
547636
547924
547936
548005
548015
548101
548156
548157
548180
548257
548259
548314
548367
548520
548531
548556
548815
549037
549165
549238
549331
549379
549458
549573
549862
550127
550172
550580
550926
550973
551053
551062
551649
551693
551709
551859
551872
551965
552215
552233
552311
552349
552541
552866
553012
553055
553056
553111
553191
553207
553260
553271
553377
553395
553639
553639
553745
553826
553974
554209
554315
554316
554381
554419
554420
554492
554534
554553
555084
555085
555265
555304
555573
555624
555628
555650
555702
555852
555862
555968
556272
556324
556333
556507
556668
556708
556836
557001
557140
557445
557478
557495
557554
557619
557738
557957
558100
558682
558709
558989
559119
559341
559393
559672
560013
560490
560505
560527
560864
560946
561037
561193
561281
561316
561420
561499
561724
561878
562284
562306
562613
562643
562676
562808
562814
563106
563125
563172
563228
563235
563363
563464
563689
563846
564061
564067
564324
564467
564531
564611
564635
564689
564823
564895
564925
565544
565807
565869
565882
565908
565998
566124
566150
566208
566245
566246
566281
566455
566601
566613
566646
566862
567323
567337
567416
567928
568106
568113
568421
568651
568676
568740
568873
568944
569021
569114
569167
569268
569397
569432
569487
569673
569696
569785
569838
569930
569973
570232
570347
570613
570668
570737
570771
570773
571117
571413
571672
571708
571827
571890
572001
572035
572044
572051
572158
572303
572680
572888
573001
573056
573179
573381
573553
573668
573762
573976
574044
574254
574302
574333
574632
575106
575168
575280
575568
575719
575722
575857
576258
576270
576335
576376
576728
576994
577014
577117
577233
577319
577414
577604
577627
577780
577896
577996
578339
578510
578560
578785
578814
578956
579050
579379
579657
579759
580013
580113
580383
580647
580704
580768
580907
581111
581134
581162
581249
581435
581500
581512
581561
581633
581640
581658
581722
581756
581760
581790
582114
582150
582162
582209
582497
583321
583360
583541
583709
584063
584152
584160
584216
584240
584361
584631
584695
584866
584926
585068
585313
585435
585730
585738
585779
585818
585837
585854
586229
586339
586465
586495
586571
586688
586852
587277
587419
587425
587490
587503
587545
587554
587591
587642
587643
587761
587779
587807
587886
587957
588090
588116
588135
588313
588499
588514
588673
588856
588935
589205
589216
589245
589268
589310
589586
589660
589806
589904
589962
590058
590286
590331
590377
590416
590621
590745
590976
591131
591188
591268
591336
591664
591758
591985
592085
592135
592494
592672
592979
593086
593310
593531
593543
593635
593772
593920
594069
594250
594303
594701
595086
595423
595558
595580
595704
595862
595889
596218
596532
596623
596695
596792
596962
597126
597450
597468
597472
597478
597482
597652
597695
597886
598122
598359
598367
598436
598437
598476
598670
598673
598821
599160
599233
599310
599971
600007
600058
600201
600338
600345
600492
600550
600600
600671
600754
600842
601044
601206
601208
601377
601439
601494
601517
601537
601559
602129
602169
602235
602428
602658
602736
602917
602941
603034
603286
604002
604034
604276
604345
604404
604639
604737
604762
604802
604864
605343
605354
605375
605430
605503
605553
605678
605892
605982
606347
606414
606677
606770
606984
607022
607142
607507
607560
607612
607773
607782
607792
607911
607924
608118
608277
608390
608683
608757
608903
609508
609793
609851
609865
610003
610012
610251
610332
610390
610422
610555
610679
610859
610939
610965
611073
611490
611511
611542
611576
611598
611599
611652
611743
611990
612469
612476
612516
612724
612785
612959
613062
613107
613236
613291
613514
613598
613846
613892
614262
614610
614744
614961
615093
615150
615353
615377
615537
616144
616466
616469
616689
616710
616772
617078
617240
617251
617252
617316
617409
617465
617473
617543
617617
617682
617705
617763
617842
617889
617927
618075
618080
618219
618297
618724
618828
618846
618934
619016
619043
619102
619143
619146
619156
619327
619525
619550
619601
619670
619769
620062
620133
620354
620384
620487
620515
620641
620838
620972
620983
621201
621346
621375
621656
621684
621753
621821
621884
621996
622012
622028
622299
622414
622518
622647
622672
622806
622955
622960
623136
623212
623312
623603
623671
623862
623987
624034
624657
624802
624868
624893
624916
624958
625005
625041
625163
625211
625217
625347
625427
625449
625494
625565
625569
625693
625769
625904
625935
626227
626271
626366
626405
626413
626424
626603
626629
626733
626840
627271
627396
627424
627489
627544
627614
627873
627889
627929
627989
627996
628042
628106
628126
628210
628251
628315
628545
628640
628652
628743
628827
628960
629089
629105
629268
629291
629328
629386
629411
629436
629710
629711
629835
629955
630081
630100
630421
630456
630619
630648
631308
631410
631432
631442
631890
631934
632144
632277
632516
632620
632699
632751
632788
632903
633182
633390
633422
633536
633607
633685
633690
633750
633806
633891
633912
633966
634000
634048
634159
634294
634361
634453
634939
634998
635137
635635
635787
635858
635997
636008
636053
636140
636338
636455
636535
636684
636688
636750
636778
637042
637159
637252
637256
637687
637702
637931
638072
638146
638347
638353
638471
638554
638618
638630
638721
638891
638927
639019
639032
639101
639105
639234
639318
639535
639935
639950
640025
640058
640086
640108
640126
640410
640657
640758
640775
640793
640827
640828
640967
641029
641111
641383
641463
641488
641513
641513
641698
642022
642047
642081
642236
642311
642315
642362
642388
642446
642556
642623
642639
642815
642957
643066
643114
643306
643313
643365
643462
643524
643598
643603
643719
643907
643927
643965
644428
644550
644756
645168
645192
645356
645467
645640
645817
645859
645993
646043
646093
646160
646203
646294
646347
646547
646599
646691
646770
646870
646992
647148
647159
647539
647654
647690
647814
647903
648296
648466
648559
648606
648623
648669
648702
648841
648907
648967
648998
649290
649313
649617
649634
649721
649814
649832
649889
650197
650283
650363
650432
650450
650603
650629
651039
651256
651351
651511
651551
651629
651659
651817
651928
652066
652214
652581
652761
653193
653236
653258
653446
653586
653650
653862
654020
654116
654310
654345
654463
654986
655027
655065
655311
655448
655640
656284
656594
656645
656692
656802
656905
657019
657157
657294
657306
657306
657460
657625
657670
657731
657854
657933
658330
658445
658459
658627
658690
658772
658832
658847
658893
659020
659051
659060
659136
659713
660163
660188
660574
660791
660855
660923
660963
661353
661448
661583
661671
661719
661738
661868
661914
662217
662344
662404
662519
662532
662625
662669
662696
662705
662803
663218
663275
663303
663635
663923
664068
664149
664243
664518
664827
664848
664988
665138
665198
665226
665253
665307
665402
665550
665758
665759
665956
666132
666246
666452
666486
666505
666766
666833
667063
667154
667265
667484
667549
667771
667913
667943
667977
667982
668091
668190
668204
668275
668434
668457
668713
668906
669254
669298
669578
669653
669724
669988
670119
670198
670272
670374
670420
670575
670628
670683
670828
670885
671118
671173
671255
671395
671684
671972
672194
672212
672377
672423
672611
672626
672684
672689
672852
673063
673181
673325
673437
673621
673862
673907
674043
674176
674255
674389
674573
674765
674934
674985
675388
676095
676137
676270
676598
676815
676883
677011
677012
677113
677137
677395
677577
677594
677693
677822
678175
678191
678457
678561
678630
678846
678925
678990
679145
679183
679296
679381
679440
679547
679567
680045
680056
680063
680138
680151
680196
680212
680265
680324
680541
680746
680833
680930
680998
681042
681060
681319
681644
681670
681830
681834
681839
681946
682027
682045
682310
682555
682609
682902
683104
683123
683343
683433
683638
683810
683824
683943
684444
684502
684611
684775
684778
684820
685341
685434
685567
685653
685699
685702
685921
686101
686326
686448
686818
687047
687226
687402
687557
687696
687795
687814
687839
687952
687997
688587
688754
688921
689072
689242
689268
689364
689364
689590
689951
689970
690067
690113
690266
690311
690369
690430
690562
690622
690799
690814
690839
691147
691281
691442
691660
691725
691843
691910
691980
691991
692056
692433
693115
693236
693455
693505
693576
693599
693623
693791
693817
693820
694051
694177
694235
694425
694485
694576
694580
694602
694697
694892
695026
695147
695248
695278
695507
695901
696180
696307
696355
696396
696419
697004
697125
697130
697138
697402
697437
697441
697506
697618
697801
697851
697903
697952
697984
698535
698619
698620
698732
698870
699029
699108
699204
699326
699448
699449
699494
699560
699588
699827
699938
700018
700025
700826
700833
700938
701082
701088
701305
701305
701529
701552
701686
701885
702007
702076
702340
702425
702471
702711
702804
702840
702931
703057
703122
703202
703211
703631
703794
703849
703900
704100
704185
704414
704990
704992
705024
705272
705439
705575
705677
705685
705785
705915
706046
706054
706182
706240
706419
706635
706677
706863
706910
707092
707099
707131
707138
707163
707383
707473
707474
707485
707773
707949
708084
708343
708489
709053
709232
709500
709635
709774
709839
709860
710036
710087
710272
710490
710553
710595
710787
711184
711190
711254
711464
711837
711940
711946
712117
712405
712631
712850
712915
713020
713050
713081
713218
713482
713893
713912
714388
714482
714504
714580
714702
714786
714809
714908
715116
715281
715495
715583
716050
716349
716448
716511
716666
716867
716961
717151
717280
717284
717334
717335
717350
717497
717522
717577
717609
717797
717817
718290
718405
718473
718547
718709
718770
718805
718888
718911
719104
719123
719454
719694
719901
719911
720186
720415
720537
720604
720826
720880
720996
721004
721006
721300
721393
721538
721614
721796
721844
721944
722045
722087
722163
722210
722268
722286
722296
722356
722391
722411
722415
722530
722930
723001
723002
723086
723139
723244
723269
723321
723394
723400
723487
723540
723621
723629
723959
723977
724458
724859
724955
725449
725640
725759
725880
725885
725974
726358
726441
726451
726560
726693
726767
726882
726950
727291
727316
727543
727612
727661
727673
727984
728009
728106
728114
728654
728665
728704
728935
729115
729158
729183
729334
729514
729621
729622
729630
729875
729937
729970
730056
730082
730095
730298
730500
730607
730749
730852
730936
730942
731047
731227
731256
731291
731298
731316
731348
731486
731793
732184
732440
732444
732527
732683
733014
733295
733317
733363
733383
733536
733909
734082
734218
734225
734335
734391
734445
734511
734554
734605
734679
734872
734885
735075
735354
735355
735433
735530
735593
735635
735864
735991
736006
736035
736280
736376
736978
737008
737188
737261
738003
738112
738247
738550
738857
739089
739173
739207
739337
739426
739485
739516
739964
740143
740345
740357
740375
740396
740438
740468
740537
740539
740598
740743
741270
741830
741982
742000
742007
742042
742199
742237
742276
742290
742698
742718
742774
742860
742915
742996
743135
743234
743304
743328
743364
743551
743938
743951
744096
744109
744369
744528
744572
744590
744885
744936
745045
745225
745270
745299
745308
745337
745338
745439
745557
745780
745823
745875
745962
746028
746129
746302
746390
746494
746525
746556
746596
746667
746671
746742
747025
747030
747393
747672
747842
747997
748013
748087
748337
748424
748617
748630
748761
748839
748910
748937
749032
749098
749225
749275
749283
749450
749574
749624
749884
749897
750013
750088
750222
750376
750400
750411
750416
750639
750826
751191
751274
751643
751969
751988
752050
752121
752399
752402
752436
752438
752577
752656
752863
752899
752917
752952
753343
753463
753483
753484
753575
753703
753721
753800
753853
753989
754101
754172
754207
754231
754288
754525
754844
754892
755139
755227
755256
755502
755574
755616
755619
755730
755743
756092
756308
756339
756352
756374
756400
756407
756764
756887
757070
757160
757219
757363
757571
757588
757710
757748
757770
757772
757812
757848
757974
758238
758380
758441
758521
758569
758590
758615
758633
758682
758791
758874
758928
759050
759177
759178
759372
759495
760261
760261
760280
760424
760434
760557
760744
760831
760855
761046
761084
761303
761410
761454
761492
761603
761623
761689
761787
761812
761993
762237
762536
762558
762612
762626
762630
762866
762970
762990
763119
763388
763538
763650
763678
763790
763809
763889
764049
764076
764160
764186
764283
764487
764581
764833
764904
765053
765642
765864
766005
766102
766137
766405
766498
766705
766766
766908
766984
766997
767099
767199
767317
767444
767491
767553
768231
768237
768352
768507
768571
768581
768603
768688
768707
768956
769109
769194
769279
769285
769295
769346
769626
769705
769881
770140
770206
770249
770412
770679
770993
771025
771054
771137
771155
771170
771301
771479
771723
771751
771773
771802
771892
772171
772237
772252
772273
772307
772465
773020
773139
773259
773312
773659
773976
774469
774492
774532
774651
774969
775127
775211
775274
775528
775619
775784
775893
776143
776321
776712
777146
777405
777426
777431
777470
777605
777605
777749
777789
778091
778194
778452
778667
779046
779233
779234
779251
779280
779330
779415
779683
779899
780145
780508
780515
780563
780671
780717
780766
780813
781028
781189
781208
781265
781370
781810
781919
782059
782571
782632
782730
782893
782966
782995
783008
783351
783379
783468
783483
783815
783975
784363
784464
784485
784765
785035
785201
785356
785439
785659
785669
785899
785903
785989
786070
786182
786254
786580
786652
786658
786697
786956
787170
787182
787301
787576
787651
787657
787749
787763
787872
787882
787898
787908
787947
788447
788635
789022
789040
789081
789224
789391
789542
789639
789659
789955
789986
789999
790033
790208
790246
790251
790347
790364
790409
790545
790598
790654
790668
790852
791035
791106
791375
791396
791427
791486
791515
791534
791648
791669
791681
791745
791940
792112
792257
792269
792299
792562
792635
793126
793362
793741
793988
794173
794683
794696
794708
794715
794728
794957
795081
795119
795180
795211
795366
795432
795511
795558
795778
795827
795832
796077
796101
796226
796286
796361
796421
796621
796811
796885
797350
797446
797507
797567
797658
797678
797736
797796
797852
798117
798156
798550
798666
798739
798973
799089
799205
799615
799718
799927
799996
800098
800291
800674
800775
800904
800973
801200
801258
801614
801681
801887
802099
802133
802405
802452
802500
802520
802621
802636
802724
802794
803032
803182
803262
803355
803468
803811
804000
804289
804550
804766
804777
804862
804941
805002
805197
805292
805398
805420
805476
805609
805780
805783
805856
805934
806877
806880
806940
807065
807295
807348
807418
807644
807709
807792
807898
807936
807936
808006
808026
808451
808459
808631
808774
808799
808835
809278
809333
809433
809584
809674
809685
809819
809884
809921
809961
810045
810341
810375
810392
810484
810484
810666
810722
810791
810792
810833
810889
810983
811112
811301
811526
811560
811618
811683
811685
811719
811719
811741
811810
811824
811830
812153
812599
812600
812753
812829
812867
813010
813043
813685
813783
813794
813808
813982
814040
814041
814357
814357
814365
814503
814564
814809
814832
814972
815063
815179
815372
815563
815694
815829
815854
816000
816062
816165
816479
816668
816883
816961
817082
817336
817441
817480
817574
817737
817783
817804
818154
818165
818356
818592
818635
818684
818744
818862
818959
819178
819187
819234
819260
819261
819309
819352
819455
819457
819497
819505
819659
819839
820040
820109
820127
820135
820294
820375
820444
820475
820500
820537
820579
820589
820893
820961
820986
821083
821226
821568
821661
821996
822244
822302
822341
822391
822497
822655
822715
822946
823063
823268
823399
823568
823746
823827
823877
824013
824062
824143
824173
824452
824592
824766
824877
824920
824965
825039
825152
825159
825450
825594
826094
826222
826241
826435
826453
826567
826654
826746
826835
827326
827329
827352
827688
827699
827776
827818
827879
827965
827981
828062
828066
828348
828507
828854
828855
828863
829063
829117
829475
829653
829941
830075
830086
830230
830367
830459
830509
830566
830899
830902
830904
830957
831218
831284
831336
831378
831475
831638
831814
831895
832260
832490
832534
832535
832608
832666
832694
832727
832743
832747
832890
833140
833145
833285
833286
833565
833608
833712
833811
833896
834063
834178
834343
834443
834597
834610
834715
834843
834940
835333
835347
835436
835548
835582
835764
835910
836117
836141
836447
836519
836528
836709
836863
836970
837101
837140
837282
837360
837675
837799
837925
838024
838214
838407
838677
838753
838827
838845
838861
838868
838874
838920
839208
839497
839783
839904
839999
840063
840117
840212
840288
840319
840573
840684
840730
840736
840777
840810
841181
841271
841329
841457
841592
841602
841664
841817
842113
842193
842425
842532
842876
842942
842976
843323
843352
843358
843386
843490
843638
843721
843861
844520
844723
845043
845048
845119
845596
845655
845789
846084
846092
846215
846235
846350
846439
846639
846683
846745
847011
847095
847356
847413
848013
848106
848112
848175
848240
848288
848330
848404
848571
848836
848991
849057
849406
849465
849587
849657
849778
849864
849900
850136
850296
850299
850441
850443
850500
850728
850861
851121
851543
851594
851667
851749
851798
851812
852044
852351
852839
852922
852932
852952
853157
853157
853401
853554
853657
853800
853833
853849
853865
853937
854025
854042
854264
854475
854708
854708
854743
854902
854970
855159
855268
855394
855436
855750
855857
855916
855992
856059
856075
856087
856167
856283
856382
856396
856576
856604
856703
856802
857175
857482
857495
857603
857647
857832
858009
858221
858252
858652
859104
859168
859174
859242
859370
859707
859723
859903
859989
860233
860274
860381
860581
860600
861000
861182
861237
861281
861366
861500
861503
861974
861981
862042
862088
862278
862384
862452
862502
862588
862675
862677
862772
863007
863181
863209
863315
863381
863453
863724
863972
864209
864253
865154
865247
865343
865392
865440
865472
865503
865597
865720
865903
865907
866565
866879
866978
867367
867467
867506
867529
867745
867895
868049
868256
868922
868966
869009
869021
869151
869239
869456
869735
869865
869870
870055
870224
870413
870417
870479
870512
870579
870913
871120
871420
871428
871458
871504
871954
872091
872169
872517
872770
873040
873044
873120
873503
873503
873523
873848
873852
874018
874273
874349
874531
874575
874608
874718
874727
875260
875757
875854
876009
876019
876365
876502
876518
876530
876566
876581
876737
876829
877021
877059
877072
877089
877194
877269
877367
877510
877510
877661
877692
877732
877849
878009
878288
878440
878457
878460
878476
878578
878585
878588
878642
878653
878678
878702
878709
878749
878865
879118
879220
879360
879531
879575
879661
879747
879857
879950
880215
880511
880778
880783
880803
880837
880943
880990
881181
881218
881222
881520
881570
881621
881986
882048
882048
882181
882189
882430
882431
882504
882888
883136
883606
883704
883822
883830
883913
884046
884110
884303
884510
884777
884824
884902
884909
884933
885134
885188
885751
885806
886097
886236
886568
886627
886694
886738
886818
886918
886948
887119
887122
887204
887257
887461
887461
887521
887552
887558
887581
887853
887937
887956
888007
888142
888169
888175
888188
888469
888469
888706
888774
888840
888853
888929
889026
889048
889374
889400
889416
889836
890060
890187
890208
890237
890695
890704
890853
890915
890930
891664
891768
891781
891854
891981
892017
892018
892048
892094
892429
892593
892635
892755
892757
892971
893070
893352
893568
893723
893772
893778
893881
893886
893956
894051
894053
894381
894463
894507
894857
894951
894983
895023
895053
895133
895367
895373
895502
895649
895930
895974
896320
896586
896929
897089
897159
897203
897221
897385
897410
897452
897464
897479
897541
897700
897814
897846
898050
898203
898377
898503
898601
898628
898657
898706
898869
898912
899108
899117
899177
899588
899632
899927
900059
900235
900332
900594
900809
900837
900920
900943
901541
901565
901580
901678
901925
902119
902124
902279
902325
902433
902723
902818
902934
902983
903189
903223
903903
904061
904210
904217
904374
904392
904403
904414
904414
904831
905010
905024
905258
905493
905511
905582
905609
905766
905890
905915
906146
906220
906493
906620
906697
906862
907071
907179
907224
907287
907325
907418
907694
907836
907950
908397
908422
908549
908556
908710
908798
908863
908867
908914
908992
909005
909249
909367
909468
909485
909544
909628
909999
910064
910221
910246
910319
910620
910792
910837
911255
912029
912082
912255
912315
912432
912464
912583
912930
913005
913156
913378
913500
913839
914012
914368
914448
914490
914588
914746
914794
915075
915212
915305
915360
915373
915387
915427
915443
915569
915666
915688
915809
915871
916207
916236
916371
916415
916535
916618
916810
916868
916935
917006
917035
917092
917232
917311
917439
917472
917663
917810
918082
918217
918233
918361
918405
918435
918459
918617
918766
918894
919016
919779
919795
919978
920017
920106
920111
920176
920237
920346
920393
920619
920918
921057
921129
921466
921564
921592
921807
921859
921886
921925
922067
922202
922214
922239
922263
922422
922550
922883
922981
923135
923476
923530
923534
923543
923561
923640
923670
923893
923990
924072
924072
924117
924178
924182
924195
924229
924313
924407
924659
924738
924847
924912
925116
925405
925560
925744
925794
925805
925967
925983
925986
925989
926031
926155
926236
926270
926354
926425
926433
926448
926547
926957
927169
927496
927516
927519
927523
927562
927595
927707
927945
928212
928214
928214
928377
928567
928849
928876
928879
929087
929111
929278
929354
929385
929459
929466
929658
929898
929964
929994
930025
930163
930245
930382
930416
930450
930460
930469
930564
930894
931000
931332
931400
931419
931512
931558
931679
931847
932154
932208
932280
932356
932423
932431
932507
932601
932691
932825
932943
933007
933053
933276
933294
933299
933516
933699
933945
933979
934167
934193
934638
934721
934773
934789
934808
934922
935033
935297
935347
935774
935776
936036
936138
936167
936270
936400
936526
936622
936633
936653
936725
936759
936857
936972
937104
937202
937268
937396
937397
937682
937857
937902
937956
938095
938166
938245
938296
938351
938588
938796
938913
939094
939533
939559
939651
939675
939884
939955
940044
940147
940185
940596
940609
940613
940784
940897
941093
941320
941404
941466
941536
941593
941744
941961
942161
942534
942796
942970
943035
943045
943124
943175
943270
943487
943673
943872
944074
944118
944534
944927
944960
945002
945214
945372
945459
945636
945651
945791
946101
946284
946322
946364
946425
946621
946671
946707
946802
946837
947032
947037
947122
947147
947619
947637
947706
947758
947875
947948
948116
948125
948421
948432
948483
948527
948548
948599
948620
948844
949125
949283
949402
949440
949478
949485
949676
949734
950227
950228
950258
950517
951275
951434
951509
951595
951707
951756
951757
951882
951902
952043
952185
952236
952305
952564
952601
952912
952967
953122
953335
953426
953532
954097
954111
954169
954692
954696
954983
955075
955167
955199
955369
955379
955446
955826
955959
955968
955976
956297
956803
957122
957402
957516
957633
957649
957684
957741
957930
958443
958599
958691
958875
959034
959282
959339
960255
960260
960261
960442
960720
960741
961145
961243
961245
961274
961299
961300
961347
961680
961735
961846
962401
962442
962525
962701
963028
963057
963358
963406
963772
963786
963902
963963
964023
964098
964101
964119
964259
964298
964299
964533
964538
964608
964697
964730
964959
965065
965077
965137
965223
965496
965510
965555
965591
965726
965805
965821
965970
965974
966345
966429
966624
966712
966988
967127
967187
967300
967359
967460
967559
967987
968018
968448
968504
968622
968642
968723
968810
968956
968990
969089
969216
969320
969338
969385
969401
969499
969614
969784
969875
970122
970200
970218
970318
970442
970536
970556
970570
970596
970611
970615
970903
971164
971175
971420
971435
971509
971576
971684
971758
971776
972201
972270
972379
972432
972880
972936
972961
973307
973459
973537
973579
973590
973621
973671
973846
974258
974297
974316
974402
974434
974605
974962
975032
975399
975483
975599
975688
975695
975703
975766
975855
975872
975916
976291
976435
976846
976947
976957
977054
977175
977199
977323
977474
977669
977762
977869
978461
978550
978554
978681
978757
978920
978984
979370
979501
979505
979508
979510
979928
980119
980146
980157
980206
980243
980301
980425
980667
980777
980823
980895
980959
981142
981208
981269
981291
981536
981679
981696
981743
981932
981980
982272
982312
982550
982560
982773
982869
982880
983210
983222
983647
983805
983819
983919
984103
984256
984296
984345
984407
984854
985119
985486
985595
985861
985946
985969
986049
986121
986157
986163
986260
986461
986673
986715
986839
986961
987118
987310
987399
987821
987851
987932
987968
988005
988087
988107
988174
988239
988449
988620
988641
988849
988889
988941
989031
989096
989101
989123
989198
989207
989217
989397
989603
990076
990184
990230
990406
990627
990636
990665
990938
991234
991432
991666
991799
991919
991987
992081
992174
992540
992638
992689
992758
992893
992903
993623
993712
993847
993878
994115
994231
994328
994775
994780
994929
995087
995206
995328
995503
995564
995689
995948
996194
996212
996337
996742
996876
997206
997405
997574
998019
998084
998100
998155
998334
998414
998595
998665
998706
998908
998956
999095
999189
999423
999584
999719
999986
999988
