54
56
123
279
294
444
671
807
975
1061
1073
1275
1306
1468
1504
1508
1569
1693
1718
1798
1845
2016
2242
2256
2321
2359
2512
2651
2715
3008
3067
3109
3195
3212
3249
3408
3806
3934
4042
4185
4255
4470
4878
5089
5235
5295
5344
5745
5790
5862
5945
6046
6127
6158
6492
6557
6558
6668
6915
7024
7084
7330
7407
7535
7760
8155
8214
8498
8692
8701
8783
8915
9087
9160
9193
9241
9385
9460
9552
9666
9796
9877
9893
10006
10154
10357
10391
10671
10740
10763
10766
10808
10902
10924
11001
11154
11450
11647
11939
11963
11978
12275
12325
12480
12480
12610
13011
13037
13050
13220
13355
13402
13457
13552
13586
13623
13861
13906
13996
14048
14108
14284
14293
14310
14313
14605
14618
14765
15066
15223
15575
15795
15807
15844
15934
16043
16079
16163
16252
16468
16616
16772
16826
17000
17234
17278
17358
17513
17628
17647
17685
17863
17887
18084
18171
18223
18416
18433
18777
18954
19098
19135
19140
19299
19413
19460
19470
19500
19555
19582
19640
19674
19756
19804
19837
19901
19907
19949
19984
20013
20226
20454
20473
20555
20716
21015
21154
21200
21229
21231
21265
21321
21330
21523
21528
21631
21694
21866
22057
22136
22274
22309
22378
22472
22521
22560
22750
22825
23314
23355
23397
23398
23510
23526
23535
23871
23871
23981
24368
24415
24441
24601
24616
24973
25125
25134
25209
25269
25316
25575
25939
26291
26327
26494
26611
26650
26848
26900
26904
27338
27490
27513
27545
27639
27758
27843
27875
27957
28168
28252
28343
28402
28539
28572
28593
28751
28927
28931
29196
29418
29515
29565
29569
29585
29614
29788
29827
29845
29947
29971
30000
30094
30165
30391
30520
30540
30638
30688
30770
30893
31178
31340
31372
31566
31676
31693
31815
31845
31907
32310
32489
32555
32666
32908
33003
33050
33120
33201
33215
33232
33518
33600
33645
33682
33738
33785
33868
33875
34226
34245
34440
34463
34496
34611
34721
34779
35454
35508
35565
35621
35857
35923
35928
36221
36227
36228
36557
36567
36688
36719
36848
37145
37196
37260
37369
37428
37430
37568
37634
37675
37869
37956
38399
38441
38500
38690
38857
38902
38973
39092
39184
39192
39292
39327
39331
39650
39680
39826
40087
40286
40379
40380
40640
40652
40655
40811
40916
40957
41096
41585
41726
41776
41930
42341
42402
42442
42452
42473
42765
42849
43050
43161
43192
43452
43571
43660
43837
43920
44016
44116
44145
44225
44556
44742
44896
44963
45182
45192
45223
45325
45352
45639
45789
45919
46176
46275
46380
46532
46688
46712
47219
47335
47517
47607
47666
47680
47894
47901
48060
48112
48506
48574
48598
48657
48736
48759
48800
48937
49105
49167
49194
49237
49297
49611
49635
49640
49644
49846
49858
50209
50227
50311
50370
50559
51211
51252
51288
51308
51378
51384
51407
51475
51619
51672
51735
51837
52103
52205
52214
52324
52563
52593
52612
52826
52923
53034
53097
53196
53204
53238
53524
53767
53806
53871
53936
53950
53977
54072
54260
54312
54615
54617
54644
54844
54963
55252
55255
55276
55303
55791
55878
55915
55963
56207
56280
56422
56457
56523
56565
56615
56669
56731
56832
57051
57067
57127
57178
57349
57359
57403
57520
57643
58275
58393
58558
58809
58848
58886
58965
59089
59312
59752
59768
59775
59790
59878
59928
60097
60179
60201
60616
60633
60710
60815
61225
61259
61586
61617
61618
61807
61901
62008
62023
62055
62084
62218
62321
62498
62594
62683
62741
62837
62958
62989
63023
63157
63186
63287
63361
63402
63456
63483
63621
63724
63843
63883
64020
64035
64154
64230
64339
64626
64767
65069
65093
65204
65406
65606
65625
65671
65683
65902
65914
65921
65937
66018
66175
66185
66247
66340
66444
66568
66626
66683
66724
66730
66795
67232
67568
67717
67731
67871
67893
67921
67999
68013
68289
68462
68512
68518
68630
68697
68914
68921
68935
68991
69221
69247
69511
69531
69570
69751
69952
69984
70137
70173
70186
70193
70296
70403
70406
70483
71213
71248
71272
71419
71579
71774
71910
72296
72345
72454
72560
72935
72962
73022
73163
73235
73399
73471
73560
73639
73695
74022
74057
74071
74366
74449
74464
74502
74588
74714
74772
74849
74946
74968
75000
75332
75490
75495
75620
75659
75890
75991
76296
76569
76744
76868
76904
76928
76983
77103
77167
77460
77512
77600
77634
77667
77726
77767
77905
78037
78119
78125
78251
78386
78554
78736
78987
79062
79112
79200
79518
79544
79566
79567
79712
79826
79900
79948
79964
80159
80412
80413
80443
81139
81247
81449
81537
81567
81631
81703
81865
81904
82552
82717
82780
83139
83194
83660
83686
83977
84022
84068
84192
84235
84260
84369
84416
84486
84658
84810
85185
85272
85443
85762
85874
85893
85957
86235
86316
86371
86444
86593
86665
86802
86968
87047
87340
87495
87626
87638
87676
87698
87803
87807
87830
87909
87913
87972
88100
88356
88496
88586
88850
89117
89205
89253
89352
89461
89472
89473
89626
90088
90185
90349
90493
90533
90679
90696
90731
90732
90841
90842
90921
90931
91070
91079
91141
91273
91308
91308
91366
91404
91535
91701
91789
91865
91902
91984
92001
92163
92272
92512
92641
92777
92971
93514
93603
93702
93925
93971
94058
94179
94466
94487
94571
94630
94776
94920
94950
94982
95115
95136
95175
95339
95423
95472
95547
95644
95795
96038
96134
96155
96175
96220
96300
96502
96507
96597
96673
96783
96876
96880
96880
96979
97042
97084
97174
97223
97828
97868
97877
97891
97905
98180
98353
98476
98539
99067
99080
99085
99244
99249
99318
99354
99405
99484
99551
99612
99669
99811
99816
99965
100055
100174
100358
100373
100415
100750
100839
100845
100960
101241
101327
101571
101574
101649
102023
102116
102235
102318
102520
102560
102857
102958
103166
103270
103342
103343
103414
103500
103523
103573
103610
103622
103672
103780
103786
103843
104127
104202
104459
104549
104943
105055
105132
105249
105299
105351
105545
105597
105640
105708
105734
105748
105748
105836
105876
105952
105964
106052
106053
106175
106309
106366
106586
106676
106898
106988
107088
107111
107327
107432
107478
107509
107606
107741
107873
107879
107955
108044
108051
108114
108128
108194
108462
108520
108528
108596
108596
108731
108761
108782
108786
109094
109130
109190
109630
109636
109727
109732
110002
110140
110221
110543
110879
110977
110988
111297
111501
111545
111584
111727
111785
112130
112137
112274
112276
112296
112370
112574
112725
112851
112871
113128
113314
113409
113430
113631
113724
113731
113783
113856
113967
114705
114949
114994
115285
115692
115838
115866
115882
115928
116041
116050
116171
116443
116851
116867
116884
116999
117099
117367
117660
117975
118003
118150
118375
118499
118578
118621
118700
118707
118726
118756
118834
119008
119186
119521
119544
119632
119921
119989
120074
120078
120231
120434
120435
120492
120641
120740
120748
120792
120856
120860
120915
120926
120953
121053
121150
121151
121156
121156
121186
121322
121458
121574
121616
121648
121695
121745
121959
122107
122305
122726
122794
122838
122864
122938
122995
123154
123166
123545
123551
123564
123738
123877
124381
124535
124612
124615
124732
124900
124912
125297
125618
125916
126070
126192
126359
126376
126451
126465
126538
126905
127076
127108
127179
127258
127303
127358
127543
127588
127748
127942
127946
128125
128229
128432
128516
128531
128656
128713
128786
128927
129078
129213
129311
129407
129464
129507
129569
129587
129736
129921
129985
130061
130130
130187
130200
130327
130346
130451
130793
130951
131293
131295
131341
131489
131708
131748
131799
131918
132177
132578
132724
132752
132873
132883
133235
133730
133799
133991
134038
134161
134218
134270
134543
134572
134786
134860
135468
135519
135727
135772
135921
136009
136082
136187
136275
136290
136615
136626
136634
136676
136717
136796
136907
137091
137450
137788
137800
138081
138138
138188
138257
138277
138493
138530
138685
138763
138909
139069
139112
139392
139396
139580
139640
139830
139932
140029
140083
140348
140375
140713
140853
141000
141252
141362
141385
141416
141553
141556
141661
141719
142049
142100
142209
142384
142573
142733
142769
143528
143868
143871
144003
144010
144046
144048
144227
144355
144372
144429
144623
144660
144791
144795
144898
144935
145085
145213
145284
145303
145338
145462
145540
145817
145833
145880
146670
146723
146766
146865
146881
146883
146886
146977
147013
147241
147539
148067
148221
148290
148307
148355
148387
148431
148442
148503
148759
148793
148866
149339
149356
149547
149576
149619
149709
149785
149812
149833
149882
149985
150013
150061
150216
150220
150277
150307
150340
150607
150746
150814
150874
150900
150953
151065
151083
151124
151229
151353
151602
151771
151811
152144
152259
152353
152441
152478
152603
152740
152928
153028
153031
153123
153147
153161
153285
153331
153401
153455
153511
153657
153690
153775
153825
153891
153916
154116
154156
154459
154559
154592
154629
154694
155065
155288
155420
155479
155610
155839
155889
156120
156233
156244
156343
156530
156742
156824
156858
157357
157396
157577
157592
157764
158094
158156
158235
158284
158310
158549
158639
158723
158746
158891
159012
159249
159302
159304
159580
159590
159624
159829
159925
160000
160014
160069
160259
160351
160709
160763
161006
161075
161102
161256
161341
161406
161488
161507
161582
161772
161800
162336
162426
162554
162621
162704
162716
162805
162823
162917
163093
163184
163231
163283
163396
163453
163791
163796
163806
163875
163889
163999
164231
164260
164390
164503
164564
164712
164757
165127
165189
165311
165358
165402
165463
165749
165797
165848
166008
166056
166079
166146
166437
166605
166617
166877
167010
167293
167483
167514
167516
167521
167958
168293
168348
168429
168436
168603
168665
168975
169072
169201
169413
169433
169459
169487
169514
169934
169952
170015
170046
170230
170383
170477
170522
170758
170928
170977
170986
171586
171751
171869
171913
171972
171981
172176
172253
172422
172720
172769
172973
173086
173090
173211
173309
173311
173365
173395
173396
173567
173612
173952
173962
173969
174020
174095
174179
174547
174685
174791
174822
174859
174917
175049
175072
175287
175310
175411
175470
175562
175620
175627
175658
175866
175870
176140
176167
176221
176272
176341
176375
176383
176463
176591
176634
176711
176724
176829
176845
177062
177154
177175
177341
177431
177497
177504
177586
177710
177822
177894
178010
178025
178038
178061
178220
178432
178488
178612
178638
178706
178871
178882
178980
179028
179074
179413
179455
179539
179549
179570
179579
179592
179651
179769
179795
179795
179830
179875
179949
180019
180026
180028
180070
180117
180165
180211
180212
180301
180576
180606
180649
180813
180829
180932
181286
181298
181321
181330
181390
181435
181441
181757
181817
181848
182078
182084
182101
182176
182210
182213
182421
182529
182620
182649
182865
182898
183001
183198
183292
183401
183455
183598
183702
183776
183808
183813
183843
183851
183923
184010
184034
184127
184168
184319
184343
184516
184716
184835
184853
185038
185175
185225
185234
185236
185327
185436
185470
185477
185561
185649
185900
185980
185981
186050
186079
186092
186142
186185
186349
186674
186696
186802
187055
187194
187458
187497
187579
187794
187996
188093
188129
188146
188151
188702
188718
188747
188871
188887
189097
189406
189428
189566
189843
189904
190389
190441
190538
190632
190722
190731
190746
190955
190963
191075
191147
191216
191356
191372
191385
191510
191548
191549
191582
191644
191673
191766
191873
192300
192337
192398
192477
192748
192785
192873
192951
193011
193143
193181
193249
193348
193437
193699
193754
193951
194064
194084
194243
194482
194492
194664
194679
195023
195043
195112
195190
195240
195251
195254
195285
195583
195698
195715
195828
195912
196061
196223
196420
196429
196481
196607
196614
196789
196801
197109
197134
197286
197482
198275
198291
198488
198668
198706
198756
198880
198986
198996
199094
199286
199389
199463
199730
199801
199819
199856
200075
200206
200379
200386
200422
200461
200529
200620
200628
200667
200801
201049
201089
201279
201299
201642
201918
201951
202272
202340
202421
202557
202558
202575
202628
202800
203017
203089
203430
203462
203476
203488
203500
203511
203576
203740
203769
203776
203856
204069
204174
204246
204444
204563
204962
204984
205069
205124
205215
205219
205284
205303
205345
205356
205372
205375
205567
205624
205734
205900
205909
205949
206021
206040
206050
206133
206151
206396
206417
206428
206487
206639
206679
206844
207161
207175
207382
207563
207784
207980
208049
208172
208715
208743
208881
209110
209142
209188
209235
209349
209657
209712
210180
210210
210483
210503
210567
210612
210838
210855
210881
210887
210914
211168
211186
211258
211456
211725
211740
211756
212014
212193
212256
212545
212671
212797
212827
212832
213099
213109
213163
213185
213407
213419
213570
213736
213760
213877
214147
214179
214255
214281
214604
214626
214684
214785
214788
214893
214937
214991
215103
215191
215399
215622
215901
216027
216188
216350
216513
216619
216722
216799
216908
217005
217031
217036
217092
217663
217733
217867
218221
218261
218318
218455
218585
218663
218847
218933
218960
218963
218981
219081
219087
219179
219606
219625
219911
219936
220035
220166
220601
220684
220708
220740
220753
220861
220912
221089
221118
221413
221559
221611
221759
221786
221955
222134
222388
222582
222716
222722
222785
222814
222818
222887
223023
223141
223148
223152
223187
223329
223576
223767
224008
224138
224405
224572
224666
224734
224850
224862
224946
225131
225209
225255
225435
225492
225560
226035
226060
226075
226079
226086
226086
226160
226167
226169
226222
226278
226385
226613
226771
226886
226955
227031
227149
227265
227374
227394
227425
227569
227641
227706
227745
227780
228045
228207
228279
228350
228381
228506
228550
228656
228687
228825
228991
229402
229458
229511
229768
230135
230307
230679
230803
230852
230856
230882
230992
231078
231136
231419
231442
231461
231894
232068
232111
232145
232156
232330
232417
232504
232743
232821
232858
232979
233046
233052
233063
233135
233159
233417
233604
233650
233778
233927
234124
234450
234633
234684
234888
235003
235063
235145
235210
235293
235379
235427
235681
235709
235739
235783
235915
236003
236525
236568
236762
236852
236896
237045
237163
237186
237239
237556
237648
237771
237780
237801
237855
237971
238003
238075
238317
238477
238506
238934
238950
238962
239061
239062
239151
239253
239307
239389
239428
239494
239534
239725
239841
239851
240028
240319
240720
240741
240999
241071
241153
241479
242010
242025
242026
242042
242052
242071
242122
242145
242145
242151
242246
242314
242449
242460
242625
242733
242944
243040
243088
243104
243170
243174
243178
243423
243587
243691
243702
243994
244033
244144
244147
244203
244357
244371
244385
244727
244855
244996
245025
245122
245169
245373
245715
245852
245918
245989
246002
246051
246092
246538
246657
247026
247034
247421
247436
247556
247692
248079
248149
248183
248329
248439
248457
248590
248630
248709
248753
248816
248821
249224
249337
249477
249730
249755
249880
249890
250216
250448
250532
250613
250991
251037
251049
251194
251239
251316
251422
251508
251656
251868
251883
252129
252186
252240
252273
252283
252436
252544
252550
252686
252735
252761
252985
253042
253122
253242
253680
253763
254095
254306
254468
254828
254905
255003
255160
255482
255495
255559
255799
255811
255960
256123
256128
256442
256462
256532
256632
256657
256785
256928
257400
257575
257878
257880
258008
258592
258840
258902
258904
258956
259047
259336
259369
259460
259639
259948
260200
260318
260359
260443
260504
260513
260555
260744
260832
260860
261114
261224
261268
261359
261359
261403
261474
261618
261643
261652
261821
261931
262117
262450
262494
262508
262526
262796
262835
263028
263170
263192
263219
263536
263650
263653
263670
263856
263864
263935
263958
264119
264220
264336
264418
264515
264691
264767
264977
265072
265218
265724
265738
265836
266139
266234
266256
266262
266441
266517
266872
266877
266897
266935
266953
267132
267149
267240
267290
267515
267827
267856
268039
268127
268334
268572
269000
269011
269023
269120
269302
269573
269681
269724
269818
269873
269889
270057
270089
270142
270205
270244
270530
270779
270792
270877
270917
271234
271379
271473
271474
271508
271622
271782
271797
271942
272137
272182
272345
272358
272606
272621
272652
272721
272759
272841
272868
273209
273236
273634
273636
273651
273890
274166
274401
274577
274933
274934
275073
275168
275278
275293
275321
275412
275564
275630
275682
275813
276019
276027
276159
276238
276539
276552
276773
276849
276865
276866
276999
277063
277126
277177
277400
277445
277457
277597
277703
277872
278300
278311
278402
278404
278644
278697
278751
278836
278955
279186
279213
279241
279400
279407
279422
279456
279757
279821
279849
280156
280382
280520
280645
280703
280849
280990
281099
281325
281332
281588
281844
281870
281885
281892
281943
282024
282114
282129
282178
282200
282263
282285
282370
282443
282489
282693
282722
282750
282876
282950
283007
283036
283126
283166
283209
283231
283237
283271
283484
283516
283903
284005
284142
284256
284307
284336
284600
284698
284838
284858
284872
284996
285012
285090
285198
285399
285425
285477
285516
285716
285979
286021
286158
286405
286421
286513
286518
286625
286771
287073
287086
287185
287199
287303
287366
287477
287550
287886
287956
288016
288072
288207
288381
288564
288655
288697
288703
288881
289307
289707
289850
289883
289904
290060
290164
290296
290323
290435
290436
290564
290745
290840
290862
290872
291163
291442
291561
291629
291735
292474
292661
292821
292875
292899
292980
293151
293504
293721
293847
293941
293974
294158
294247
294377
294410
294548
294604
294615
294655
294764
294808
294883
295017
295260
295360
295404
295638
295663
295729
295794
295819
295948
296106
296139
296169
296202
296375
296686
296727
296819
296920
297152
297288
297347
297807
297903
297911
298025
298081
298229
298283
298343
298548
298644
298741
298996
299459
299748
299782
299797
299990
299992
300001
300081
300161
300250
300363
300373
300611
300672
300680
300764
300967
301102
301230
301233
301235
301456
301518
301693
301783
301835
301882
301980
302006
302065
302253
302288
302324
302360
302427
302447
302543
302812
302871
302966
303111
303131
303201
303316
303323
303348
303377
303490
303624
303680
304085
304148
304163
304166
304257
304281
304376
304544
304561
304588
304591
304593
304701
304757
304794
304925
305025
305044
305474
305553
305584
305679
305836
305916
305979
305993
305997
306075
306144
306396
306416
306653
306680
306803
306891
307073
307137
307171
307526
307594
307684
307725
307777
307789
307906
307993
308343
308463
308524
308865
308912
308975
309078
309122
309476
309734
309748
309975
309980
309982
310062
310115
310117
310200
310344
310429
310502
310525
310604
310664
310720
310740
310782
310919
310971
311115
311391
311513
311537
311756
312235
312349
312397
312421
312428
312580
312683
312776
312844
312857
312892
312946
313071
313074
313266
313317
313632
313778
313790
313830
313932
314010
314019
314070
314099
314166
314198
314416
314436
314569
314716
314766
314904
314997
315158
315235
315342
315405
315442
315492
315679
316161
316308
316362
316513
316527
316723
316845
316980
316997
317205
317275
317329
317486
317662
317751
317875
317912
318271
318340
318341
318368
318590
318769
318774
318819
319033
319073
319078
319130
319258
319409
319473
319494
319606
319684
319727
319790
319866
319912
319925
319951
320157
320215
320240
320430
320501
320615
320775
320885
320914
321202
321378
321382
321387
321637
321652
321720
321875
321948
322001
322055
322074
322219
322398
322417
322903
322948
323232
323246
323255
323399
323650
323679
323789
323878
323933
324050
324193
324311
324340
324365
324378
324383
324570
324705
324812
324844
324944
325044
325056
325115
325146
325332
325439
325462
325562
325867
326035
326070
326134
326583
326602
326666
326941
327155
327214
327397
327657
327778
327823
327942
328007
328108
328160
328324
328334
328454
328468
328561
328898
328987
328988
329026
329027
329101
329150
329266
329303
329315
329736
329738
329986
330038
330086
330256
330323
330365
330618
330649
330707
331129
331442
331784
331937
332063
332124
332275
332528
332540
332647
332650
332907
332926
332984
333002
333195
333379
333405
333499
333582
333621
333719
333905
334019
334028
334198
334453
334522
334568
334870
334963
335009
335021
335088
335415
335435
335452
335477
335586
335633
335907
335945
336011
336118
336148
336186
336284
336590
337023
337086
337240
337366
337379
337578
337606
337869
338180
338215
338420
338589
338659
338682
338696
338794
338882
338950
338961
338980
339046
339156
339224
339384
339428
339539
339552
339734
339738
339976
340312
340590
340955
341006
341246
341257
341272
341319
341341
341929
341990
342035
342071
342074
342107
342306
342367
342441
342531
342655
343054
343277
343344
343363
343476
343561
343731
343844
344025
344115
344149
344162
344231
344333
344340
344544
344653
344777
344804
344826
344948
345064
345069
345136
345138
345151
345173
345298
345336
345723
345791
345883
345949
345977
345991
346043
346066
346094
346239
346284
346556
346818
346819
346856
346938
346988
347003
347188
347234
347316
347518
347544
347567
347591
347626
347770
347918
348071
348177
348237
348337
348344
348351
348622
348942
349261
349361
349521
349612
349636
349700
349740
349827
349890
349966
349971
349974
350043
350356
350598
350737
350805
351009
351114
351119
351123
351239
351321
351348
351355
351642
351708
351831
351948
352096
352100
352155
352224
352228
352229
352354
352390
352402
352669
352734
352751
352758
352788
353048
353166
353705
353768
353775
353792
353903
353915
354112
354149
354215
354278
354320
354659
354670
354735
355109
355259
355260
355698
355716
355725
355959
356067
356141
356202
356537
356620
356807
356992
357049
357422
357634
357657
357682
357732
357976
357980
358036
358044
358057
358167
358322
358339
358363
358525
358547
358596
358644
358665
358736
359007
359035
359042
359197
359280
359505
359574
359796
359867
359976
360168
360202
360236
360317
360379
360456
360564
360580
360593
360752
360784
360826
360833
361087
361256
361282
361301
361305
361455
361872
361879
361982
362162
362171
362358
362566
362598
362601
362631
362955
362983
363022
363171
363486
363879
364220
364249
364265
364732
364900
364976
365430
365540
365567
366193
366263
366462
366497
366595
366731
366745
366840
366841
366961
366963
366988
366995
367083
367087
367109
367185
367188
367355
367390
367558
367675
367683
367755
367829
368361
368833
368846
368853
368910
369099
369147
369244
369303
369303
369577
369628
369633
369671
369717
369727
369843
369920
369998
370040
370092
370097
370126
370181
370752
370789
370870
370899
370906
370908
371388
371544
371859
371864
371913
372120
372276
372356
372365
372559
372709
372755
373285
373323
373329
373411
373547
373593
373946
374262
374272
374381
374518
374587
374763
374828
375419
375425
375500
375607
375628
375961
376006
376094
376187
376205
376375
376420
376474
376494
377113
377246
377254
377340
377422
377427
377451
377665
377793
378029
378064
378114
378267
378622
378797
378816
379015
379097
379103
379547
379788
379856
379893
379910
379962
380165
380195
380762
380779
380781
380905
380931
381109
381120
381203
381215
381273
381639
381695
381794
381861
381902
382170
382178
382339
382476
382591
382659
382891
383182
383191
383369
383486
383641
383854
384032
384103
384306
384402
384499
384718
384849
384854
384858
384958
385004
385008
385060
385117
385238
385279
385347
385481
385756
385772
385999
386043
386146
386180
386271
386526
386817
386825
386980
387015
387081
387321
387367
387430
387487
387672
388069
388236
388287
388304
389005
389008
389209
389425
389525
389525
389651
389734
389842
389934
390268
390272
390312
390325
390363
390409
390491
390497
390547
390592
390606
390693
390828
390921
391350
391657
391705
392090
392202
392310
392371
392390
392485
392490
392526
392695
392704
392757
392979
393112
393309
393333
393344
393474
393475
393575
393652
393814
393983
394042
394191
394207
394614
394804
395178
395289
395459
395571
395626
395750
395830
396098
396406
396533
396576
396798
396906
396969
397133
397138
397167
397318
397357
397452
397682
397719
397735
397815
398121
398168
398186
398252
398400
398403
398503
398516
398609
398653
398877
398982
398990
399123
399303
399373
399405
399429
399632
399677
399680
399769
399779
399905
399967
399986
400159
400185
400271
400320
400372
400426
400433
400444
400457
400699
400911
401129
401347
401593
402030
402075
402747
402762
402774
402895
403060
403172
403233
403315
403518
403525
403603
403921
403994
404036
404044
404126
404227
404231
404270
404317
404378
404662
404874
404914
405134
405180
405415
405502
405642
405686
405727
405761
405817
405916
406069
406417
406553
406603
406822
406872
407061
407224
407468
407628
407656
407710
407972
408039
408063
408085
408157
408282
408333
408472
408877
409042
409176
409352
409392
409440
409509
409527
409546
409644
409844
409848
409895
409961
410282
410475
410543
410588
410607
410961
411276
411433
411787
411877
411915
412015
412108
412249
412376
412444
412543
412692
412744
412748
412763
412827
413216
413401
413631
413827
414057
414112
414203
414219
414354
414598
414734
414805
414916
414976
414999
415008
415027
415432
415472
415525
415557
415698
415706
415828
415840
416197
416316
416577
416748
416792
417199
417342
417443
417448
417498
417665
417675
417769
417783
417835
417847
418006
418025
418046
418055
418091
418193
418226
418368
418450
418723
418862
418875
418927
419056
419106
419130
419150
419300
419307
419350
419355
419476
419761
419822
419840
419914
419991
420025
420191
420268
420405
420807
420808
420839
420840
421012
421025
421456
421641
421806
421937
421967
422067
422118
422142
422317
422351
422395
422487
422488
422675
422689
422889
423495
423632
423647
423795
423801
423862
424028
424195
424420
424527
424602
424609
424718
424774
424841
424855
425034
425122
425142
425268
425310
425373
425599
425649
425743
425831
426002
426276
426505
426601
426693
426835
426888
427389
427475
427501
427563
427582
427600
427606
428060
428065
428126
428236
428321
428340
428420
428606
428662
428683
428804
428806
428983
429026
429227
429237
429357
429399
429499
429511
429525
429573
429577
429900
430010
430042
430084
430142
430203
430414
430430
430447
430655
430777
430889
430890
431146
431173
431588
431691
431804
432055
432132
432151
432168
432194
432278
432287
432316
432366
432401
432418
432513
432664
432710
432911
432946
433029
433163
433231
433257
433305
433652
433813
433873
434081
434201
434312
434362
434378
434381
434424
434546
434647
434676
434731
434854
434906
434911
434951
434980
434988
435284
435482
435618
435661
435695
435851
436142
436168
436269
436455
436491
436576
436785
436928
436960
437015
437087
437124
437232
437382
437497
437508
437660
437678
437704
437725
437775
437892
437927
438091
438219
438250
438401
438406
438436
438571
438633
438693
439114
439148
439497
439524
439544
439553
439655
439764
439787
439887
440012
440111
440278
440285
440293
440296
440341
440454
440504
440532
440554
440565
440795
440800
440848
440891
440916
440962
441120
441263
441271
441413
441470
441508
441538
441591
441712
441896
441959
441973
442058
442284
442532
442971
443215
443386
443440
443497
443522
443640
443688
443913
443970
444128
444221
444320
444429
444624
444775
445016
445057
445098
445326
445421
445546
445614
445806
445853
445868
445871
446110
446171
446271
446279
446281
446410
446445
446524
446794
446797
446897
446916
446989
447256
447292
447560
447700
447736
447773
448016
448147
448184
448345
448378
448403
448616
448758
448824
448983
449034
449070
449135
449162
449182
449259
449438
449662
449807
449837
450302
450332
450449
450463
450559
450716
450886
450994
451143
451304
451330
451894
451976
451979
452085
452120
452144
452161
452162
452205
452346
452347
452382
452520
452590
452763
452935
452937
453096
453272
453282
453436
453449
454038
454038
454366
454520
454585
454601
454652
454670
454674
454737
454853
454854
454888
455061
455085
455105
455126
455210
455228
455398
455448
455550
455700
455794
455827
455928
456459
456683
456765
456927
456984
457327
457347
457446
457449
457508
457621
457860
458047
458151
458161
458455
458573
458587
458704
458706
458742
458746
458960
459114
459171
459246
459425
459545
459549
459862
459899
459921
460268
460353
460455
460479
460522
460759
460824
460916
460973
461116
461284
461326
461383
461402
461603
461660
461768
461816
461849
462054
462081
462089
462302
462335
462336
462517
462591
462630
462659
462891
462952
462955
462999
463011
463031
463317
463575
463662
463905
463913
463994
464076
464084
464105
464217
464418
464730
464740
465037
465324
465386
465417
465459
465547
465561
465939
466111
466118
466152
466447
466469
466872
466973
467063
467206
467281
467285
467289
467360
467472
467605
467770
467776
468032
468155
468185
468348
468356
468379
468405
468426
468529
468555
468625
468631
469000
469350
469842
469862
469949
470007
470050
470085
470314
470411
470516
470700
470714
470763
470932
471254
471295
471368
471558
471577
471745
471745
471895
472506
472772
473024
473043
473329
473344
473404
473474
473541
473686
473945
474045
474051
474219
474245
474305
474611
474613
474643
474710
474726
474895
474963
475535
475632
475947
476073
476399
476446
476505
476776
476834
477068
477134
477200
477272
477393
477599
477705
477717
477771
477803
477888
477935
477986
478020
478110
478314
478634
478820
478968
478992
479243
479261
479273
479405
479497
480022
480112
480202
480332
480380
480391
480428
480678
480923
480980
481011
481293
481439
481453
481458
481684
481705
481831
482061
482132
482190
482399
482538
482818
482928
482936
482936
482964
483063
483154
483290
483315
483396
483535
483644
483918
483977
483979
484018
484228
484338
484430
484683
484949
485282
485522
485596
485633
485790
485962
485967
486190
486366
486372
486394
486444
486690
486884
487013
487320
487336
487439
487476
487502
487964
488218
488398
488417
488440
488629
488833
488867
488908
488934
489097
489499
489543
489562
489864
490013
490074
490404
490419
490474
490793
491199
491353
491467
491704
491870
491935
492020
492050
492129
492297
492301
492418
492524
492652
492908
493110
493516
493529
493530
493664
493686
493859
493983
493986
494191
494358
494491
494552
494596
495065
495330
495552
495804
496057
496137
496220
496246
496340
496384
496418
496428
496530
496606
496676
496779
496838
496932
497038
497100
497228
497518
497519
497527
497668
497715
497741
497913
497932
497984
498052
498169
498360
498376
498442
498525
498726
498799
498938
499090
499403
499540
499712
499945
500320
500393
500547
500571
500778
501063
501159
501213
501216
501464
501515
501515
501536
501711
501920
502002
502013
502044
502312
502312
502336
502510
502681
502850
502935
503010
503204
503210
503236
503243
503305
503379
503702
503747
503784
503803
503816
503823
503876
503906
503962
504097
504189
504204
504259
504339
504685
504727
504886
504914
504922
504991
505017
505040
505370
505412
505855
505903
505915
505953
506138
506229
506361
506362
506378
506405
506480
506576
506642
506688
506771
506887
506891
507034
507090
507107
507162
507250
507290
507613
508272
508316
508443
508460
508568
508692
508762
508866
508912
509049
509541
509748
510003
510154
510192
510290
510425
510463
510472
510601
510617
510624
510669
510821
510870
511004
511328
511663
511853
511863
511889
511922
512098
512182
512199
512213
512323
512330
512484
512492
512647
512699
512800
512918
513040
513107
513152
513210
513357
513451
513461
513627
513736
513753
513808
513879
513887
513987
514084
514395
514645
514691
515028
515426
515551
515697
515711
515713
515729
515852
515901
516013
516172
516185
516278
516464
516608
516970
517137
517260
517332
517391
517588
517648
517793
517802
517977
518010
518092
518142
518403
518420
518847
519009
519103
519315
519340
519423
519513
519523
519827
519871
519969
520129
520211
520263
520586
520663
520684
520718
520816
520877
521219
521226
521347
521354
521467
521519
521642
521976
522071
522213
522341
522383
522442
522553
522596
522862
522958
523000
523230
523348
523547
523629
523633
523759
523892
523899
523951
524097
524116
524140
524192
524203
524210
524283
524306
524340
524378
524538
524626
524902
525007
525018
525082
525086
525156
525217
525287
525291
525384
525511
525520
525590
525625
525714
525808
525860
525934
525959
526117
526475
526702
526820
527138
527184
527200
527264
527500
527624
527778
527870
528139
528158
528164
528685
528786
528813
528940
528999
529009
529121
529184
529189
529283
529355
529477
529564
529567
529693
529754
529809
530028
530042
530147
530199
530248
530310
530680
531038
531083
531156
531205
531311
531357
531418
531422
531483
531537
531627
531791
531916
532094
532265
532349
532375
532472
532752
532776
533073
533120
533162
533176
533203
533236
533245
533333
533347
533533
533683
533874
533936
533975
534032
534190
534243
534252
534426
534563
534661
534777
534852
534885
534991
535162
535319
535633
535677
536001
536037
536060
536083
536214
536393
536412
536782
536786
536883
536940
537148
537450
537498
537561
537671
537807
537822
538011
538234
538281
538364
538417
538419
538576
538626
538808
538829
538927
538937
538998
539003
539206
539366
539411
539674
539772
539781
539903
540068
540377
540596
540605
540818
541150
541400
541416
541533
541542
541786
541799
541864
541864
542175
542264
542367
542464
542472
542840
542895
542937
543012
543075
543435
543834
543915
543929
544021
544030
544034
544231
544374
544575
544941
544998
545116
545127
545128
545271
545282
545434
545489
545535
545787
545800
545813
545978
546121
546226
546253
546294
546395
546521
546524
546583
546653
546841
546943
547050
547129
547255
547278
547314
547317
547327
547387
547912
548118
548251
548725
548821
548875
548902
548924
548951
549191
549245
549269
549277
549282
549285
549419
549475
549718
549764
549784
549799
550022
550061
550120
550167
550210
550216
550226
550422
550460
550634
550643
550759
550793
550953
551051
551059
551077
551215
551353
551411
551423
551564
551619
551697
551871
551900
551936
552191
552258
552536
552827
552906
552938
553026
553094
553131
553139
553594
553813
553851
553913
553966
554060
554110
554179
554251
554400
554421
554466
554607
554642
554933
554973
555188
555368
555431
555463
555531
555556
555559
555635
555772
555978
556023
556471
556868
556985
557030
557290
557518
557718
557745
557747
557979
558037
558060
558155
558181
558275
558616
558623
558705
558928
559205
559704
559862
560025
560159
560203
560247
560283
560294
560566
560594
560745
561117
561416
561499
561506
561519
561603
561786
561994
562070
562271
562424
562442
562526
562643
562644
562645
563230
563493
563762
564053
564054
564431
564449
564527
564561
564695
564775
564777
564794
564889
565044
565155
565269
565316
565335
565558
565618
565633
565720
565989
566095
566199
566273
566495
566576
566875
566970
567027
567207
567221
567392
567496
567520
567548
567609
567712
567796
567804
567849
567875
567976
567980
568116
568151
568158
568223
568366
568369
568419
568473
568616
568639
568790
569003
569014
569014
569103
569162
569165
569265
569281
569527
569557
569559
569570
569833
570068
570205
570270
570348
570354
570653
570657
570661
570693
570709
570898
570997
571032
571203
571215
571298
571474
571486
571516
571541
571677
571677
571770
571772
571835
571947
572044
572057
572075
572093
572274
572366
572464
572713
572779
572856
572927
573131
573156
573355
573869
573886
574229
574254
574335
574397
574624
574854
575037
575154
575174
575179
575342
575427
575445
575665
575726
575807
575903
575983
576106
576173
576257
576386
576481
576545
576568
576609
576630
576644
576826
576867
577025
577095
577096
577406
577420
577535
577584
577665
577672
577732
577943
578346
578372
578490
578542
578776
578807
578903
579000
579017
579067
579129
579692
579700
579837
580026
580224
580272
580282
580549
580627
580723
580879
580901
581684
581803
581928
581937
581999
582097
582451
582533
582976
583155
583513
583557
583908
583941
584004
584046
584065
584108
584384
584441
584615
584684
584732
584740
585319
585319
585359
585519
585519
585537
585567
585671
585702
585818
585833
586029
586102
586121
586293
586471
586472
586842
586889
586945
587266
587488
587519
587623
587741
587891
587974
587983
588075
588172
588229
588241
588410
588656
588722
588852
589073
589076
589326
589754
589776
589958
589981
590128
590132
590251
590287
590347
590395
590410
590600
590683
590805
590945
590983
591007
591480
591513
591528
591671
591673
591819
591967
592240
592490
592658
592783
592867
592966
593045
593126
593205
593266
593418
593545
593699
593703
593720
593738
593744
593768
593824
593870
593941
593986
594241
594534
594597
594832
594992
594999
595079
595098
595303
595631
595641
595949
596049
596233
596338
596552
596555
596611
596624
596642
596890
596914
596921
597053
597134
597270
597320
597374
597436
597442
597509
597786
597901
597940
598101
598193
598361
598440
598666
598746
598846
598884
599005
599005
599161
599167
599296
599403
599429
599553
599584
599589
599667
599952
600149
600154
600255
600377
600452
600537
600587
600779
601013
601040
601052
601145
601289
601378
601711
601797
601968
602040
602201
602242
602333
602347
602390
602507
602518
602607
602607
602672
602722
602840
602861
602870
602988
603376
603418
603724
603856
603915
604106
604598
604710
604730
604830
604966
605112
605153
605374
605620
605645
605921
606161
606300
606441
606465
606478
606624
606785
606928
607121
607282
607349
607518
607738
607751
607833
607887
607904
607984
608104
608190
608238
608329
608594
608687
608758
608905
608921
609453
609621
609756
609923
609938
610209
610294
610302
610311
610356
610362
610623
610657
610728
610756
610942
610971
611132
611157
611187
611187
611242
611437
611711
611861
611946
611977
611985
612008
612139
612144
612148
612292
612312
612327
612390
612743
613183
613185
613335
613459
613507
613545
613559
613638
613717
613775
613794
613913
614080
614376
614392
614509
614511
614541
614621
614697
614712
614734
614859
614954
614965
614968
615184
615398
615447
615616
615622
615787
615796
615816
615821
615888
615920
615955
615965
616011
616625
616699
616752
616799
616858
616903
617014
617468
617625
617702
618217
618676
618710
618732
619118
619147
619204
619209
619218
619222
619343
619369
619382
619621
619702
619760
619824
619886
619943
620140
620498
620521
620522
620986
621012
621048
621104
621176
621296
621389
621539
621618
621658
621783
621889
622506
622549
622575
622784
622824
622992
623133
623322
623383
623425
623465
623514
623651
623657
623683
623896
624032
624045
624072
624327
624546
624701
624724
624921
624969
624996
625410
625625
625628
625628
625700
625864
625884
626063
626336
626487
626618
626645
626838
626852
626940
627096
627362
627385
627476
627624
627657
627718
627974
628068
628175
628282
628288
628317
628333
628479
628491
628495
628505
628791
628794
628940
629096
629111
629142
629183
629416
629427
629465
629767
629873
629981
630464
630562
630914
631039
631099
631178
631222
631248
631271
631376
631468
631475
631516
631896
632066
632250
632278
632380
632431
632471
632551
632554
632567
632588
632600
632736
632846
632927
633220
633222
633287
633318
633407
633426
633461
633467
633510
633704
633779
633903
634049
634052
634071
634123
634560
634625
634682
634742
634807
634966
635127
635325
635673
635709
635792
635884
635901
636008
636026
636111
636390
636483
636524
636529
636616
636715
636727
636756
636856
636934
637246
637394
637586
637659
637747
637765
637840
637911
637936
637942
638090
638272
638303
638574
638609
638634
638685
638984
639009
639017
639202
639294
639437
639747
639840
639910
640087
640150
640406
640442
640475
640595
640638
640716
640856
641048
641080
641089
641184
641231
641406
641422
641442
641608
641793
641814
641907
641918
642041
642112
642171
642344
642370
642388
642422
642537
642664
642708
642874
643143
643228
643292
643328
643540
643817
643870
643918
644006
644228
644390
644542
644597
644656
644932
645181
645200
645200
645474
645515
645517
645608
645962
646011
646048
646134
646163
646209
646539
646887
646939
647042
647043
647047
647050
647052
647118
647153
647337
647368
647691
648182
648285
648396
648491
648627
648732
648959
648976
648977
649010
649307
649428
649569
649573
649681
649760
649904
649930
649942
649955
650209
650404
650422
650539
650712
650811
650900
651025
651055
651117
651125
651181
651222
651297
651459
651464
651482
651516
651709
651712
651981
651985
651993
652073
652125
652126
652263
652387
652493
652517
652563
652685
652693
652816
653035
653124
653283
653357
653433
653454
653587
653646
653691
653694
653825
653895
654255
654333
654498
654689
654782
654947
655109
655119
655148
655362
655422
655423
655429
655759
655787
655801
655821
655903
655975
655997
656101
656240
656290
656451
656603
656711
656711
656862
657015
657253
657465
657516
657710
657889
657898
658027
658078
658125
658181
658186
658230
658379
658447
658784
658873
658883
658909
658914
659097
659146
659338
659521
659667
659675
659929
660122
660166
660414
660507
660874
660956
661038
661046
661138
661146
661291
661621
661659
661684
661690
661699
661964
662197
662266
662308
662441
662724
662883
662945
663091
663114
663173
663178
663268
663468
663553
663637
663667
663690
663709
663963
663996
664043
664270
664297
664313
664336
664527
664536
664591
664676
664687
664719
664810
665035
665074
665334
665451
665735
665793
665959
666073
666082
666096
666103
666234
666530
666536
666738
666835
667222
667379
667737
667860
667874
667875
667959
668021
668077
668146
668220
668358
668360
668396
668599
668651
668727
668804
669060
669086
669321
669322
669493
669503
669708
669725
669982
670066
670164
670320
670325
670386
670462
670599
670660
670930
670966
670974
671051
671065
671315
671380
671385
671535
671540
671884
671991
672270
672385
672566
672757
672773
672790
672892
673074
673435
673455
673493
673548
673647
673678
673692
673794
673911
673917
674042
674062
674080
674194
674327
674444
674451
674489
674523
674524
674716
674936
675156
675176
675200
675285
675312
675333
675482
675524
675588
676094
676118
676233
676244
676479
676520
676553
677000
677087
677166
677201
677223
677291
677446
677483
677549
677550
677691
677781
677832
677935
678004
678393
678478
678729
678743
678846
678976
678999
679012
679033
679041
679294
679300
679441
679577
679661
679664
679740
679866
679992
680200
680216
680340
680382
680470
680481
680557
680577
680798
680818
680824
680828
680865
681120
681141
681242
681249
681376
681418
681439
681452
681478
681517
681564
681879
681954
681997
682061
682145
682174
682189
682425
682514
682524
682593
682632
682734
682759
682976
682980
683867
683884
683970
683977
684089
684221
684265
684297
684327
684383
684383
684544
684552
684669
684747
684847
684856
685068
685070
685078
685125
685247
685413
685517
685529
685719
685741
685910
686064
686240
686267
686333
686464
686717
686721
686721
686841
686850
687000
687228
687331
687368
687496
687551
687601
687606
687690
687731
687912
687966
688281
688359
688363
688403
688451
688597
688704
688783
689007
689089
689175
689205
689341
689381
689493
689706
690243
690273
690315
690500
690608
690639
690701
690897
690925
690955
690978
691133
691243
691564
691709
691771
691780
691947
692099
692281
692672
692743
692766
692850
692945
693030
693170
693289
693350
693636
693690
693853
693982
694305
694344
694425
694494
694802
694829
694940
695056
695107
695109
695276
695310
695365
695457
695492
695520
695545
695660
695743
695769
695775
695805
695883
696060
696079
696239
696321
696493
696540
696589
696634
696678
696693
696731
696870
696897
697064
697191
697374
697646
697944
698167
698341
698401
698928
699012
699086
699113
699192
699210
699457
699486
699878
699888
699895
700171
700187
700918
700974
701021
701026
701199
701354
701554
701721
701757
702039
702042
702051
702065
702192
702223
702242
702397
702586
702619
702706
702920
702999
703004
703223
703265
703575
703772
703789
703815
703910
703973
704055
704116
704169
704261
704365
704385
704413
704428
704675
704829
704873
704907
704989
705061
705187
705400
705537
705537
705693
705830
705861
705913
705920
705949
705959
706075
706125
706158
706284
706343
706409
706449
706472
706743
706827
706945
706975
706997
707037
707175
707252
707256
707566
707708
707846
707912
707942
708009
708023
708047
708079
708113
708131
708343
708353
708438
708519
708568
708633
708650
708709
708815
708850
708852
708898
709026
709070
709074
709220
709271
709324
709419
709453
709513
709527
709656
709727
709810
709817
709821
709900
710022
710106
710132
710166
710321
710684
710738
710777
710844
710898
711044
711200
711248
711372
711401
711466
711765
711866
712161
712166
712234
712293
712484
712560
712600
712995
713278
713449
713526
713566
713715
713869
713944
714027
714393
714479
714646
714858
714873
714938
714991
715123
715228
715392
715422
715451
715504
715602
715606
715709
715723
715751
715853
716200
716218
716348
716608
716745
717001
717078
717187
717267
717712
717754
717858
717875
717876
717883
717893
717948
718109
718138
718155
718155
718617
718707
718933
718933
718954
719281
719646
719686
719938
719949
719950
720157
720287
720628
720674
720748
720824
720847
721047
721077
721118
721203
721209
721234
721445
721555
721713
721781
721858
722001
722109
722624
722696
722700
722735
722744
722842
723030
723048
723086
723134
723239
723307
723353
723451
723561
723784
723943
723992
724133
724239
724277
724383
724483
724506
724607
724611
724851
724982
725148
725179
725465
725575
725656
725768
725821
725859
725864
725925
726088
726113
726119
726197
726260
726306
726331
726407
726533
726660
726710
726747
726819
726956
727135
727497
727995
728077
728166
728316
728433
728455
728562
728615
728727
728762
729053
729166
729199
729337
729347
729381
729469
729613
729733
729805
730184
730261
730405
730697
730725
730870
730901
731023
731042
731501
731862
731986
732050
732309
732493
732511
732610
732647
732663
732670
732745
732761
732785
732839
732853
732967
733272
733343
733360
733502
733580
733646
733654
733816
733832
733862
733893
734086
734196
734211
734256
734377
734492
734652
734744
734825
734936
734983
735029
735184
735213
735262
735331
735532
735583
735651
735656
735761
735821
735825
735942
735961
735977
736089
736150
736318
736367
736482
736639
736653
736763
737131
737146
737150
737315
737473
737511
737515
737523
737943
737949
738031
738184
738248
738325
738461
738563
738790
739111
739135
739139
739163
739581
739597
739623
739745
740008
740244
740330
740694
741039
741109
741365
741374
741493
741583
741681
741712
742117
742139
742199
742218
742524
742720
742768
742871
742968
743418
743895
743918
744343
744380
744421
744426
744431
744529
744555
744586
744703
744779
744853
744933
744964
745090
745166
745167
745258
745290
745402
745648
745725
745925
745964
745972
745997
746048
746185
746247
746361
746592
746602
746746
746784
746859
746868
747132
747214
747303
747362
747363
747388
747505
747540
747732
747830
747830
747860
747867
747915
748098
748247
748265
748314
748484
748661
748759
748900
749070
749074
749085
749093
749543
749614
749695
749990
750309
750757
750856
750883
750914
751054
751059
751137
751210
751522
751551
751733
751774
751994
752020
752021
752049
752099
752324
752494
752496
752623
752627
752697
752701
752857
752858
753035
753287
753307
753366
753741
753819
754004
754014
754086
754209
754554
754558
754591
754657
754769
754858
754902
754941
755279
755324
755661
755876
755916
756255
756307
756522
756933
757028
757114
757230
757368
757544
757693
757813
757945
757991
758204
758213
758248
758465
758603
758764
758788
758814
759051
759113
759166
759310
759317
759930
760538
760722
760936
761036
761084
761132
761182
761363
761887
761923
762041
762243
762354
762380
762411
762638
762891
762958
763013
763024
763110
763124
763291
763548
763683
763795
763852
764114
764447
764496
764790
765115
765197
765291
765451
765591
765601
765944
766079
766240
766534
766973
767040
767040
767123
767143
767284
767318
767414
767439
767571
767580
767803
767816
767844
768062
768239
768298
768368
768502
768519
768553
768594
768721
768972
768982
769307
769413
769526
769585
769617
769724
769879
769973
770103
770192
770379
770588
770865
770905
771004
771022
771054
771281
771507
771617
771710
771915
772004
772158
772221
772232
772742
772949
773010
773042
773424
773567
773634
773768
773845
774168
774222
774465
774489
774583
774984
775075
775126
775240
775263
775281
775358
775877
776507
776527
776547
776646
776666
776738
777001
777003
777034
777112
777163
777225
777272
777386
777633
777661
777679
777726
777821
777828
777846
777946
777966
778111
778164
778176
778247
778829
778909
778918
778930
778934
778970
779019
779282
779324
779337
779382
779412
779709
779808
779907
779936
779969
779992
780006
780010
780039
780246
780268
780341
780349
780676
780848
780915
780981
781012
781051
781200
781221
781233
781320
781481
781481
781481
781525
781538
781860
781917
781963
782000
782030
782200
782238
782559
782925
782951
783035
783125
783213
783438
783694
783737
783771
784042
784267
784415
784527
784648
784735
784777
785021
785031
785220
785422
785537
785681
785721
785805
785894
786220
786369
786477
786594
786597
786644
786673
787007
787021
787098
787429
787458
787618
788011
788057
788153
788187
788211
788267
788318
788358
788404
788519
788665
788671
788809
788850
788996
789051
789068
789286
789320
789598
789614
789781
789901
789995
790140
790240
790281
790388
790406
790447
790702
790889
790938
790961
791031
791162
791265
791394
791415
791422
791476
791794
791854
791897
792169
792348
792433
792461
792504
792534
792601
792639
792779
792988
793423
793464
793577
793761
793782
793829
793955
794023
794052
794420
794487
794533
794655
794727
794804
794836
794979
795169
795265
795483
795522
795674
795708
795783
795875
795993
796116
796158
796172
796211
796352
796382
796404
796483
796490
796619
796632
796769
797225
797274
797282
797339
797388
797540
797966
798035
798132
798193
798291
798318
798343
798365
798369
798668
798721
798739
798845
799160
799313
799482
799561
799570
799759
799774
799875
799980
799996
800112
800397
800498
800681
800886
800895
801162
801177
801239
801332
801339
801564
801566
801799
801835
801977
802079
802147
802230
802250
802315
802386
802412
802476
802539
802568
802619
802717
802939
802987
803117
803203
803287
803447
803574
803616
803697
803701
803738
803813
803907
803999
804210
804353
804374
804563
804711
804884
805065
805370
805388
805391
805486
805865
805873
806027
806157
806473
806481
806704
806735
806850
806971
807048
807072
807082
807117
807139
807245
807282
807337
807341
807493
807810
807838
807886
807905
807942
808002
808682
808699
808822
809078
809153
809175
809318
809327
809378
809379
809390
809396
809465
809550
809656
809695
809810
809819
809833
809873
810314
810614
810696
810761
810835
811265
811325
811373
811378
811563
811580
811691
811741
811767
811807
812013
812329
812390
812667
812678
812715
812756
812916
813187
813407
813541
813585
813629
813932
813935
814258
814348
814362
814443
814501
814514
814537
814564
814635
814693
814777
815009
815128
815343
815395
815427
815491
815543
815658
815694
815928
816004
816237
817103
817369
817475
817663
817735
817813
817828
817913
818035
818058
818119
818221
818356
818367
818432
818498
818639
818730
818887
818904
819159
819304
819327
819641
819668
819910
820018
820018
820272
820319
820374
820429
820559
820568
820572
820722
820770
820842
820971
821079
821127
821140
821306
821400
821567
821596
821624
821807
821960
822026
822256
822456
822555
822645
822681
822753
822756
822789
822953
822962
823024
823126
823435
823626
823632
823692
823728
823795
823872
823911
824166
824229
824287
824310
824316
824325
824348
824477
824554
824624
824794
824825
824856
824876
825019
825157
825279
825303
825435
825460
825641
825676
825822
825945
826361
826435
826442
826444
826562
826740
826773
826797
826834
826850
826971
827104
827130
827274
827428
827438
827521
827545
827636
827738
827738
827810
828036
828152
828209
828324
828361
828482
828863
828934
829040
829134
829182
829262
829451
829796
829890
829961
829987
830355
830937
831025
831086
831154
831327
831510
831547
831575
831604
831941
831995
832268
832282
832562
832596
832643
833001
833307
833357
833481
833513
833641
833677
833832
833863
833941
833946
834017
834041
834042
834062
834363
834461
834499
834551
834745
834851
835034
835073
835081
835222
835420
835469
835483
835630
835924
836149
836158
836705
836832
836909
836969
837136
837145
837177
837274
837380
837469
837497
837509
837562
837669
837822
837923
837943
838165
838303
838522
838728
838780
838793
839030
839191
839238
839240
839321
839328
839608
840045
840116
840470
840506
840550
840574
840605
840644
840881
840894
840949
840963
841148
841152
841328
841403
841430
841502
841635
841662
841812
841851
841930
842081
842146
842253
842264
842314
842498
842527
842604
842747
842761
842865
842900
842945
843090
843155
843397
843453
843562
843647
843670
844088
844154
844202
844403
844490
844598
844762
844802
844828
844928
845017
845201
845256
845424
845608
845756
846033
846122
846240
846565
846620
846810
847026
847109
847178
847411
847454
847648
847808
847832
847932
848093
848221
848249
848388
848546
848598
848731
848803
849130
849332
849403
849523
849545
849622
849638
849752
849833
850250
850284
850448
850540
850567
850808
850904
850933
851041
851100
851120
851122
851176
851244
851407
851508
851635
851853
851919
852089
852177
852189
852212
852383
852400
852529
852546
852601
852869
852899
853060
853067
853281
853303
853432
853750
853861
853934
854030
854169
854526
854721
854723
854868
855002
855145
855360
855390
855504
855549
855580
855674
855742
855875
855928
856005
856207
856231
856243
856248
856249
856267
856281
856282
856476
856567
856672
856773
856998
857472
857564
857594
857695
857778
857784
857931
857980
857983
858179
858867
858875
859062
859065
859073
859377
859400
859430
859437
859481
859500
859564
859656
859737
859770
859873
859975
860129
860203
860261
860527
860606
860683
860874
860995
861016
861199
861352
861435
861527
861556
861594
861631
861702
861745
861855
861894
861959
861979
862021
862198
862337
862421
862424
862437
862663
862713
862756
862830
863130
863303
863660
863723
863756
863976
864024
864041
864194
864294
864400
864467
864627
864651
864651
864683
864899
864951
865056
865219
865327
865352
865389
865425
865660
865676
865693
865742
865845
865908
865990
865991
866036
866047
866130
866157
866280
866283
866439
866782
866851
867002
867153
867231
867776
867804
868533
868716
868888
868901
868972
869017
869034
869082
869201
869326
869585
869607
869668
869767
869785
869812
869823
869942
869984
870004
870060
870093
870239
870271
870320
870947
871058
871072
871120
871152
871187
871217
871282
871324
871469
871556
871565
871627
871785
871850
872019
872053
872178
872240
872405
872499
872542
872672
872764
872901
872949
873096
873308
873499
873650
873699
873816
873823
873880
874000
874004
874357
874462
874476
875251
875324
875357
875446
875491
875579
875637
875786
875824
875957
875992
876077
876109
876136
876251
876304
876915
876942
877000
877040
877042
877064
877160
877192
877225
877252
877293
877394
877437
877838
877846
877976
878013
878057
878185
878199
878456
878472
878543
878758
878798
878847
879236
879246
879267
879283
879627
879753
879843
879883
879913
879982
880233
880501
880512
880546
880831
880843
880906
880974
880983
881008
881084
881298
881402
881415
881515
881564
881762
881910
881982
882111
882159
882312
882407
882481
882636
882655
882680
882709
882743
882829
883149
883218
883287
883321
883491
883614
883619
883675
883735
883763
883975
884067
884110
884348
884374
884540
884605
884627
884836
884950
885061
885085
885116
885172
885238
885367
885450
885739
885812
885947
885974
886064
886077
886084
886689
887040
887040
887125
887208
887487
887488
887583
887609
887913
888250
888273
888285
888348
888439
888550
888605
888635
888700
888751
888804
888964
889074
889077
889116
889205
889223
889409
889417
889624
889685
889831
889860
889867
890021
890578
890666
890682
890685
891083
891255
891319
891354
891398
891410
891425
891502
891516
891554
891610
891611
891656
891749
891947
892045
892132
892141
892191
892209
892258
892360
892504
892638
892723
892820
892949
893104
893770
893840
893895
893965
894022
894055
894122
894155
894393
894423
894640
894770
894784
894881
895154
895192
895319
895380
895823
895871
895982
896051
896145
896286
896390
896421
896713
896853
896876
897336
897373
897932
898219
898320
898337
898397
898534
898817
899042
899061
899072
899292
899455
899539
899595
899918
899960
899966
900001
900066
900333
900367
900469
900547
900825
900825
901044
901388
901415
901443
901561
901957
902056
902071
902072
902128
902201
902440
902460
902484
902485
902491
902574
902633
902653
902806
902837
902935
903020
903104
903504
903553
903867
903949
904047
904262
904296
904309
904320
904475
904529
904579
904723
904740
904807
904945
905012
905151
905268
905389
905426
905529
905532
905897
905922
906006
906035
906147
906173
906210
906290
906422
906502
906818
906824
907201
907218
907230
907775
908054
908122
908145
908272
908327
908345
908482
908542
908674
908805
909198
909221
909222
909744
909798
909984
910075
910114
910199
910207
910257
910310
910340
910457
910469
910549
910564
910660
910736
910943
911105
911254
911399
911433
911593
911713
911805
911817
911871
911930
911933
912226
912450
912848
912934
913129
913193
913339
913486
913538
913639
913804
913865
913935
914010
914028
914114
914146
914200
914202
914249
914924
914936
914985
915030
915274
915425
915684
915713
915797
915865
915872
915902
915913
916007
916026
916346
916407
916430
916647
916772
916838
917032
917033
917111
917125
917179
917244
917350
917475
917540
917625
917660
918196
918316
918382
918496
918682
918721
918813
918884
918899
919040
919057
919129
919134
919217
919269
919272
919397
919701
919809
919976
920060
920069
920210
920263
920287
920296
920718
920807
920812
920868
920890
920944
921027
921496
921696
921775
921848
921888
922223
922375
922544
922838
923025
923030
923073
923076
923111
923139
923284
923395
923462
923651
923665
923699
924073
924766
924773
924818
924820
924916
924973
924990
925030
925176
925431
925467
925505
925514
925593
925766
925831
926006
926071
926163
926570
926701
926721
926739
926852
926988
927229
927388
927420
927607
927697
927851
928092
928124
928165
928288
928333
928649
928891
928899
928999
929206
929233
929264
929293
929601
929669
929733
929779
929891
929956
929987
930000
930006
930147
930182
930236
930298
930419
930632
930643
930660
930707
931072
931643
931691
931765
931899
931921
932047
932089
932391
932558
933017
933072
933112
933207
933263
933426
933559
933641
933952
933992
934330
934348
934469
934570
934619
934801
935215
935400
935461
935569
935580
935665
935801
935900
936032
936143
936719
936850
936895
937153
937186
937730
937816
938085
938334
938392
938427
938820
938872
939028
939062
939139
939220
939238
939388
939509
939519
939666
939801
939815
939901
940116
940145
940185
940245
940352
940361
940532
940655
940779
940870
940885
940916
941263
941274
941292
941357
942400
942455
942512
942738
943039
943211
943234
943256
943309
943426
943466
943546
943774
943827
943829
943937
944072
944096
944123
944751
945093
945138
945305
945472
945510
945611
945638
945695
945862
946121
946159
946601
946647
946649
946810
946901
946965
947205
947238
947326
947373
947375
947548
947581
947769
947909
948100
948182
948253
948339
948397
948474
948562
948667
948792
948947
948977
949074
949183
949265
949340
949483
949594
949703
949714
949891
950022
950150
950154
950203
950207
950207
950486
950739
950835
950844
950859
950992
951117
951188
951324
951331
951408
951540
951619
951651
951674
951908
952056
952091
952138
952172
952323
952332
952718
952755
952794
952823
952856
952913
953050
953233
953248
953433
953500
953640
953792
953925
954224
954703
954771
954966
954994
955169
955233
955272
955426
955505
955561
955589
955809
955869
955974
956065
956345
956583
956677
956763
956778
956923
956928
957048
957181
957309
957312
957370
957721
957725
957762
957768
957888
958067
958330
958516
958518
958677
958797
958886
958990
959325
959491
959525
959529
959604
959702
959714
959742
959757
959841
959935
960131
960183
960212
960369
960375
960525
960543
960760
960861
961117
961182
961353
961390
961501
961521
961829
962028
962037
962291
962424
962520
962582
962593
962682
962729
962880
963479
963611
963650
963807
963983
964274
964303
964819
964905
964975
964992
965187
965195
965336
965401
965509
965531
965545
965693
966023
966035
966215
966293
966379
966382
966427
967029
967045
967057
967071
967217
967350
967471
967626
967742
968032
968159
968163
968163
968242
968395
968405
968406
968582
968721
968742
969157
969324
969344
969371
969632
969695
969749
970062
970063
970065
970170
970297
970664
971020
971053
971088
971091
971255
971258
971291
971321
971327
971737
971856
971946
972171
972236
972325
972356
972538
972821
972828
972844
972869
973034
973216
973554
973675
973711
973817
973914
974031
974200
974262
974278
974468
974557
974631
974861
975028
975201
975256
975271
975329
975503
975507
975623
975695
975940
976010
976317
976424
976450
976487
976520
976688
976741
976825
976872
976927
977483
977492
977585
977646
977689
977833
977849
978181
978206
978246
978445
978604
978775
979099
979183
979283
979287
979368
979409
979728
979770
979785
979826
979841
979991
980073
980215
980325
980640
980804
980871
981050
981102
981233
981327
981330
981543
981678
981691
981926
981993
982024
982143
982231
982321
982368
982705
982806
982973
983022
983022
983038
983068
983241
983411
983547
983708
983752
983765
983914
983970
984094
984104
984129
984521
984555
984560
984825
984898
985370
985389
985619
985633
985837
985843
985884
986023
986099
986411
986471
986591
986624
986876
986895
986956
987026
987041
987203
987238
987305
987394
987669
987741
988067
988331
988338
988450
988598
988803
988935
988940
989096
989159
989278
989353
989449
989569
989582
989746
989864
989920
990004
990131
990496
990546
990577
990635
990792
990813
990888
990907
991018
991100
991147
991333
991350
991457
991461
991514
991529
991551
991638
991689
991844
991965
992001
992051
992139
992228
992783
992830
992852
992877
992908
992927
993226
993256
993312
993317
993376
993543
993816
993911
993917
993937
993987
994184
994278
994285
994306
994404
994481
994612
994687
994908
995022
995149
995191
995197
995709
995710
995904
996116
996226
996290
996398
996695
996796
996840
996860
997027
997061
997255
997414
997571
997690
997760
997777
997797
998322
998441
998576
998593
998784
998859
998895
998916
999041
999173
999214
999227
999429
999487
999610
999639
999710
999837
999883
999897
