58
153
215
339
342
358
370
454
500
647
699
822
837
1020
1073
1138
1161
1161
1167
1229
1299
1315
1404
1410
1470
1812
1888
2115
2116
2169
2270
2321
2365
2622
2663
2752
2799
2804
2901
2932
2947
3060
3089
3160
3217
3564
3606
3628
3807
3820
3945
4126
4202
4815
4846
4950
5117
5121
5301
5344
5381
5680
6095
6238
6507
6957
7162
7655
7741
7985
8024
8078
8265
8388
8410
8626
8635
8693
8715
8739
8784
8832
8929
9034
9044
9117
9318
9361
9385
9904
10237
10254
10409
10531
10552
10555
10614
10715
10909
11004
11355
11444
11501
11558
11799
11977
12050
12083
12134
12185
12365
12382
12458
12465
12549
12721
12757
12836
12847
12848
12956
13029
13046
13211
13310
13590
13867
14072
14093
14249
14451
14474
14670
14931
14942
15013
15215
15216
15338
15384
15434
15473
15559
15662
15737
15841
15852
15881
15961
16032
16148
16196
16197
16288
16494
16507
16512
16703
16734
17077
17084
17191
17191
17348
17386
17501
17725
17781
18138
18138
18331
18376
18715
18784
18792
18964
19050
19076
19138
19384
19520
19562
19601
19727
19872
20019
20120
20367
20538
20603
20659
20701
20808
21058
21351
21533
21748
21774
21829
21878
21884
22035
22056
22133
22133
22284
22564
22635
22697
22783
22969
22994
23030
23427
23612
23628
23645
23854
23901
23920
23994
24072
24124
24146
24221
24237
24295
24418
24453
24469
24531
24537
24630
24686
24711
24746
24822
24926
25028
25042
25126
25225
25406
25464
25498
25664
25724
25738
25756
25990
26151
26160
26335
26352
26400
26508
26659
26676
26807
26883
26957
27025
27224
27256
27460
27644
27704
27844
28282
28298
28693
28744
28834
28899
29118
29280
29482
29484
29783
29951
30217
30343
30371
30806
30895
30947
31081
31154
31203
31247
31248
31567
31666
31677
31760
31778
31952
32026
32037
32053
32101
32109
32150
32170
32412
32469
32502
32571
32682
32712
32818
32921
32930
32976
33077
33235
33342
33471
33479
33631
33924
33932
34002
34097
34116
34152
34239
34243
34386
34600
34677
34741
34765
34792
34903
34966
34967
35027
35060
35142
35638
35889
35958
36181
36205
36272
36454
36579
36637
36686
36736
36769
36930
36971
37099
37239
37338
37427
37458
37493
37648
37733
37803
37890
38037
38074
38124
38197
38457
38459
38594
38750
39108
39120
39254
39353
39356
39426
39481
39530
39549
39773
39886
40012
40241
40290
40400
40567
40850
40912
41024
41102
41179
41199
41216
41529
41882
41965
42221
42230
42317
42434
42795
42863
42902
42966
42986
43116
43134
43205
43296
43380
43474
43622
43663
43852
43897
43978
44304
44463
44868
45047
45120
45171
45223
45335
45421
45517
45526
45663
45778
45803
45864
45885
45901
46027
46322
46392
46402
46583
46628
46629
46694
46753
46770
46796
46924
46932
46989
47136
47290
47364
47376
47390
47405
47790
47823
47824
47880
47906
47916
48081
48086
48193
48229
48314
48438
48509
48594
48600
48718
48742
48921
48983
49011
49011
49033
49158
49291
49294
49304
49354
49404
49448
49544
49591
49672
49713
49730
49748
49824
49894
50057
50125
50176
50253
50278
50306
50405
50445
50519
50519
50558
50608
50780
50860
50904
51128
51175
51188
51353
51364
51394
51423
51449
51832
52056
52203
52304
52341
52408
52544
52656
52832
52856
53139
53263
53279
53340
53523
53586
53690
53825
53851
53852
53980
54239
54358
54438
54542
54588
54696
54743
54779
54839
55158
55275
55292
55475
55513
55591
55680
55762
55905
56001
56010
56013
56098
56166
56212
56266
56345
56377
56476
56520
56581
56693
56728
56977
57115
57151
57152
57157
57215
57256
57258
57757
57758
57827
57888
57918
57980
58106
58212
58450
58597
58627
58654
58689
58763
58809
58846
58974
59070
59677
59832
59850
59856
59892
59929
59938
59951
60059
60139
60353
60703
60902
60929
61039
61195
61250
61401
61495
61967
62026
62224
62335
62461
62464
62467
62627
62771
62817
62926
62943
63083
63335
63373
63486
63779
63946
63960
64168
64184
64263
64371
64599
64655
64685
64741
64782
64859
64900
65176
65217
65234
65252
65356
65388
65410
65442
65614
65625
65628
65653
65719
65859
65888
65913
65933
66032
66149
66406
66699
66917
66961
66991
67188
67209
67292
67320
67477
67497
67625
67801
68228
68407
68498
68585
68600
68719
68724
68767
68833
68888
68906
68912
68922
68937
69096
69192
69214
69216
69269
69276
69340
69401
69732
69734
69882
69892
70069
70084
70105
70182
70315
70334
70385
70423
70470
70572
70586
70773
70854
70974
70985
71022
71134
71184
71277
71310
71617
71738
71782
71786
71845
72059
72099
72417
72928
73045
73114
73144
73224
73269
73362
73693
74268
74407
74440
74823
74859
74900
75105
75124
75375
75475
75764
75867
76499
76638
76714
76954
77052
77075
77184
77547
77556
77915
77926
78013
78240
78459
78490
78501
78696
78960
79038
79175
79214
79248
79278
79525
79532
79540
79736
79838
79978
80281
80338
80458
80515
80539
80720
81251
81291
81468
81543
81718
81747
81904
81959
82080
82130
82191
82235
82269
82320
82404
82446
82508
82604
83090
83264
83337
83426
83535
83612
83626
83759
83892
84002
84012
84197
84265
84338
84413
84529
84579
84689
84814
84954
84967
85066
85135
85139
85255
85370
85477
85484
85507
85574
85759
85859
85987
86030
86132
86244
86302
86307
86384
86473
86548
86647
86731
86754
86836
86865
86907
86987
87074
87095
87309
87344
87408
87487
87556
87596
87660
87672
87684
87788
87841
88021
88066
88092
88201
88463
88527
88650
88679
88959
89223
89260
89306
89396
89415
89420
89432
89584
89603
89725
89774
90036
90038
90199
90320
90321
90399
90586
90604
90647
90880
91004
91147
91199
91391
91619
91912
91934
91999
92032
92099
92134
92160
92163
92174
92203
92338
92343
92373
92548
92676
92802
92893
92926
92969
92978
92996
93251
93342
93411
93432
93632
93640
93712
93848
94029
94051
94101
94123
94415
94465
94480
94499
94553
94580
94627
94654
94740
94880
95128
95244
95288
95305
95331
95368
95454
95628
95861
95863
95888
95926
95956
96024
96175
96347
96377
96546
96711
96727
96729
96834
96846
96948
97052
97262
97272
97387
97395
97597
97658
97716
97880
98053
98073
98073
98200
98291
98421
98524
98554
98669
98723
98777
98981
99168
99185
99237
99250
99384
99508
99511
99603
99623
99778
99988
100257
100366
100403
100416
100891
100912
100971
100983
101036
101089
101231
101242
101315
101369
101378
101517
101521
101617
101669
101898
101933
101935
102022
102075
102098
102341
102412
102489
102542
102568
102664
102670
102774
102873
103017
103033
103046
103057
103113
103226
103228
103668
103745
103856
103915
104023
104059
104156
104289
104402
104447
104451
104498
104509
104517
104556
104736
104793
104825
104914
105044
105068
105084
105307
105492
105510
105590
105615
105837
105872
105923
105926
106332
106375
106390
106401
106667
106677
106951
107209
107221
107264
107291
107292
107455
107509
107527
107547
107898
107978
108195
108326
108408
108466
108646
108686
109117
109156
109295
109410
109450
109579
109623
109664
109761
109777
109831
109888
110192
110302
110656
110726
110780
111067
111323
111382
111471
111533
111654
111871
112044
112099
112330
112351
112461
112513
112642
112772
112852
112892
112909
113087
113210
113400
113443
113531
113568
113682
113778
113782
113872
113996
114021
114033
114057
114088
114166
114457
114493
114526
114605
114671
114674
114749
114806
114893
114986
115055
115090
115109
115328
115442
115462
115578
115690
115769
115944
116421
116462
116465
116516
116641
116662
116919
117027
117141
117268
117384
117385
117521
117652
117705
117766
117830
117925
118050
118069
118183
118213
118286
118309
118452
118562
118583
118977
119153
119176
119242
119345
119661
119680
119817
119861
120219
120466
120561
120687
120822
120908
121044
121080
121165
121483
121545
121620
121634
121663
121791
121824
121971
121989
122010
122047
122179
122452
122658
122827
122915
123097
123122
123138
123274
123296
123316
123325
123458
123563
123592
123613
123632
123691
123711
123766
123864
123874
123894
124117
124188
124634
124650
124691
124949
124969
125301
125462
125590
125613
125741
126043
126065
126115
126159
126224
126313
126438
126578
126912
127047
127088
127088
127097
127127
127234
127297
127457
127551
127553
127624
127747
127816
127894
127927
128049
128311
128443
128643
128894
128905
128958
128992
129177
129291
129303
129304
129500
129642
129649
129731
129790
130021
130026
130053
130107
130110
130255
130269
130400
130455
130462
130527
130540
130541
130624
130832
131097
131170
131223
131468
131901
132120
132149
132278
132305
132619
132641
132821
133103
133190
133324
133389
133396
133547
133621
133691
133714
133803
133910
134058
134059
134239
134310
134601
134688
134713
134806
134816
134982
135061
135564
135582
135760
135800
135834
135916
136117
136134
136163
136345
136370
136484
136521
136614
136666
136762
136878
136892
136897
136969
137555
137568
137679
137820
137844
137849
138029
138053
138159
138304
138777
138801
139044
139079
139119
139221
139331
139335
139377
139393
139399
139553
140165
140169
140179
140199
140233
140281
140293
140565
140633
140992
141070
141214
141314
141384
141394
141529
141583
141644
141716
141799
141928
142076
142110
142259
142347
142364
142412
142428
142432
142830
142939
142952
143077
143163
143217
143263
143455
143703
143714
143943
144204
144282
144283
144321
144431
144581
144607
144738
144812
144842
144924
144942
145022
145025
145035
145072
145177
145334
145354
145464
145474
145493
145535
145566
145612
145850
145991
146023
146036
146088
146201
146230
146527
146841
146966
146975
147148
147165
147307
147419
147494
147525
147810
147906
147969
147984
148019
148065
148098
148248
148340
148424
148550
148629
148822
148903
148947
148996
149376
149511
149521
149630
149793
149813
149818
149933
150094
150111
150184
150252
150254
150662
150717
151034
151170
151230
151453
151529
151569
151685
151748
151791
151960
152128
152303
152355
152464
152655
152747
152900
152935
152970
153043
153094
153320
153366
153538
153614
153723
154012
154195
154214
154278
154333
154445
154551
154571
155102
155211
155377
155413
155443
155471
155523
155949
156036
156076
156177
156225
156267
156312
156314
156365
156460
156523
156567
156652
156768
156781
156792
156802
156808
156840
156891
156966
156993
157189
157322
157363
157409
157514
157576
157648
157959
158013
158096
158162
158247
158278
158346
158346
158458
158469
158765
158900
158927
159151
159302
159313
159328
159412
159479
159813
159816
159856
159893
160079
160111
160161
160201
160240
160329
160494
160515
160809
160940
161145
161252
161418
161690
161709
161808
162061
162325
162337
162416
162466
162515
162530
162532
162577
162581
162673
162842
162935
162966
163101
163161
163254
163445
163447
163452
163665
163717
163718
163732
163822
164086
164099
164116
164133
164151
164287
164396
164508
164642
164691
164734
164802
164998
165144
165166
165199
165269
165388
165442
165456
165571
165592
166200
166203
166316
166353
166415
166437
166475
166533
166608
166625
166835
166872
166878
166965
166985
167046
167053
167203
167257
167317
167605
167729
167782
167805
167902
167982
168101
168165
168334
168415
168425
168442
168779
168816
168833
168879
169012
169118
169261
169358
169683
169789
169811
169841
169886
169977
170073
170115
170195
170352
170392
170399
170611
170618
170731
170865
170905
171043
171128
171306
171352
171512
171547
171788
171802
171920
172079
172242
172460
173061
173115
173136
173234
173251
173289
173299
173549
173597
173709
174003
174044
174123
174389
174403
174483
174623
174758
175035
175167
175224
175503
175833
175893
175917
175992
176058
176064
176130
176162
176164
176380
176455
176527
176618
176786
176993
177008
177009
177018
177024
177081
177089
177090
177177
177257
177338
177339
177455
177519
177731
177769
177805
177860
177884
178098
178458
178505
178544
178609
178662
179068
179071
179171
179390
179464
179546
179552
179635
179907
180025
180082
180090
180091
180105
180181
180198
180202
180218
180376
180431
180464
180500
180505
180591
180647
180787
180825
180869
181022
181076
181255
181343
181360
181455
181464
181577
181639
181702
181782
181787
181917
181928
182199
182263
182461
182489
182530
182870
183163
183262
183277
183393
183449
183504
183628
183962
183965
184007
184199
184221
184222
184384
184518
184564
184618
184734
184755
184775
184928
184950
185018
185097
185183
185272
185401
185492
185533
185541
185667
185668
185712
185740
185754
185808
185945
186031
186072
186139
186204
186205
186244
186247
186336
186356
186483
186533
186589
186608
186658
186786
186796
186930
186972
187064
187209
187551
187786
187801
187885
188086
188350
188374
188470
188642
188870
188931
189266
189298
189299
189401
189592
189659
189720
189802
189929
189968
190088
190143
190228
190375
190517
190602
190844
190863
190990
191195
191313
191526
191550
191574
191879
192612
192748
192790
192800
192840
192884
192939
193162
193207
193361
193396
193462
193513
193557
193611
193704
193747
193854
193997
194012
194047
194053
194326
194396
194427
194473
194524
194697
194877
194892
194985
195224
195303
195332
195554
195558
195693
195737
195801
195849
195958
195979
196025
196068
196204
196246
196249
196503
196516
196667
196714
196833
196859
196920
197049
197053
197060
197098
197126
197241
197517
197518
197706
197761
197872
197987
198046
198065
198346
198533
198629
198910
199132
199287
199358
199474
199629
199820
199869
199899
199929
200003
200403
200456
200715
200789
200863
200951
201004
201078
201179
201227
201306
201338
201522
201528
201811
202156
202238
202320
202558
202736
202769
202873
202935
203113
203295
203416
203462
203555
203564
203634
203722
203763
203847
203950
203952
204058
204096
204209
204239
204377
204419
204429
204501
204505
204541
204588
204709
204755
204805
204964
205054
205089
205141
205155
205300
205308
205313
205379
205381
205616
205707
205730
205789
205847
205938
205956
206249
206535
206866
206892
206963
207339
207517
207814
207857
207858
207870
208001
208094
208125
208406
208413
208507
208554
208587
208631
208689
208958
209012
209115
209166
209233
209237
209306
209360
209448
209591
209611
209634
209641
209722
209738
209929
210108
210130
210256
210316
210424
210553
210607
210701
210704
210739
210743
210903
210932
210978
211008
211015
211022
211036
211089
211391
211483
211505
211507
211554
211586
211598
211703
211733
211856
212208
212398
212403
212410
212451
212560
212770
212777
212796
212988
212994
213116
213185
213407
213498
213521
213539
213557
213870
214067
214151
214200
214321
214409
214546
214556
214661
214714
214780
214811
214994
215031
215239
215260
215370
215384
215489
215817
216117
216168
216467
216551
216564
216566
216613
216668
216720
216842
216920
216955
217256
217311
217402
217424
217425
217484
217539
217561
217586
217594
217595
217705
217716
217758
217830
217834
217924
217966
218047
218051
218089
218137
218179
218206
218649
218757
218765
218774
218843
218922
219021
219022
219172
219391
219432
219724
220032
220113
220227
220302
220326
220330
220349
220492
220559
220798
220879
220890
220910
220921
220983
221197
221268
221343
221366
221638
221857
222280
222345
222365
222391
222510
222748
222767
222860
222946
222996
223044
223167
223236
223266
223306
223437
223583
223587
223624
223747
223772
223877
224058
224061
224150
224210
224240
224478
224672
224806
224808
224810
225076
225088
225441
225608
225618
225639
225819
225853
225931
225994
226025
226179
226270
226274
226343
226436
226527
226539
226836
226843
227090
227198
227231
227265
227305
227329
227498
227545
227670
227683
228031
228148
228172
228184
228220
228341
228421
228531
228603
228670
228693
228728
228775
228930
229064
229247
229289
229431
229601
229645
229701
229749
229939
229985
230040
230211
230312
230543
230656
230658
230951
231006
231021
231027
231218
231413
231483
231637
231638
231802
231961
232297
232510
232539
232563
232725
232817
232903
232924
232980
233138
233167
233255
233451
233477
233477
233528
233561
233727
233986
234255
234267
234306
234645
234741
234816
234998
235100
235101
235210
235212
235255
235265
235661
235842
235987
236320
236344
236416
236542
236612
236679
236772
236887
236888
236934
236935
237129
237288
237451
237493
237521
237622
237662
237712
237728
237962
238039
238116
238164
238209
238252
238569
238596
238645
238700
238785
238814
238932
239016
239020
239059
239105
239111
239213
239369
239549
239615
239657
239801
239822
239823
239859
239969
240019
240048
240274
240428
240501
240586
240637
240647
240697
240755
240912
241049
241121
241251
241259
241266
241536
241561
241611
241626
241759
241841
241902
242027
242045
242049
242268
242457
242535
242608
242617
242659
242668
242681
242735
242783
242825
242850
242893
242937
243048
243056
243061
243084
243088
243187
243518
243590
243671
243753
243919
244199
244294
244375
244399
244481
244500
244528
244821
245050
245131
245359
245460
245496
245874
245972
245981
246026
246196
246220
246245
246262
246408
246425
246486
246547
246627
246745
246813
246829
247087
247150
247158
247169
247171
247229
247513
247543
247564
247735
247743
247837
247961
248079
248347
248386
248390
248431
248649
248829
248943
248976
249078
249126
249167
249204
249330
249344
249478
249520
249746
249761
249797
249814
249975
250010
250023
250201
250231
250340
250572
250876
251028
251073
251244
251387
251462
251610
251640
251753
251930
252061
252118
252282
252416
252527
252542
252654
252709
252763
252811
252811
252906
253108
253115
253172
253223
253371
253454
253563
253581
253595
253650
253776
253810
253870
253928
254063
254101
254164
254176
254424
254893
254951
255018
255380
255479
255485
255547
255777
255784
255801
255827
256012
256040
256041
256162
256324
256551
256720
256747
256825
256946
256964
256975
257017
257152
257187
257238
257283
257371
257417
257556
257576
257598
257702
257791
257866
257879
257951
257980
258225
258230
258249
258326
258510
258521
258653
258820
258906
258910
258913
258922
258948
259118
259326
259431
259477
259530
259844
260066
260319
260342
260541
260579
260697
260732
260738
260834
260863
260901
260918
260959
260991
261422
261574
261683
261809
261910
262088
262112
262396
262461
262475
262706
262809
263045
263050
263149
263182
263290
263356
263363
263463
263564
263650
264022
264078
264086
264104
264177
264235
264263
264311
264382
264388
264681
265103
265157
265243
265457
265539
265673
265719
265870
265992
266147
266276
266550
266822
266851
266899
266921
266923
266934
267035
267050
267130
267169
267334
267427
267438
267582
267659
267662
267774
267902
268158
268315
268507
268563
268619
268708
268897
268904
268941
269087
269095
269152
269214
269320
269376
269400
269515
269643
269849
269952
270072
270092
270094
270172
270173
270337
270656
270880
270946
270969
271178
271201
271427
271501
271734
271820
271853
272056
272243
272367
272487
272758
272760
272815
272826
272865
272901
272985
273048
273317
273379
273385
273617
273656
273909
274164
274665
274717
274777
274844
275086
275178
275189
275406
275460
275856
275968
275976
276009
276062
276063
276071
276216
276426
276644
276896
277079
277298
277547
277691
277778
277838
278054
278094
278166
278178
278307
278596
278664
278688
278746
278844
278879
278961
278978
279029
279058
279081
279092
279223
279553
279667
279918
279938
279940
280014
280110
280119
280424
280820
281027
281035
281063
281186
281190
281224
281232
281301
281464
281483
281525
281617
281778
282030
282068
282092
282397
282409
282502
282870
283556
283566
283590
283654
283661
283820
283936
284123
284198
284302
284391
284427
284473
284514
284565
284588
284671
284678
284792
284817
284853
284962
285166
285227
285289
285361
285511
285595
285707
285739
285930
285930
286043
286096
286124
286171
286195
286418
286895
286947
287077
287125
287311
287382
287436
287474
287719
287788
287913
287929
288050
288154
288369
288564
288582
288860
288939
288940
289102
289118
289134
289187
289324
289447
289503
289610
289660
289876
289879
290041
290149
290270
290578
290740
290757
290905
291049
291132
291143
291158
291255
291269
291271
291292
291293
291371
291446
291549
291561
291806
291876
291932
291945
292017
292089
292156
292177
292340
292369
292832
292886
293296
293326
293434
293498
293512
293515
293531
293773
293872
293911
293917
293998
294099
294271
294427
294458
294616
294668
294729
294852
295092
295094
295143
295178
295278
295337
295520
295530
295699
295818
295908
295952
296058
296093
296102
296220
296444
296461
296497
296576
296586
296647
296763
296853
297101
297168
297247
297280
297302
297326
297357
297487
297646
297717
297735
297873
297985
298019
298028
298061
298083
298391
298397
298567
298605
298713
298766
298794
299105
299293
299552
299597
299618
299677
299724
299839
299889
299907
300003
300166
300204
300228
300307
300324
300731
300741
300868
301058
301448
301588
301605
301615
302006
302080
302194
302315
302361
302367
302483
302821
302972
303050
303053
303073
303093
303213
303510
303708
303718
303896
303910
304031
304163
304287
304586
304626
304777
304885
304953
305058
305157
305183
305312
305330
305391
305667
305697
305721
305904
306024
306056
306293
306388
306543
306562
306639
306928
306978
307025
307194
307226
307278
307461
307472
307473
307584
307626
307956
308018
308033
308037
308055
308057
308126
308177
308211
308326
308585
308698
308827
308830
308856
308867
309065
309199
309315
309384
309395
309471
309556
309563
309569
309601
309656
309680
309681
309846
309869
310061
310236
310336
310462
310546
310553
310616
310651
310958
311100
311384
311562
311578
311662
311737
311790
311940
311983
312040
312090
312141
312160
312184
312300
312332
312437
312613
312867
313013
313104
313117
313228
313251
313363
313503
313510
313610
313642
313682
313699
313781
313792
313905
314047
314066
314189
314316
314578
314594
314599
314723
314777
314795
314802
314807
314810
314815
315009
315042
315052
315107
315296
315359
315465
315465
315474
315481
315512
315532
315536
315642
315751
315869
316009
316012
316113
316175
316233
316581
316747
316761
316849
316897
317154
317209
317298
317456
317683
317806
317890
317963
318004
318172
318188
318274
318276
318286
318443
318641
318849
318860
318901
318984
319227
319389
319400
319423
319586
319617
319793
319864
319944
320038
320139
320183
320225
320362
320421
320692
320856
320973
321007
321078
321145
321352
321434
321778
321841
321944
322029
322149
322154
322279
322384
322542
322572
322668
322830
323000
323075
323082
323190
323298
323336
323346
323469
323579
323801
323837
323902
323983
324026
324068
324105
324127
324292
324390
324437
324532
324572
324672
324756
324773
324852
324887
324947
324957
325076
325170
325198
325351
325376
325472
325476
325553
325573
325587
325926
325928
326012
326179
326189
326203
326255
326279
326387
326392
326535
326608
326750
326767
326770
326983
326984
327042
327114
327282
327296
327372
327391
327680
327926
327967
328038
328191
328221
328239
328333
328398
328550
328688
328783
328970
329127
329200
329224
329439
329478
329487
329613
329700
329745
329785
329845
329931
330064
330078
330486
330542
330581
330862
330869
331016
331099
331232
331240
331245
331265
331448
331448
331455
331457
331583
331644
331693
331913
331916
331963
332020
332173
332242
332465
332500
332506
332552
332558
332570
332693
332798
332840
332891
332946
332966
332998
333259
333290
333481
333486
333538
333621
333676
333739
334009
334078
334104
334640
334653
334672
334673
335030
335033
335056
335058
335133
335180
335313
335490
335512
335613
335673
335793
335935
336252
336353
336399
336436
336439
336488
336586
336765
336904
337060
337092
337100
337122
337449
337559
337849
337899
337904
338078
338081
338098
338106
338179
338217
338417
338472
338551
338693
338718
338720
338733
338787
338803
338919
338946
339053
339191
339403
339598
339838
339860
339955
340065
340068
340384
340651
340752
340835
340957
340970
341015
341098
341477
341492
341518
341611
341675
341743
341782
341924
341957
341972
341976
342139
342388
342480
342527
342757
343067
343174
343236
343303
343303
343305
343371
343416
343572
343576
343736
343892
343970
344054
344158
344241
344275
344415
344580
344811
345324
345536
345591
345652
345708
345839
346430
346719
346773
346811
347002
347022
347085
347348
347366
347399
347408
347426
347546
347742
347953
348284
348530
348625
348787
348822
348873
348983
348987
349039
349059
349097
349124
349283
349299
349397
349807
350158
350197
350205
350269
350408
350596
350688
350713
350818
350988
350999
351014
351275
351347
351352
351396
351432
351597
351651
351755
351812
351941
351988
352007
352186
352498
352532
352621
352916
353165
353286
353336
353365
353589
353647
353672
353694
353811
353816
354089
354128
354162
354213
354257
354333
354367
354547
354808
354936
354956
355041
355051
355084
355090
355380
355411
355529
355558
355589
355904
356355
356614
356617
356628
356848
357172
357173
357230
357231
357394
357553
357642
357739
357957
358126
358243
358520
358682
358777
358796
359046
359085
359122
359195
359200
359228
359271
359343
359383
359488
359499
359551
359562
359644
359687
359760
359860
359868
359945
360054
360109
360352
360377
360620
360645
360656
360714
360803
360846
361045
361052
361204
361466
361712
361897
361914
361956
362105
362171
362489
362491
362529
362606
362694
362811
362813
362870
363207
363447
363516
363563
363574
363589
363616
363628
363741
363939
364101
364188
364222
364362
364392
364394
364630
364663
364675
364687
364772
364914
365315
365575
365641
365968
365972
366099
366271
366357
366388
366478
366509
366584
366612
366677
366901
366986
367133
367276
367290
367304
367335
367397
367443
367868
367943
367950
368542
368677
368696
368869
368903
369268
369326
369578
369658
369733
369763
369766
369771
369870
369900
369913
369928
370150
370260
370277
370384
370465
370645
370650
370838
370956
370969
371161
371230
371274
371336
371433
371566
371601
371641
371659
371706
371774
371862
371920
372002
372176
372309
372386
372394
372426
372499
372515
372545
372563
372664
372709
372725
372726
372735
372809
372810
372915
373133
373212
373232
373240
373276
373615
373638
373639
373675
373789
373867
373884
373922
373929
373967
374001
374073
374200
374268
374648
374744
374785
375078
375119
375288
375332
375348
375443
375516
375520
375530
375530
375553
375602
375707
375743
375801
375809
376234
376283
376338
376622
376643
376712
376718
376800
376875
376972
377007
377015
377100
377283
377378
377474
377606
377657
377717
377884
378043
378114
378173
378184
378256
378336
378402
378472
378536
378604
378630
378670
378817
378861
378902
379133
379338
379345
379354
379459
379488
379600
379625
379944
379948
380055
380341
380422
380568
380679
380680
380771
380817
381020
381287
381307
381399
381445
381462
381585
381604
381606
381607
381754
381790
381823
381827
381848
382216
382317
382326
382426
382619
382634
382665
382710
383043
383131
383321
383397
383425
383430
383741
384121
384134
384232
384442
384499
384517
384628
384634
384687
384762
384762
385078
385091
385396
385463
385464
385518
385524
385534
385651
385825
386010
386089
386225
386251
386362
386445
386639
386715
387002
387045
387101
387195
387203
387232
387324
387443
387444
387459
387649
387725
387759
387778
388192
388220
388245
388427
388834
389246
389266
389303
389374
389459
389498
389499
389576
389688
389741
389754
389775
389779
389787
389832
390450
390753
390910
390945
390969
391016
391079
391099
391126
391144
391295
391577
391597
391620
391758
391799
392006
392119
392281
392292
392441
392496
392647
392709
392778
392795
392857
393002
393066
393087
393092
393117
393498
393574
393578
393631
393676
393782
393840
393912
394010
394122
394195
394274
394330
394344
394559
394680
394697
394983
395002
395112
395506
395668
395686
395733
395966
396098
396106
396354
396354
396421
396436
396597
396625
396643
396693
396747
397060
397209
397263
397455
397554
397568
397637
397808
398114
398217
398279
398375
398441
398442
398563
398692
398760
398768
398955
398970
399070
399288
399351
399370
399618
399797
399968
400139
400356
400386
400387
400588
400657
400719
400773
400858
400922
401017
401101
401202
401319
401347
401551
401595
401870
402055
402060
402349
402410
402443
402500
402616
402627
402760
402849
403091
403133
403244
403732
403864
403918
404029
404142
404219
404367
404516
404701
404873
404978
404997
405007
405120
405139
405216
405252
405442
405536
405561
405564
405769
405820
405856
406053
406058
406068
406175
406190
406192
406541
406596
406930
406954
406989
407013
407117
407143
407165
407315
407329
407413
407461
407474
407480
407482
407547
407693
407739
407762
407778
407829
407834
408038
408082
408084
408185
408261
408288
408475
408617
408808
408809
408994
408994
409042
409046
409193
409450
409500
409584
409667
409719
409800
409802
409897
410001
410278
410328
410337
410398
410796
410992
411036
411087
411212
411240
411245
411259
411294
411348
411411
411475
411495
411523
411539
411628
411654
411709
411765
411874
411956
411991
412082
412286
412371
412379
412407
412466
412492
412506
412524
412576
412589
412690
412739
412820
413099
413117
413199
413383
413572
413723
414223
414319
414578
414619
414727
414729
414761
414831
414991
415003
415071
415334
415373
416081
416123
416277
416424
416470
416544
416649
416734
417026
417484
417538
417782
417912
417950
418197
418340
418447
418491
418603
418656
418741
418770
418970
419188
419194
419669
419671
419831
420086
420253
420429
420566
420620
420882
421019
421090
421193
421331
421446
421634
421704
421768
421863
422224
422353
422372
422405
422414
422612
422831
422887
422942
423080
423109
423148
423231
423378
423420
423542
423620
423802
423812
423845
424107
424207
424272
424292
424984
425041
425099
425151
425186
425461
425914
426125
426128
426362
426495
426564
426578
426776
426783
426855
426884
427149
427290
427292
427339
427402
427446
427546
427662
427928
428269
428366
428560
428965
429132
429167
429279
429450
429513
429595
429613
429678
429881
430014
430044
430140
430179
430200
430236
430462
430473
430674
431074
431340
431414
431462
431604
431651
431684
431961
432095
432135
432156
432358
432403
432409
432497
432522
432546
432605
432822
432889
432976
433015
433080
433191
433297
433316
433601
433676
433703
433743
433978
434159
434364
434378
434407
434418
434455
434493
434494
434533
434707
434780
434885
434993
435002
435024
435051
435306
435344
435508
435584
435838
435942
436069
436102
436230
436403
436528
436601
436717
436733
436739
436759
436992
437257
437371
437586
437796
437799
437909
438079
438109
438274
438341
438351
438462
438568
438906
438998
439171
439429
439504
440355
440428
440474
440608
440814
440856
440939
440943
441112
441163
441249
441360
441360
441417
441419
441597
441642
441850
441877
441908
442256
442572
442580
442694
442736
442763
442895
442953
442954
442980
443204
443238
443520
443534
443606
443740
443907
443920
443998
444292
444397
444442
444474
444664
444739
444769
444805
444840
444877
445033
445146
445526
445776
445789
445798
445901
446005
446299
446383
446422
446548
446553
446561
446653
446807
447097
447155
447387
447642
447672
447674
447708
448046
448199
448262
448530
448669
448822
449141
449232
449233
449322
449325
449522
449842
449911
449935
450196
450341
450427
450470
450588
450631
450655
450895
450906
450964
450975
451131
451373
451876
452065
452192
452300
452310
452421
452563
452570
452595
452703
452774
452856
452952
452971
453293
453339
453340
453622
453697
453860
453944
453988
454155
454270
454334
454362
454507
454507
454508
454545
454550
454713
454750
455028
455095
455202
455364
455385
455400
455653
455673
455725
455916
456035
456106
456299
456353
456628
456711
456744
456798
456970
457049
457258
457476
457493
457798
458011
458268
458309
458343
458482
458502
458503
458525
458574
458792
458813
458948
458982
459293
459345
459490
459627
459667
459719
459744
460065
460149
460297
460472
460488
460830
460884
460891
461343
461494
461563
461617
461628
461635
461772
461857
461948
462042
462150
462153
462225
462502
462516
462641
462664
462678
462792
462910
462959
462984
463146
463165
463256
463278
463295
463353
463461
463467
463626
463765
463952
463960
464100
464111
464440
464696
464741
465105
465116
465395
465478
465627
465639
465749
465756
465761
465786
465796
465999
466327
466340
466423
466502
466582
466615
466631
466639
466820
466955
466961
466985
467472
467476
467587
467623
467773
467974
468131
468182
468305
468423
468501
468696
468728
468733
468886
468999
469008
469102
469266
469400
469437
469569
469641
469834
469918
469958
470007
470026
470504
470526
470694
470742
470803
470816
470882
470915
470929
471011
471113
471190
471301
471331
471409
471416
471525
471596
471642
471798
471933
472130
472195
472281
472430
472509
472528
472673
472859
472919
473068
473528
473767
474005
474171
474182
474226
474437
474475
474510
474564
474588
474648
474725
475246
475434
475746
475820
475843
475896
476058
476234
476249
476301
476409
476569
476592
476835
476871
476919
476925
476963
477044
477222
477231
477333
477391
477443
477537
477563
477706
477725
477746
477777
477920
477958
478021
478273
478386
478696
478800
478808
478879
478885
478889
479048
479216
479245
479255
479344
479405
479420
479489
479847
479935
479957
480157
480573
480851
480929
481371
481448
481492
481638
481930
481987
481991
482182
482255
482285
482378
482669
482752
482807
482840
482911
483001
483030
483096
483155
483211
483233
483298
483312
483355
483368
483385
483479
483487
483772
483816
483991
484449
484573
484611
484745
484887
484991
485042
485539
485589
485622
485673
485785
486043
486073
486219
486289
486609
486639
486784
486918
487144
487177
487317
487436
487472
487540
487600
487625
487804
487817
487841
487852
487862
488163
488235
488381
488393
488631
488813
488907
488954
488998
489303
489475
489540
489569
489654
490124
490172
490290
490374
490448
490685
490710
490730
490836
490932
490953
491049
491065
491256
491303
491327
491370
491446
491479
491520
491551
491591
491851
492183
492274
493063
493218
493228
493242
493319
493431
493490
493734
493751
493768
493805
493832
493833
493877
493951
494006
494029
494110
494361
494628
494657
494698
494719
494725
494763
494933
495143
495179
495289
495378
495608
495614
495666
495880
495881
495936
495989
496094
496132
496431
496505
496663
496694
496775
496834
496838
496873
496952
496987
497046
497173
497181
497190
497196
497288
497369
497537
497538
497543
497604
497764
498255
498282
498348
498377
498432
498437
498456
498518
498738
499020
499185
499215
499252
499291
499492
499515
499895
499906
499918
500017
500260
500450
500578
500650
500755
500802
500836
500866
500984
501087
501243
501298
501755
501912
501982
502007
502107
502210
502234
502246
502465
502526
502665
502796
502937
502987
503288
503758
503807
503844
504098
504177
504190
504247
504316
504355
504355
504358
504479
504584
504617
504740
504742
504791
504909
505120
505337
505382
505480
505648
505661
505671
505682
505785
505892
505944
505972
506381
506415
506435
506469
506490
506549
506636
507027
507065
507073
507331
507507
507608
507788
507816
507887
507921
508167
508245
508253
508369
508622
508646
508904
509046
509083
509152
509268
509522
509575
509666
509670
509811
509968
509997
510266
510348
510350
510422
510489
510663
510701
510724
510831
510833
510864
510940
510941
510941
510946
510993
511047
511237
511381
511423
511473
511528
511531
511728
511942
511986
512002
512012
512047
512177
512237
512418
512457
512523
512611
512876
512928
512945
513086
513268
513664
513710
513794
513842
513911
513931
513945
513956
513965
514008
514032
514251
514357
514367
514491
514498
514689
515024
515062
515232
515295
515459
515459
515514
515541
515547
515565
515700
515747
515868
516109
516166
516171
516231
516449
516506
516721
516750
516803
516816
516974
516983
517089
517105
517174
517243
517469
517489
517617
517731
517754
517762
517786
517841
518016
518224
518265
518331
518395
518575
518885
518885
518897
518900
518995
519049
519069
519518
519544
519648
519894
520080
520115
520542
520560
520715
520726
520781
520803
520929
520960
521103
521159
521246
521304
521318
521360
521367
521384
521405
521571
521709
521783
521795
521855
521883
521923
521929
521965
522026
522064
522357
522546
522549
522652
522685
522796
522833
522837
522933
522991
523180
523189
523253
523391
523481
523528
523786
523808
523864
523968
524033
524065
524112
524147
524298
524404
524440
524726
524756
524829
524956
525041
525056
525062
525205
525351
525409
525546
525791
526053
526081
526570
526658
526667
526946
527225
527230
527656
527803
527893
527906
527914
527926
528231
528281
528297
528390
528484
528572
529291
529409
529750
529767
529814
529869
530026
530107
530125
530197
530308
530332
530571
530899
530947
531335
531513
531583
531619
531897
531957
532499
532572
532634
532698
532772
532848
532996
533159
533183
533231
533582
533583
533722
533763
533878
533907
533911
533988
534059
534063
534193
534299
534349
534396
534439
534466
534731
535077
535214
535318
535503
535606
535613
535676
535717
535736
535812
535839
535948
536096
536135
536262
536483
536622
536636
536765
536818
536976
537057
537065
537343
537518
537551
537581
537620
537749
537784
538095
538114
538221
538263
538386
538541
538556
538606
538863
538978
539264
539280
539323
539459
539540
539660
539853
539950
540038
540220
540228
540235
540530
540711
540795
540856
540926
541084
541086
541123
541150
541174
541385
541699
541706
541816
542143
542181
542201
542280
542319
542373
542480
542536
542620
542733
542831
543000
543065
543102
543166
543357
543369
543385
543445
543498
543571
543690
543919
544200
544207
544213
544253
544574
544585
544852
544914
544937
544983
545006
545025
545105
545112
545131
545160
545193
545240
545339
545352
545563
545566
545654
545751
545998
546029
546159
546272
546303
546512
546629
546845
546855
546967
547191
547240
547248
547360
547432
547657
547666
547734
547948
548008
548087
548190
548393
548570
548722
548793
548879
548974
549179
549431
549552
549708
549837
549927
549948
549967
549992
550476
550508
550785
550847
550938
550941
551071
551211
551416
551508
551704
551754
551762
551811
551843
551859
551933
551934
552068
552077
552091
552094
552122
552348
552364
552414
552463
552493
552528
552667
552732
552852
553137
553170
553269
553294
553599
553626
553651
553784
553818
553886
553967
554054
554256
554343
554459
554599
554663
554857
555036
555392
555427
555471
555504
555509
555517
555684
555784
555843
555888
556190
556193
556230
556314
556449
556795
556875
556884
556953
557071
557228
557243
557520
557596
557650
557701
557721
557843
557856
557875
558073
558121
558258
558431
558456
558559
558596
558684
558692
558727
558859
558935
559044
559118
559125
559156
559210
559237
559428
559488
559505
559932
560095
560166
560191
560290
560314
560343
560397
560569
560581
560689
560694
560755
560790
560851
560941
560951
560956
561024
561117
561222
561294
561309
561426
561579
561668
561925
562017
562096
562202
562228
562357
562520
562707
562721
562799
562884
563018
563376
563377
563460
563461
563488
563516
563549
563877
564043
564097
564150
564184
564280
564342
564428
564583
564772
564800
564999
565282
565349
565361
565627
565984
566055
566293
566499
566532
566686
566726
566755
566896
566928
566975
567197
567207
567283
567362
567449
567927
567934
568048
568215
568488
568788
568859
568875
568966
568985
568987
569092
569151
569265
569368
569387
569411
569434
569603
569666
569729
569903
570041
570099
570224
570240
570657
570706
570874
571021
571054
571087
571166
571256
571373
571418
571448
571483
571487
571569
571600
571986
572043
572067
572084
572268
572305
572605
572706
572714
573013
573208
573404
573543
573555
573589
573709
573796
573863
573950
574009
574016
574071
574075
574096
574212
574354
574413
574423
574474
574527
574644
574832
574949
575109
575137
575417
575429
575452
575454
575458
575498
575585
575635
575952
576077
576219
576255
576342
576387
576529
576567
576672
576693
576731
576880
577038
577061
577184
577268
577397
577540
577599
577699
577748
577822
577852
577998
578217
578241
578357
578707
578747
578889
578923
578948
578974
578998
579353
579585
579675
579743
579823
579876
579942
580043
580187
580236
580239
580326
580479
580605
580649
580656
580682
580708
580918
580922
580952
581018
581086
581099
581317
581372
581605
581626
581753
581805
581832
581846
582064
582272
582297
582386
582404
582423
582495
582521
582555
582570
583261
583278
583388
583411
583424
583460
583512
583577
583699
583797
583820
583968
584066
584114
584114
584139
584170
584193
584333
584490
584556
584611
584656
584703
584800
584846
585119
585219
585312
585406
585464
585482
585540
585580
585825
586018
586211
586262
586404
586454
586576
586579
586704
586939
587172
587217
587253
587387
587400
587451
587478
587518
587563
587638
587940
588026
588128
588163
588177
588196
588226
588428
588453
588606
588810
588919
589034
589115
589166
589461
589657
589859
589943
590171
590224
590243
590291
590298
590388
590508
590609
590615
590642
590714
590926
591099
591390
591581
591644
591658
591740
591744
591846
591969
592010
592144
592248
592255
592264
592331
592520
592520
592520
592926
593293
593419
593527
594351
594389
594486
594574
594855
594968
594980
595012
595050
595108
595143
595259
595303
595330
595335
595400
595605
595614
595730
595789
595889
595922
596048
596111
596201
596209
596215
596246
596293
596348
596357
596387
596476
596514
596609
596661
596713
596774
596930
596982
597037
597150
597181
597234
597334
597383
597456
597638
597817
597985
598049
598115
598376
598582
598761
598929
598980
599138
599152
599295
599327
599347
599398
599434
599542
599578
599702
599791
599791
599795
599799
599831
599909
600016
600149
600161
600216
600285
600294
600376
600453
600567
600685
600686
600692
600785
600928
600931
601061
601332
601517
601802
602002
602105
602331
602504
602635
602738
602882
603009
603023
603135
603147
603221
603484
603764
603787
603857
603968
604046
604144
604372
604796
604870
604964
604968
604992
604999
605084
605092
605197
605233
605337
605501
605609
605633
605682
605996
606133
606195
606317
606401
606470
606479
606649
606783
606909
607032
607041
607090
607101
607223
607250
607291
607370
607428
607580
607593
607647
607765
607831
607899
607969
607987
607992
608262
608326
608369
608435
608436
608479
608493
608557
608586
608615
608675
608710
608710
608799
608831
608972
609021
609075
609085
609086
609112
609241
609263
609307
609336
609394
609423
609504
609598
609664
609758
610086
610160
610305
610332
610445
610458
610581
610596
610602
610654
610671
610993
611177
611244
611561
611692
611857
612091
612130
612140
612911
612979
613027
613199
613207
613225
613343
613539
613645
613662
613704
613789
613865
614012
614228
614356
614381
614462
614505
614804
614862
615009
615040
615091
615137
615220
615227
615453
615593
615650
615820
615862
615865
616224
616316
616351
616541
616555
616626
616707
616724
616785
617033
617054
617177
617277
617492
617733
617756
617932
618535
618731
618846
618977
618978
618997
619094
619119
619130
619133
619296
619378
619463
619697
619755
619823
619908
619955
619995
620062
620136
620197
620488
620526
620637
620657
620761
620906
620956
621003
621116
621119
621503
621633
621678
621779
621848
621873
621998
622189
622207
622292
622351
622364
622370
622382
622413
622413
622463
622621
622699
622726
622733
622778
622922
622953
623030
623047
623127
623470
623538
623578
623597
623715
623715
623783
623789
623792
623873
623961
624046
624089
624509
624672
624701
624820
625107
625556
625605
625686
625709
625975
626251
626252
626280
626285
626446
626540
626597
626624
626641
626741
626741
626764
626768
626772
626880
627111
627173
627182
627243
627271
627394
627404
627432
627612
627817
627966
627997
628063
628085
628103
628120
628284
628303
628325
628387
628438
628943
628975
629073
629082
629097
629337
629376
629733
630084
630238
630539
630539
630599
630783
630860
631239
631346
631377
631378
631443
631469
631768
631785
631998
632106
632130
632161
632165
632508
632521
632539
632561
632680
632786
632972
633131
633132
633328
633357
633403
633411
633471
633784
633875
633989
634021
634088
634209
634212
634390
634432
634493
634510
634579
634636
634890
634982
635193
635274
635404
635404
635571
635592
635593
635834
636248
636274
636352
636552
636690
636856
637021
637115
637147
637147
637356
637512
637513
637517
637642
637685
637865
638047
638127
638247
638290
638350
638410
638452
638454
638546
638564
638598
638662
638877
638960
639062
639173
639454
639570
639645
639770
639784
639890
640030
640076
640236
640275
640444
640732
640760
640784
640923
641048
641092
641234
641332
641515
641562
641636
641707
641793
641808
641867
641997
642083
642110
642136
642273
642452
642505
642627
642740
642843
642866
642955
643120
643148
643182
643232
643267
643510
643514
643560
643629
643853
643954
644040
644724
644738
644824
644873
644952
645318
645396
645570
645662
645807
645988
646034
646193
646397
646420
646797
646809
646854
647075
647188
647267
647674
648039
648158
648171
648216
648263
648376
648522
648586
648656
648660
648737
648791
648802
648908
648924
648994
649041
649085
649127
649160
649358
649362
649535
649679
649724
649766
649846
649991
650097
650420
650556
650655
650801
650902
651134
651193
651316
651462
651510
651515
651725
651915
652111
652227
652265
652283
652386
652448
652466
652532
652582
652730
652910
652914
652937
652950
653006
653019
653023
653026
653159
653471
653489
653526
653910
653912
654010
654129
654211
654353
654684
654740
654764
654777
654804
654931
655071
655093
655271
655381
655685
655821
655914
656201
656267
656428
656488
656505
656546
656626
656701
656830
656886
656986
657097
657112
657227
657607
657629
657741
657802
658100
658222
658703
658834
658841
658947
659105
659122
659159
659206
659361
659420
659582
659600
659765
659850
659908
659940
659941
660058
660175
660222
660224
660385
660399
660432
660462
660510
660734
661061
661087
661097
661119
661132
661250
661275
661279
661289
661390
661426
661540
661607
661644
661647
661665
661697
661766
661884
661899
661903
661975
662034
662042
662163
662182
662500
662772
662782
662885
663032
663151
663174
663396
663796
663962
664100
664210
664307
664308
664520
664981
665092
665151
665183
665387
665508
665524
665635
665901
665975
666016
666225
666466
666502
666667
666674
666774
666809
667010
667048
667059
667104
667323
667400
667486
667595
667675
667765
668031
668400
668454
668543
668825
668870
668985
669038
669423
669491
669523
669541
669554
669579
669719
669829
669932
669958
670266
670352
670491
670568
670568
670716
670777
670792
670845
670854
671057
671164
671260
671302
671384
671489
671515
671644
671647
671671
671672
671936
672141
672307
672412
672480
672543
672584
672592
672726
672738
672946
672968
673132
673168
673314
673396
673428
673448
673451
673485
673629
673652
673724
674134
674162
674512
674516
674539
674881
674912
674952
675076
675118
675141
675388
675431
675581
675604
675709
675764
675844
675928
676103
676104
676219
676451
676616
676678
676758
676873
677038
677067
677111
677234
677307
677377
677382
677413
677529
677568
677624
677738
677802
678014
678014
678049
678159
678275
678432
678474
678606
678627
678696
678735
678824
678906
679266
679412
679647
679667
679790
679947
680112
680118
680261
680408
680513
680696
680885
680984
681044
681107
681252
681456
681457
681462
681485
681605
681773
681867
681921
681996
682055
682140
682159
682172
682176
682209
682268
682471
682542
683126
683303
683402
683488
683776
683826
683938
683941
683974
684173
684386
684455
684672
684842
684863
685072
685128
685294
685400
685621
685648
685680
685727
685729
685751
685807
686075
686142
686477
686525
686875
686928
687426
687480
687504
687726
687824
687923
687933
688065
688134
688645
688774
689013
689026
689103
689503
689706
689884
689927
690011
690165
690254
690634
690795
690823
690855
690870
690951
691004
691025
691150
691206
691228
691261
691277
691404
691653
691775
691795
691898
691962
692039
692127
692237
692299
692514
692554
692617
692643
692956
692957
693035
693103
693126
693257
693313
693603
693759
693852
693912
694002
694013
694129
694209
694286
694325
694343
694741
694781
694807
694829
694835
695178
695241
695245
695344
695417
695511
695597
695645
695672
695713
695871
695871
695899
696122
696131
696236
696330
696398
696548
696644
696720
696795
696827
696948
697005
697008
697079
697169
697347
697368
697387
697710
697881
698032
698097
698170
698260
698382
698510
698533
698607
698660
698694
698725
698809
698854
699013
699072
699086
699097
699124
699348
699442
699498
699680
699688
699711
699777
699861
700058
700217
700350
700498
700629
700706
700900
700919
701046
701187
701427
701532
701616
701642
701897
701917
701926
701933
701952
702069
702104
702152
702287
702297
702297
702325
702367
702434
702493
703410
703438
703738
703745
703786
703885
703892
703964
703994
704031
704192
704236
704627
704640
704672
704728
704849
705073
705179
705416
705430
705519
705541
705570
705676
705753
705758
705854
705981
706015
706140
706375
706503
706757
706784
706865
706872
706973
707035
707069
707130
707146
707161
707166
707260
707375
707446
707451
707496
707873
707924
707974
708037
708138
708318
708348
708493
708600
708626
708652
708660
708663
708725
708774
708864
709428
709690
709905
709980
710014
710042
710058
710087
710316
710380
710407
710445
710449
710701
710748
710754
710898
711129
711136
711217
711274
711346
711396
711454
711520
711563
711792
711806
712079
712109
712119
712316
712396
712411
712536
712569
712738
712990
713133
713290
713523
713551
713624
713919
713974
714016
714025
714115
714184
714619
714706
714714
714744
714888
715135
715225
715820
715841
715974
716004
716038
716116
716207
716391
716430
716530
716701
716861
716915
717043
717234
717308
717357
717422
717489
717609
717694
717871
717898
717934
718098
718251
718283
718392
718778
718800
719205
719364
719469
719503
719717
720103
720149
720242
720265
720403
720406
720450
720573
720651
720658
720684
720795
720857
720895
720978
721050
721144
721253
721326
721338
721896
722036
722199
722211
722658
722729
722855
722906
723134
723165
723325
723339
723540
723659
723676
723898
724123
724124
724140
724164
724174
724400
724452
724494
724560
724568
724575
724821
724876
724902
724913
724964
725100
725101
725450
725539
725931
726014
726117
726266
726386
726399
726529
726538
726572
726625
726681
726711
726866
726875
726970
727032
727035
727478
727811
727877
727925
727938
727984
727989
728156
728254
728520
728692
728724
728809
728900
729058
729161
729209
729212
729289
729398
729507
729578
729740
730073
730136
730251
730300
730310
730320
730447
730700
730838
731097
731112
731158
731239
731267
731336
731508
731653
731710
731766
731820
731976
732099
732109
732136
732243
732309
732453
732459
732462
732590
733240
733261
733300
733452
733845
733959
734328
734458
734516
734596
734755
734766
734831
735133
735219
735259
735441
735596
735621
735639
735658
735730
735783
735816
735883
736028
736199
736251
736256
736399
736714
736754
736915
736946
737074
737372
737446
737464
737591
737611
737659
737696
737820
738118
738174
738185
738391
738392
738403
738460
738475
738528
738655
738702
738764
738768
739214
739222
739333
739391
739447
739547
739671
739849
739932
739977
740273
740326
740327
740537
740547
740567
740777
740815
740842
740942
740972
741041
741245
741287
741295
741411
741562
741615
741647
741675
741705
741877
741880
741936
741969
742026
742110
742267
742410
742472
742657
742717
742818
742869
743101
743105
743143
743240
743328
743481
743536
743575
743619
743637
743770
743834
743942
744071
744088
744103
744370
744483
744585
744801
744907
745017
745318
745396
745505
745556
745624
745887
745890
746227
746312
746406
746514
746898
746960
746973
747137
747521
747626
747798
747866
748008
748066
748145
748160
748331
748548
748612
748661
748906
749085
749160
749231
749286
749517
749705
749852
749979
750511
750562
750638
750740
750812
750842
750869
750904
750924
750964
751484
751539
751816
751876
751986
751990
751994
752112
752231
752279
752397
752772
752803
752813
752930
752988
753252
753371
753533
753657
753696
753796
753886
753929
753987
754100
754388
754745
754781
754786
754793
754799
754938
755057
755139
755196
755787
755832
755878
756139
756202
756297
756325
756408
756494
756584
756661
756935
757167
757185
757207
757241
757284
757300
757454
757740
757778
757840
758137
758275
758369
758429
758486
758490
758597
758763
758787
759005
759060
759079
759194
759218
759275
759501
759515
759515
759537
759684
759817
759891
759908
759924
759965
760149
760150
760173
760235
760480
760537
760636
760858
760898
761048
761205
761224
761303
761371
761386
761415
761601
761751
761979
762064
762212
762228
762249
762478
762504
762663
762771
762905
762938
763050
763241
763291
763335
763421
763630
763734
763873
763971
764099
764346
764350
764396
764414
764416
764456
764618
764634
764651
764681
764695
764710
764747
764780
764797
764993
765089
765342
765449
765470
765551
765595
765654
765803
765826
765972
766053
766184
766303
766361
766400
766418
766504
766548
766559
766596
766782
767047
767088
767281
767401
767494
767552
767633
767794
767882
767992
768016
768129
768201
768212
768271
768300
768339
768442
768492
768724
768859
768969
768999
769007
769023
769157
769205
769379
769389
769541
769550
769558
769773
769942
770007
770089
770118
770483
770506
770673
770842
771222
771303
771405
771529
771683
771710
771782
771789
771839
771915
772232
772587
772684
772765
772891
773146
773228
773405
773413
773435
773720
774034
774220
774228
774408
774435
774514
774645
775338
775391
775533
775979
776153
776450
776752
776877
776935
777040
777102
777236
777248
777381
777485
777490
777506
777576
777664
777727
777824
777873
777894
777899
777988
777994
778029
778184
778185
778200
778418
778508
778558
778622
778648
778661
778914
778917
779033
779035
779193
779383
779420
779457
779508
779669
779874
780142
780303
780390
780397
780534
780566
780583
780597
780980
780984
781036
781098
781104
781112
781172
781327
781352
781548
781630
781882
781926
781979
782056
782422
782509
782620
782792
782807
782937
782940
783005
783018
783048
783139
783161
783260
783265
783270
783325
783417
783422
783829
784066
784103
784375
784764
784782
784933
784938
784954
784956
784967
785071
785089
785134
785159
785174
785330
785339
785667
785765
785919
786036
786099
786160
786349
786377
786422
786508
786517
786528
786551
786632
786808
786982
786983
787068
787330
787346
787554
787559
787602
787652
787834
787851
787942
788173
788290
788298
788771
788797
788898
788932
789105
789131
789139
789204
789370
789380
789433
789488
789570
789804
789824
789926
790004
790126
790165
790191
790509
790735
790909
791027
791180
791232
791277
791296
791311
791360
791426
791426
791709
791864
791968
792001
792036
792084
792125
792150
792186
792187
792199
792422
792469
792503
792620
793130
793241
793331
793394
793569
793570
793827
793851
793855
794066
794251
794391
794443
794458
794663
794793
795112
795147
795440
795486
795529
795541
795558
795611
795636
795891
795929
796330
796338
796395
796492
796519
796520
796520
796560
796579
796591
796616
796643
796674
796746
797091
797143
797187
797228
797336
797489
797527
797689
797721
797728
797896
797927
798246
798270
798365
798366
798377
798434
798480
798480
798713
798745
798785
798819
798860
798883
798909
798966
799006
799148
799222
799247
799632
799771
799808
800132
800153
800186
800407
800416
800639
800652
800771
800807
801019
801097
801151
801314
801333
801333
801388
801459
801781
801840
801841
801864
802385
802562
802623
802665
802733
802740
802898
803088
803265
803290
803509
803515
803542
803734
803786
803946
803999
804012
804014
804058
804087
804128
804191
804372
804380
804385
804608
804678
804691
804766
804855
804897
804999
805146
805182
805202
805436
805455
805511
805591
805627
805659
805848
805853
806068
806220
806379
806391
806628
806641
806703
806706
806803
807074
807410
807442
807555
807576
807628
807839
807848
807889
807941
808165
808186
808305
808590
808814
809108
809136
809315
809320
809432
809445
809550
809734
810003
810213
810215
810229
810274
810340
810373
810837
810874
810899
810989
811060
811375
811660
811670
811839
811896
811903
812254
812367
812628
812714
812719
813039
813120
813167
813347
813354
813371
813427
813619
813657
813703
813763
813769
814157
814264
814287
814396
814584
814710
814783
814858
814871
814880
814901
814918
815148
815215
815330
815546
815582
815760
815792
815886
816033
816063
816115
816256
816437
816508
816599
816741
816847
816874
816941
817086
817178
817289
817424
817683
817746
817805
817928
818006
818068
818102
818134
818182
818209
818451
818494
818506
818576
818579
818603
818668
818705
818774
818884
818981
818988
819115
819441
819616
819665
819725
819818
819855
819901
819923
820006
820099
820131
820334
820373
820438
820467
820510
820709
820735
820808
820887
820958
820990
821129
821132
821191
821335
821346
821407
821434
821494
821567
821576
821612
821703
821771
821781
821799
821985
822173
822222
822258
822576
822735
822784
823352
823572
823643
823652
823868
823899
823910
824058
824285
824340
824444
824756
824759
824846
824851
824871
824921
824943
824993
825471
825549
825728
825833
825848
825909
825913
826022
826320
826350
826360
826364
826369
826431
826478
826552
826603
826612
826775
826782
826811
827040
827151
827215
827320
827650
827732
827747
827764
827869
828257
828260
828514
828529
829019
829279
829636
830007
830070
830115
830115
830228
830235
830236
830261
830413
830546
830576
830641
830788
830949
830964
831004
831108
831241
831370
831614
831740
831825
831857
832206
832328
832486
832513
832560
832641
832805
832953
832971
833044
833180
833190
833197
833211
833320
833456
833513
833578
833674
833701
834005
834184
834258
834268
834403
834458
834499
834564
834596
834807
834828
835064
835335
835368
835460
835470
835607
835650
835745
835775
835967
836213
836260
836306
836447
836472
836548
836633
836793
837026
837083
837115
837129
837260
837303
837375
837646
837702
837706
837744
837767
837827
838250
838279
838286
838339
838445
838451
838602
838630
838669
838812
838818
838950
839105
839117
839589
839635
839671
839680
839774
839796
839946
840013
840153
840180
840221
840399
840488
840599
840654
840693
840727
840883
840953
841106
841151
841163
841290
841309
841494
841550
841593
841596
841640
841817
841970
842145
842571
842764
842867
842898
842960
843012
843105
843110
843264
843377
843487
843504
843544
843634
843635
843687
843941
843991
844016
844141
844184
844373
844433
844520
844530
845003
845078
845098
845132
845272
845432
845537
845616
845739
845747
845782
845864
845872
845947
846017
846087
846118
846193
846263
846349
846541
846566
846743
846850
846922
846923
847060
847186
847199
847347
847521
847584
847608
847649
847847
847979
848011
848134
848259
848260
848278
848511
848639
848721
848820
848855
848896
849350
849366
849407
849495
849518
849528
849693
849746
849747
849827
850117
850174
850262
850276
850357
850490
850494
850531
850541
850546
850592
850660
850833
850893
851067
851143
851178
851206
851767
851848
852002
852018
852081
852122
852134
852180
852194
852224
852414
852543
852591
852635
852640
852654
852672
852718
852759
852762
852772
852779
852818
852847
852877
852921
853124
853129
853334
853354
853504
853636
853773
853782
853850
853855
853897
853933
854245
854371
854565
854578
854681
854725
854738
854742
854803
854833
854875
855010
855058
855066
855442
855549
855561
855607
855644
855776
855846
856076
856126
856435
856469
856507
856534
856565
856691
856779
856978
857013
857082
857169
857183
857351
857354
857400
857477
857494
857671
857680
857685
857795
857804
857941
857949
858079
858346
858346
858375
858375
858452
858633
858680
858817
858906
859046
859111
859182
859269
859327
859365
859393
859544
859649
859657
859784
859805
860211
860219
860274
860448
860452
860570
860611
860836
860866
860876
860923
860960
861024
861095
861187
861253
861299
861306
861375
861407
861544
861601
861998
862130
862406
862465
862503
862538
862602
862665
862706
862748
862774
862908
862914
863175
863253
863443
863661
863719
863986
864049
864051
864109
864465
864494
864510
864544
864587
864612
864790
864825
864858
864910
865052
865091
865106
865143
865203
865247
865445
865622
865643
865721
865801
865848
866129
866511
866552
866723
866731
867159
867225
867285
867484
867485
867534
867904
867923
867974
868042
868136
868152
868158
868293
868550
868818
868886
869175
869192
869220
869388
869565
869617
869752
869776
869829
869847
869888
869961
870176
870360
870453
870513
870694
870873
870980
870985
871031
871057
871350
871381
871437
871741
871810
872045
872049
872166
872223
872361
872406
872514
872640
872662
872815
872873
873118
873200
873292
873383
873606
873774
873825
873991
874033
874545
874546
874644
874780
874879
874929
875090
875343
875511
875536
875621
875745
875817
875897
876306
876365
876485
876615
876655
876834
876936
877050
877099
877130
877404
877444
877484
877558
877636
877644
877718
877775
878064
878129
878262
878346
878368
878605
878665
878767
878925
878928
878993
879100
879337
879406
879856
879868
880115
880211
880243
880250
880281
880357
880491
880761
880867
880998
881033
881045
881090
881196
881497
881592
881789
881917
882032
882079
882161
882163
882496
882501
882929
883039
883265
883303
883357
883389
883549
883880
884287
884317
884492
884517
884546
884570
884801
884820
885163
885310
885332
885334
885575
885577
885610
885736
885910
885965
885973
886048
886213
886228
886390
886445
886555
886636
886698
887059
887099
887260
887313
887335
887529
887754
887814
887901
887939
888144
888157
888158
888281
888352
888566
888568
888572
888574
888610
888670
888796
888995
889068
889111
889221
889379
889490
889611
889665
890036
890531
890640
890647
890753
890800
890823
891059
891112
891214
891227
891252
891376
891444
891465
891529
891538
891567
891637
891654
891871
892013
892058
892183
892368
892448
892513
892605
892605
892623
892749
892923
893038
893157
893164
893249
893359
893375
893507
893873
893878
893961
894060
894141
894231
894275
894294
894375
894416
894443
894666
894755
894820
894894
894985
895047
895191
895298
895298
895302
895556
895644
895694
896151
896225
896254
896434
896544
896589
896797
896822
896906
896938
896939
896990
897077
897077
897106
897108
897123
897127
897296
897367
897420
897457
897507
897603
897810
897834
897843
897999
898006
898144
898273
898592
898648
898812
898833
898841
898985
898996
899024
899087
899089
899128
899201
899230
899409
899530
899815
899883
900025
900097
900381
900605
900631
900640
900795
900824
900857
900911
900935
901001
901018
901039
901205
901322
901335
901358
901679
901969
902234
902532
902555
902606
902775
902825
902898
903171
903184
903371
903430
903518
903520
903570
903600
903613
903656
903657
903698
903738
903783
903823
903833
903849
904129
904144
904337
904367
904609
904654
904660
904666
904781
905013
905100
905103
905137
905192
905270
905349
905490
905536
905539
905655
905697
905943
906099
906198
906205
906232
906263
906328
906445
906451
906522
906530
906608
906623
906639
906692
906855
907109
907162
907518
907581
907654
907788
907791
907806
908068
908072
908106
908243
908301
908306
908539
908614
908629
908669
908753
908839
908881
908909
908937
909099
909452
909690
909770
909902
909909
909914
910065
910261
910377
910471
910642
910756
910769
910778
910791
910806
910929
910967
911018
911045
911094
911140
911292
911325
911338
911429
911439
911450
911755
911898
911998
912080
912081
912109
912167
912225
912341
912657
912793
912816
912830
912876
913039
913074
913129
913173
913201
913222
913292
913317
913342
913381
913397
913557
913602
913624
913753
913868
913929
913947
914011
914220
914258
914305
914348
914563
914564
914701
914765
914767
914782
914785
914813
914857
915103
915348
915411
915458
915460
915465
915538
915562
915634
915710
915761
916121
916161
916208
916223
916343
917075
917265
917321
917401
917456
917573
917581
917795
917854
918082
918147
918190
918267
918461
918527
918649
918740
918838
919006
919027
919115
919178
919223
919479
919565
919654
919669
919851
919888
919958
920001
920153
920256
920339
920471
920611
920705
920737
920837
920885
920902
921013
921109
921158
921239
921251
921308
921431
921518
921527
921770
921810
921974
922028
922264
922385
922391
922537
922631
922731
922754
922804
923031
923058
923173
923444
923503
923648
923674
924067
924138
924150
924166
924211
924309
924314
924318
924352
924575
924705
924880
925011
925200
925426
925497
925532
925542
925826
925894
925984
926080
926312
926328
926380
926654
926710
926885
926983
927006
927197
927203
927308
927457
927533
927872
927919
927941
927983
928119
928196
928205
928343
928370
928464
928633
928649
928662
928758
928921
928962
929034
929075
929309
929335
929341
929457
929489
929696
929727
929739
929915
929963
929974
930079
930571
930856
930898
930953
931084
931126
931153
931304
931484
931893
931946
931961
931995
932226
932353
932463
932473
932502
932605
932648
932680
933225
933711
933740
933978
933980
933991
934035
934148
934320
934452
934454
934567
934649
934748
934788
934955
934986
935183
935371
935497
935527
935692
935747
935756
935895
936204
936281
936327
936361
936387
936560
936600
936752
936888
936923
936926
937276
937307
937408
937455
937462
937520
937529
937697
937727
937728
937743
937888
938028
938046
938105
938197
938251
938380
938402
938410
938424
938606
938698
938748
938835
938862
938892
938994
939070
939115
939117
939233
939433
939468
939561
939570
939573
939592
939622
939631
939640
939679
939713
939882
939961
940033
940202
940294
940317
940455
940554
940581
940689
941009
941028
941173
941420
941535
941624
941760
941826
941891
941942
942213
942354
942386
942498
942757
942800
942856
942868
942871
942971
943083
943146
943201
943280
943349
943661
943686
943862
943921
943948
943953
944013
944019
944184
944289
944572
944643
944710
944734
945177
945247
945355
945445
945477
945616
945620
945659
945731
945790
945847
945915
945986
946063
946120
946124
946168
946216
946333
946483
946512
946596
946809
946829
947285
947376
947520
947543
947557
947605
947666
947687
947710
947742
947833
947974
948023
948027
948074
948150
948288
948342
948351
948354
948510
948521
948627
948636
948847
948925
948988
948994
949240
949344
949481
949492
949731
949795
949895
949970
950096
950133
950152
950191
950221
950281
950340
950376
950578
950613
950818
951108
951136
951289
951309
951407
951521
951717
951829
951893
951926
951934
951943
952001
952149
952341
952369
952490
952518
952791
952972
953135
953175
953250
953417
953421
953548
953616
953775
953830
954553
954628
954805
954883
954942
954968
954997
955095
955225
955383
955471
955576
955723
955872
956345
956468
956476
956540
956571
956599
956737
956842
956924
956943
957268
957275
957326
957382
957470
957471
957601
957623
957650
957663
957757
957887
957933
958249
958328
958338
958494
958514
958603
958668
958676
958720
958770
958878
958917
958925
959364
959389
959467
959536
959571
959589
959739
959796
959923
960222
960426
960679
960707
960713
960743
961015
961060
961189
961335
961484
961608
961644
961664
961807
961952
961984
962248
962335
962362
962453
962543
962590
962616
962648
962812
962864
962998
963102
963525
963617
963643
963645
964024
964365
964434
964537
964543
964652
964768
964777
964978
965046
965229
965316
965450
965452
965601
965953
966017
966089
966179
966211
966327
966350
966372
966396
966644
966762
966908
966996
967374
967429
967469
967497
967512
967565
967613
967839
968063
968081
968094
968120
968159
968353
968471
968515
968556
968630
968691
968824
968939
969192
969302
969350
969401
969408
969497
969512
969515
969562
969689
969713
969839
969867
969917
970080
970133
970141
970185
970242
970317
970343
970413
970505
970554
970588
970600
970661
970693
970796
970949
971366
971379
971514
971666
971896
972108
972161
972385
972494
972596
972676
972730
972843
972848
972854
973020
973054
973267
973464
973536
973719
973743
974101
974228
974229
974392
974625
974671
974751
974784
974819
975121
975203
975223
975288
975313
975345
975542
975826
975864
975876
975953
975990
976012
976016
976077
976195
976276
976338
976414
976585
976612
976713
976787
976894
976917
976921
977054
977198
977285
977390
977442
977462
977547
977601
977640
977897
978157
978527
978601
978686
978831
978967
979091
979311
979311
979317
979318
979366
979380
979432
979447
979484
979621
979717
979743
979751
979773
979821
979864
979954
979986
980149
980263
980393
980509
980605
980606
980610
980645
980873
981515
981645
981756
981816
981963
982110
982122
982285
982504
982660
982769
982796
982882
983199
983345
983589
983593
983620
983677
983780
983898
983905
983994
984044
984352
984355
984645
984646
984686
984852
985011
985059
985203
985206
985226
985251
985259
985327
985475
985554
985667
985787
985787
985914
985945
986009
986098
986160
986189
986475
986638
986659
986870
986937
987003
987215
987251
987379
987460
987520
987581
987751
988097
988130
988189
988235
988312
988488
988524
988530
988540
988625
988770
988797
988884
988995
989004
989089
989174
989281
989310
989361
989546
989585
989634
989668
989981
990097
990246
990309
990341
990450
990498
990563
990595
990645
990765
990846
990891
990913
991064
991181
991204
991271
991360
991365
991407
991536
991554
991617
991627
991630
991707
991836
991975
991979
992376
992520
992593
992744
992911
993092
993198
993259
993385
993454
993477
993515
993515
993550
993595
993683
993745
993860
993922
993939
993948
994024
994187
994370
994443
994483
994556
994603
994928
994979
995035
995169
995289
995391
995401
995442
995465
995565
995708
995756
995942
995983
996008
996033
996144
996218
996435
996579
996754
996859
997000
997167
997183
997194
997397
997546
997663
997691
998034
998053
998162
998277
998486
998549
999071
999192
999197
999229
999403
999852
999967
999979
