349
440
1308
2003
2195
2328
2499
2944
2952
4612
4825
5323
6170
7295
9519
12185
13060
14603
16525
16644
16676
16865
19699
20025
21771
25171
26164
29395
30542
32933
33161
34840
36300
37704
37842
38794
39030
39089
39478
39548
42287
42908
43901
45527
49063
51422
51518
51596
51734
54450
54590
55505
56346
57174
59902
61226
61324
62674
64483
64500
64537
66967
67036
67038
67339
71544
73186
73334
73421
75498
76084
78545
78954
79259
79289
81803
82288
82570
83715
84137
84749
86439
87455
88859
89193
89404
92385
92662
92683
94091
94210
94539
95693
95693
95993
97106
99643
100166
103083
103280
103970
104261
104524
108373
108421
109708
110432
112289
112373
113547
115773
116667
116848
117313
118003
119585
120857
120867
122004
122669
123433
124144
125148
125344
125356
126997
129784
132224
133212
133473
134855
136195
137333
138872
140136
140567
140671
141486
141519
141771
141771
142030
143879
144243
145573
145875
146909
147131
148314
148397
149142
149171
149678
150798
152772
153221
155224
156032
157102
158897
159114
159710
160732
162763
165392
166090
166249
166376
167603
167856
169660
172015
173456
173824
174883
175772
177410
178005
178042
181824
181943
183329
185837
186589
187300
187506
187800
187906
190971
191419
193437
193827
195397
197194
197279
197564
198219
199255
199339
201954
202168
202515
202583
202937
203945
204012
204334
206973
210058
210462
212299
214854
216680
217583
217590
219360
220417
221119
222326
222718
223516
224930
224981
226175
227017
227132
227298
227672
228723
228756
233403
235104
236135
236365
236950
236955
238606
240356
241169
241566
244964
245453
245596
246129
246962
247731
249619
252318
252438
252775
255373
263234
263821
264742
265355
265787
266620
266785
268784
269071
269081
270088
271192
271209
273525
273711
275046
276545
277953
278657
279577
279796
280895
282442
282950
283599
284029
284788
285284
286545
287529
289330
289567
292502
297168
299801
300393
303102
303197
303367
306465
308227
308364
308485
309672
310177
310563
311782
312260
313033
313111
315375
317132
318832
319122
319782
320336
321510
323824
324429
324843
325862
327026
327198
327646
327685
327749
328002
328519
331660
333603
334708
335884
337643
338677
339571
339636
339835
340310
341005
341466
341832
342794
342917
344425
344849
348994
352320
353681
354685
357150
362702
363333
363517
364468
365710
366543
366575
368860
369723
369841
370142
372129
373001
373763
374318
374480
375756
375762
375894
376241
377525
378032
378710
379080
379986
381545
382437
384378
389459
390094
392240
394774
397202
402520
405143
405840
405913
406058
406707
407250
408482
409029
410111
412056
414583
417752
418400
418632
422976
424000
425992
426370
426385
427013
428252
429662
430154
430364
431695
432533
432997
433837
433890
438148
440456
440815
440891
440932
442176
442812
443020
444824
445384
445655
445785
446358
446829
447099
447337
448520
450013
451800
451905
454078
454421
456227
456824
457495
457640
458314
459151
459286
460163
460183
460290
461298
461374
462609
463168
464120
464631
466490
466866
467070
467282
468438
469706
470365
470658
471866
471987
472941
474640
475688
476049
477014
480437
483761
489588
490373
492167
492474
492875
493739
494369
497514
498855
500880
501216
503147
504945
506111
507620
509268
509751
509937
510074
510810
511181
511973
513044
514386
515597
515918
519308
520106
520464
521480
521771
523221
524593
526943
527049
527202
527594
528909
530086
532115
532318
532693
533311
534689
536348
538941
542330
543475
544930
545029
545180
547525
549596
550694
551185
551579
552225
554533
555488
555536
555743
557380
558042
558205
558698
559279
561304
561794
562167
562911
563132
563450
563494
565635
566708
567036
568344
569356
570072
570143
572750
573923
574293
575270
575587
575979
577121
577281
578152
582517
582800
583133
584060
584603
585606
586022
587639
587958
590238
590988
590990
592370
593497
593533
593721
595106
595153
596372
597086
598014
598066
599022
599138
600741
601153
602918
603524
603710
603928
606616
609590
609799
610640
610975
611891
613984
614042
614692
616157
617202
617305
617422
617583
619283
620558
620997
621280
622266
623387
623726
624105
626242
627244
627516
629813
630808
630998
631224
631231
631270
631445
632794
633830
634071
634110
635578
635659
636408
636553
637728
639019
641399
641761
642924
644673
645165
646727
648592
648665
649580
650302
651256
651358
651369
651831
651939
652416
653170
656386
657856
658308
661530
661606
662022
662245
662815
664783
665292
665433
665633
666219
666536
666796
668392
668486
668829
668902
669291
669600
669734
670821
672343
672419
675116
675836
675920
676804
677645
679982
680486
682033
682550
682981
683027
683461
684054
686490
686750
688071
688637
688778
691347
691951
692728
695021
696759
696895
697440
698184
699581
700029
701589
701763
701924
702303
702887
703961
705517
705895
707513
707579
707815
710587
710650
711702
711824
712313
713535
714344
714655
715756
717145
717244
717914
718511
719065
719156
721249
722047
722565
724407
724905
725428
726235
728931
730830
732392
733326
735107
735196
736732
736999
738533
739295
739719
740592
743737
747138
747819
748261
748381
749952
750883
752148
752388
752591
753638
754413
757670
758306
758587
759550
760068
761435
763166
763502
764286
765991
766090
766913
767672
768996
769962
771713
775341
776321
776607
777068
777745
778147
778238
779566
780905
780964
781693
782972
783539
785354
787522
789932
790110
792335
793242
794603
795284
796080
796485
796698
797836
798253
798407
798645
799010
800704
800733
800893
802588
802594
804402
804538
804701
806913
809436
810222
811759
813029
814183
814574
814928
815281
815528
815775
816356
816429
816449
816704
817350
817776
817851
818268
821991
822417
822866
822930
823262
823293
824964
825528
826911
828905
829741
830014
832346
832494
832703
834619
835689
837881
838427
838871
841390
841709
843033
843567
844684
848398
848427
849940
849945
850292
850511
850611
854337
854382
854568
856605
856936
857003
857463
859594
860370
861502
861570
862321
862764
863553
866738
867728
868169
868464
868601
868819
870401
872668
874231
874479
874870
875217
875513
876334
876714
876954
877698
878680
878918
882423
883295
888141
888514
890316
891180
892796
894987
895349
896868
897943
898336
899489
901658
901776
903083
903794
904109
904338
907884
908658
911022
912753
913892
916440
916661
917022
917761
918408
921850
922372
922513
922687
924007
924019
925261
925438
925629
926386
926666
930714
932918
932994
933350
933544
934811
935121
935192
935345
937332
937764
939354
939412
939552
940248
940301
941943
944268
944660
947282
947787
948136
951044
951207
951247
951695
952111
953898
954202
960156
960284
962379
963204
963295
964484
965065
966120
967119
968480
969063
970740
971826
973289
973612
974133
974703
975577
975617
975645
975980
977877
978818
979131
980557
981993
982080
982466
983977
985626
985835
986080
986774
987069
988177
989325
991226
991394
991546
993042
993573
993762
994164
994862
995345
996829
999662
