1686
2169
2251
2457
2848
4365
4452
4549
6043
7093
7296
7301
7441
7580
8373
9058
9718
10804
11354
11916
14851
14913
16075
16661
17406
17958
18799
19324
19899
20950
21657
21722
21866
21871
22067
22451
23181
23191
23225
23547
24071
24448
25174
26413
28184
28344
28644
28860
29263
29418
29421
29755
29841
30480
31791
32088
32573
32713
32918
33046
34374
35043
35792
36086
36880
37476
37484
37796
39198
40806
43175
43510
43513
43790
44843
44991
45373
45398
46654
48641
48652
48683
48690
48743
49501
50204
50595
50686
50720
50784
51224
51263
52397
52899
53880
54063
54598
54913
55048
55846
56747
57526
57624
57634
57768
59313
59603
59784
60085
60786
61194
61536
61623
62022
62709
64982
65439
66190
66410
66538
66583
66706
67261
67459
69940
69991
70135
71665
72739
72999
73419
73799
75441
75870
76908
77101
77192
77562
78077
78207
78463
78556
78609
79701
80075
80246
81001
81587
82735
82805
84581
85286
86068
86658
86779
87033
87534
87693
88528
88881
89877
90133
90925
91745
92155
92341
92580
92800
92929
93840
94647
94824
95098
95163
95328
95365
95829
96202
96717
98181
98735
99432
100119
100559
100651
102108
102760
103360
103541
104143
105011
105118
106714
107408
107939
107944
108317
108777
108858
109249
109821
109829
110732
111369
111624
111958
112333
112708
112749
112831
114506
115638
115658
116229
116230
116239
116458
116557
116622
117664
117728
118491
118679
119027
119225
119506
119750
120855
121179
121666
121797
121953
122633
122933
123356
123394
124447
124454
124541
124765
124943
126283
126312
127062
127620
128215
128930
129616
130460
130815
131011
131402
132232
132360
132453
133038
133536
133604
133697
134497
134601
134702
134704
136070
136300
137532
138370
138442
139140
139989
140688
141610
141814
141885
142956
143551
143637
144072
144702
146009
146023
146462
146871
147171
147646
148355
148940
149018
149242
149621
151499
151588
152016
152159
152313
152554
153306
153850
153985
154054
154104
155791
157480
157793
157836
157977
158458
159646
159744
160399
161006
161043
161130
161936
162297
162491
162830
163334
163644
164339
164573
165310
165782
166525
166713
166947
167955
168355
168541
169448
169474
170061
170239
170915
171463
171738
172086
172140
172202
172793
173838
174620
174784
174855
175100
175133
175784
175794
176292
177464
177574
177654
177987
178561
178573
179322
179510
179755
179858
181050
181331
181628
181975
182004
182158
182201
182210
182302
182916
183572
183697
183843
183945
184336
185081
185206
185717
186348
186434
187527
187851
190168
190823
192344
192351
192574
193177
193711
193917
194534
195278
195741
196206
196386
197100
198722
199181
199871
201137
201163
201437
201455
201684
202007
202289
202766
204035
204393
204723
204865
205379
206099
206205
206569
206594
206885
208046
208465
208633
209184
209216
209349
210179
211424
211505
211598
212052
212074
213923
214547
214832
215066
215847
216293
217155
217162
217963
218351
218741
219179
219727
219840
220305
220369
220530
222598
222721
223366
223439
223716
223920
224623
226028
226779
229156
229295
229581
230074
230722
231218
231340
231468
231768
232285
232978
233055
233064
233180
233300
234276
234462
234812
235101
235885
236197
236340
236979
237508
237649
237729
237896
238779
238848
239578
239716
240553
240706
242438
242698
243144
245410
246555
247253
247318
247329
247763
247851
248552
248774
250110
250588
250603
251006
251637
252783
252959
253045
253703
253807
253876
254322
255527
255547
255777
256503
257975
258190
259549
260180
260978
261115
261559
262324
262994
263371
263669
264292
265475
265737
266342
266851
267465
269578
269596
270748
270893
271051
271134
271681
272689
272735
273156
273602
273625
273994
274712
274964
275177
275627
276509
276905
277354
277447
277855
278359
278594
279018
280272
280282
280675
280956
281528
281672
281948
282096
282386
282958
284083
284204
284439
285168
285735
286004
287179
287861
288145
288180
288482
289935
290122
291041
291729
292593
292721
293411
294181
295317
295800
295831
296335
297491
298215
299673
300059
300435
301420
301513
301518
302341
303777
303926
304700
304825
307263
308411
308574
308881
310837
311073
311127
311779
311875
311981
312980
313512
314030
314496
314544
315564
315964
316433
316522
318940
319022
319239
319585
321341
321367
322471
323028
323299
323361
323394
324216
324970
325476
326167
327027
328554
328978
329648
329658
330058
330193
330537
330596
330634
330962
331936
334154
334813
335002
335332
337837
338119
338180
340460
340810
341022
341798
341818
341913
342491
342646
342661
342956
343412
343980
344705
344826
344921
345327
345702
345939
346284
346525
346916
347089
348191
348641
349471
349475
350103
350621
350693
350851
351370
351436
351481
353513
353576
353816
354648
355237
355383
355897
356365
356586
358585
358658
358842
358957
360082
360932
361019
361066
361182
361349
362963
363504
363538
365277
365407
365703
366283
366975
367431
367964
368280
369980
370258
370472
370708
371070
371076
372045
372124
372614
372913
373275
373379
373468
374289
374404
375052
378047
378197
378462
378547
378806
378858
379407
379783
379960
380132
380368
381544
381957
382168
382556
384011
384989
385035
385661
387630
389245
389542
390625
390802
390995
391151
391310
391320
392035
392500
393046
393678
393691
394448
394595
395830
396125
396383
397673
397922
399230
399899
400060
400114
401690
401950
403436
404630
405898
405911
406538
407225
408380
409860
410026
410527
410675
411721
412634
413473
413732
414521
414883
414898
415085
415862
415955
416670
416840
417161
417440
417715
418357
418500
418947
419362
419428
419759
421015
421063
421663
422943
423022
423745
424338
425169
425388
426285
427259
427540
427884
428342
429986
430232
430376
430579
431315
432013
432260
432375
432684
433008
433048
433170
433195
433374
433860
434125
434241
434316
434655
434701
434948
435182
435680
436070
436824
437139
437273
437640
437734
438123
438129
439065
439930
440073
441106
441324
441536
441562
442205
442332
442574
442918
443000
443184
443702
443759
444422
444644
444689
444756
445396
445734
445941
446093
447467
449121
449798
449838
450469
450558
451052
451341
452377
452592
452921
453281
454743
455054
455150
455200
456397
456881
457625
457679
457693
457847
458053
458071
458315
458420
458734
459712
459901
460038
460396
460858
460944
461245
461612
462127
462148
462790
462820
463040
463508
463883
463910
464033
464526
464589
464690
464847
465313
465512
466190
466329
466838
467154
467201
467203
467228
469769
469769
470742
470955
471813
471864
472669
474840
474886
476291
476920
477916
477923
478250
478251
478590
479744
480674
481976
482037
482509
483519
483617
483754
484272
485254
485603
486456
486521
486729
487245
487391
487450
487481
488087
488225
488927
488970
489793
490610
491897
492850
492961
493234
493659
493678
493762
495281
495459
495654
496501
497189
497322
497448
498049
498632
499388
499875
500301
501026
501304
501402
501403
502026
502119
502909
504303
504540
505266
505399
505880
505930
507312
507821
508488
508731
511470
512521
513234
513273
513911
513975
514014
514166
514375
514386
515160
515812
516150
516571
516590
516917
517251
517740
517915
517977
518155
518591
518661
518847
519015
519138
519773
519963
520301
520452
520460
520528
520756
520874
521955
522401
522809
524481
524560
524689
524843
524875
525065
525573
525879
526735
527486
528434
528449
528457
528628
528848
529089
529359
529724
530135
530544
530553
530844
531664
531943
532279
533139
534131
534348
534615
535058
536320
537529
538341
538979
539475
539979
540115
540167
541450
542007
542098
542399
542454
542827
543484
544058
544082
545840
546942
547021
547975
548647
549205
550042
550114
551446
552784
552831
553098
553203
553443
553509
556064
556130
556134
556418
556939
558029
558358
558534
558588
559070
559080
560296
560440
560555
561819
562421
562652
562702
563177
563372
563455
563735
563834
564398
565407
565486
565812
566249
566314
567907
567925
568484
570898
571601
572519
572634
573288
574763
574969
575048
575471
575709
576022
576224
577349
579273
579356
580729
581252
581488
581589
581625
581771
582052
582279
582913
583675
583710
583919
584206
584939
585237
585449
585556
586313
587108
587234
587617
587850
588221
588652
589183
589354
590314
591940
592371
592488
592914
593063
593860
594265
594322
594811
594975
594980
596673
597072
597209
598714
599754
600426
600515
601267
601390
601398
601601
601838
601926
601962
602767
603053
603730
604791
604817
605109
605947
607532
609235
609434
610896
610975
611414
612050
612162
612671
613204
613675
613782
613836
614660
615039
615517
615696
615736
616194
616374
616713
617240
617250
618483
618641
618971
619479
620112
620280
620295
620595
622171
622308
622497
623396
623687
623806
624596
626377
626864
626918
627987
628576
628604
628618
628871
628932
629581
629811
629997
630028
630390
630655
631135
631197
631332
631632
631760
632130
632133
633137
633787
634797
634881
635777
635833
637011
637282
638459
638697
638837
638921
639883
640249
640290
640790
641015
641795
641868
642873
643479
644106
644121
644847
646389
646605
646644
646699
646954
647289
647965
649358
650833
650935
651257
651821
652704
653607
653666
654109
654211
654231
654397
654461
654597
654666
655830
656009
656215
656732
657643
657940
658682
658799
659120
659358
659800
659960
661021
661478
661600
661700
661913
662255
663403
663736
663850
664093
664239
664411
664603
665666
666465
666524
666553
666899
668073
668082
669159
670207
673804
674046
674795
675187
675370
675411
675612
675990
676283
676567
676724
678569
678902
679516
679561
679770
679856
679977
680765
681455
682508
683011
683211
683403
683426
683737
684489
684900
685199
685695
685798
686325
686448
686927
687292
688685
688918
689168
689570
690220
690640
691218
692431
692742
693132
694430
694530
695490
695797
696992
697651
697829
698250
699738
699972
700516
701339
701553
702045
702256
702490
702601
702705
703191
703619
703785
704177
704368
704577
705402
706264
706379
707175
707604
708416
708645
709930
711529
712135
714667
715146
715147
715282
715918
716053
716819
717426
717985
719374
719466
719478
719670
719845
720141
720811
720848
720964
721677
722336
722418
722520
722648
722793
722924
723608
724733
724742
725408
725571
726429
727172
727548
727742
728381
728503
728651
729107
729396
729554
729564
729629
730231
731199
732266
733230
733636
733933
734020
734953
735350
735838
736436
737400
737433
737678
737774
737947
738051
738642
738846
740454
740525
740639
742988
743001
743283
743756
744514
744671
744925
745338
745567
746447
747121
747298
747534
748560
748803
748886
748896
748949
750044
751677
752000
752265
752369
752643
753272
753561
753586
754124
754822
754945
755396
756331
756693
756830
757107
757190
757938
758206
758791
758897
759213
759880
761205
762022
762030
762325
762613
763945
764544
764586
764673
767773
767782
767840
768296
768635
769593
769911
770349
770696
771803
772220
772423
772777
773266
773599
774750
774875
775004
775477
776029
776197
776465
776498
777611
777723
778521
778685
778728
778778
778988
779085
780101
780340
780587
780612
781025
781273
781762
781863
781914
782892
783700
783824
784711
784721
785634
786476
787215
787241
787611
788262
788375
788586
789256
790460
790499
791329
791946
792871
794211
794446
795342
796203
796278
796930
797138
797256
797461
797809
798290
798332
798353
798653
799459
799528
799735
800978
801170
801868
802461
804465
804494
805761
806069
806149
806229
807050
807251
807586
807766
808002
808326
809119
809669
810019
810364
810477
810852
811119
811653
812178
812558
813008
813370
813552
814149
814348
814567
814582
814722
817599
818001
818843
818905
819025
822467
823114
823251
823513
824019
824204
824533
826366
826491
827320
827370
827471
828973
829021
829876
829978
830094
830429
831436
831996
832081
832924
833507
834323
834905
835536
835845
836177
836793
837085
837247
838015
838294
838572
839628
839831
839965
840183
840436
841476
842110
842337
842766
843736
843907
844704
845038
845644
845904
846231
846734
847324
847944
848429
849022
851872
852309
852883
853488
853645
854620
854848
855351
855462
855495
855790
856098
856921
857059
857099
857364
857902
859143
859732
860092
860771
860859
861182
861283
861670
862496
862816
864844
865376
865485
865947
866108
867227
867325
867405
867643
868170
868368
868861
869236
869406
870408
871089
871375
871972
872645
873150
873651
873701
874193
874225
874980
875252
875641
877051
877542
877615
877831
877892
877910
879034
880980
881866
882145
882740
883428
884319
884761
884862
885190
886097
886149
887619
887707
889012
889018
889162
889194
889510
889613
890353
890694
890986
891051
891328
891818
891848
892303
892645
893667
893812
894071
894497
894641
896262
897034
897733
897781
898073
898809
899154
899246
899608
901444
902615
903342
904841
904924
905175
905225
905923
906196
906489
906929
907197
908734
909508
910080
910459
911847
913338
914098
914141
914245
914279
915074
915168
915322
915415
916083
916491
916990
917218
917326
917400
917821
918581
918772
919257
919479
919487
919913
920195
922222
922895
923071
923541
924448
924674
927150
927179
927274
929585
929590
929784
929978
930169
930908
931811
932646
934082
934410
934719
936405
939507
940550
940826
941040
941722
942368
942766
943137
944402
944404
945999
946069
946264
946449
946467
946744
947116
947617
947985
948065
948975
949069
949074
949463
950325
951284
951617
952430
952654
952767
953958
955067
955130
955647
955701
955858
957375
958048
958179
958302
958751
959215
959297
959475
960035
960281
960446
960840
960872
962329
962839
962983
964556
964617
965125
967348
967390
967792
968448
969610
970317
970847
971647
973256
973833
974237
974652
974968
975142
975968
976146
976447
976847
978197
979548
979683
980742
982205
982477
982494
983092
983102
983105
983925
984904
985159
985313
985624
985910
986676
987795
988464
988534
989551
989803
989908
990133
990979
991085
991468
992297
992394
992732
993497
993931
995298
995549
996485
997032
997644
998141
999086
999536
