720
871
1203
2045
2079
3813
3845
4161
4778
5023
5083
5111
5349
5562
6369
6403
7147
7198
7440
7499
7644
7825
8236
9209
9394
9497
10091
10399
10517
10566
10958
10966
11176
11517
11760
11903
12263
12906
12919
12982
13002
14561
14885
15286
15290
15749
15809
15838
15954
16370
16986
17048
17067
17740
17870
17901
18126
18702
18791
18825
19054
19951
20103
20345
20378
20389
20598
21023
21360
21621
21889
22117
22566
23176
23439
24345
24488
25001
25145
25263
25740
25882
26034
26295
26589
26872
27863
28535
28907
28958
29096
29760
30200
30699
30881
30913
31657
31667
31947
32258
32373
32464
32860
32979
33037
33157
33332
33378
33554
33558
34076
34484
35065
35482
35825
36234
36443
36467
37144
37344
37356
37577
38751
38818
38990
39517
39647
39731
40014
40017
40631
41245
41552
41640
41771
41826
42919
43172
43499
44165
44569
44579
44676
44683
44695
44960
45059
46681
47162
47327
48223
48664
49411
49711
50297
50325
51089
51784
51900
51918
52558
52642
52784
53861
54650
54743
54919
55473
55803
56257
56418
56503
57050
57143
58729
59214
59924
60156
60255
60342
60441
61155
61242
61595
61859
61999
62077
62652
62838
62857
62858
62937
62978
62992
63148
64184
64291
64537
64619
64761
65534
65709
66145
66160
66905
66980
67077
67276
67689
67765
68205
68234
68434
69742
70046
70102
70317
71090
71480
71627
72181
72799
73120
73121
73153
73766
73855
74205
74629
74662
74912
74935
74998
75224
75801
75840
76086
76146
77318
77419
77715
77840
78016
78540
78976
79094
79195
79928
80025
80159
80216
80477
81202
81247
81492
81675
81773
82241
82879
83080
83087
83282
83962
84017
84729
84929
85320
86184
86202
87839
88072
88232
88284
88675
89101
89118
89190
89329
90393
90477
90935
91617
91921
92046
92283
93231
94235
95472
95686
95737
96177
96180
96291
96306
97594
98023
98517
99042
99234
99716
99972
100103
100196
100399
100624
100965
101812
102212
102386
102552
102672
103764
103818
103880
104081
104573
105429
105544
105597
105611
105639
105725
105807
106082
106307
106525
106527
106678
106761
106796
106937
107035
107086
107223
107561
107955
107957
108575
108841
108847
109054
109429
109740
110100
110308
111511
111665
111680
111803
112279
112427
112616
112671
112809
113361
115072
115662
115817
116111
116170
116193
116279
116451
117439
117732
117948
118292
118335
118402
118446
118618
119786
120069
121219
122099
122491
124951
125790
125897
126025
126132
126140
126140
126757
126819
127043
127552
128281
128294
128483
128499
128645
128656
129690
129885
130232
130255
130511
130787
131836
132139
132562
132596
132943
133469
133542
133821
134227
134581
134748
135123
135361
135628
135767
135851
136156
136541
136892
137142
137520
137718
137816
137951
139494
139910
140098
140311
140379
140486
140576
140715
140984
141402
141452
141837
142178
142326
142439
142837
142975
143545
143553
143669
143777
143799
144034
144122
144338
145331
145493
145514
145859
146016
146051
146374
146415
147266
148022
148433
148855
148868
148920
148931
149049
149270
149947
149997
150047
150387
150566
151096
151491
151830
151948
152000
152353
152623
153056
153451
153709
153718
154065
154392
155517
155802
156206
156428
156441
156863
156891
157814
158924
159649
161093
162115
162428
162498
162647
162940
163099
163342
163654
164130
164609
164684
165119
165431
165475
165728
165733
166186
166306
166866
167455
168334
169121
169274
169302
170360
170391
171411
171775
171834
172069
172643
172969
173287
173955
174219
174241
174307
174412
174431
174503
174531
174549
174865
174888
175372
175617
176038
176232
176569
176575
176771
177114
177180
177530
178802
179130
179217
179339
179601
179960
180237
180274
180516
180701
181091
181299
181333
181464
181750
182167
182854
182929
183212
183269
183280
183376
183389
184147
184209
184678
184798
185030
185575
185914
186209
186928
187471
187910
188160
188441
188602
188697
188818
188849
188867
189012
189357
189672
189735
190140
190168
190898
190946
191171
191925
192437
192696
193121
194563
194653
194794
195006
195724
196781
196886
197029
197417
197631
197708
197785
197814
197925
198144
198874
198926
199114
199429
200032
200791
200872
201411
201498
201608
202642
202672
203490
203538
203973
204017
204271
205139
205802
205956
206225
206439
206460
206681
206689
207154
209259
209535
209541
209569
209596
209811
210263
210688
211127
212608
212672
213073
213176
213236
213552
214281
214395
215291
215443
216053
216437
216628
217412
217550
218041
218113
218485
219055
219236
219240
219277
219357
220288
220659
221183
221424
221616
221622
221883
221939
223276
223636
224497
224774
224786
224925
225515
225635
225963
226563
227006
228116
228207
228276
228432
228521
228561
228725
228841
229364
229662
229838
230508
230604
231749
232218
232837
232928
234061
235005
235123
235147
235332
235958
236557
236828
237561
238577
238669
238948
239799
239805
240253
240528
240616
241249
241526
241543
242370
242455
243108
243502
244107
244402
245084
245717
245748
245753
246297
246399
246568
246788
247601
247702
249015
249428
249490
250305
250529
250920
250954
250955
251161
251166
251324
251345
251856
252444
252477
253384
253421
254089
254855
255437
255521
255772
256540
256829
257547
257892
257974
257992
258160
258581
258621
258754
258860
259232
259309
259496
259572
260166
260284
260290
260627
260638
260993
261173
262293
262816
262849
262902
262948
263001
263447
263506
263705
263715
263785
263797
264489
264899
265828
265865
266234
266348
266492
266600
267430
268596
268612
268965
268970
269509
269966
270067
270189
270630
271119
271622
272202
272421
272593
272772
272781
272910
273776
273858
274271
274573
274713
274889
275303
275519
275825
276130
276978
277174
277365
277862
278076
278083
278310
278633
278646
279302
279367
279499
279520
280152
280858
281354
281589
282344
282625
282894
283838
284376
284574
284822
284902
285316
285695
285819
285959
285999
286509
287265
287272
287999
288276
288282
288357
288358
288464
288951
289638
290135
290981
290995
291484
291617
291978
292209
292628
293183
293425
294038
294253
294279
294482
295125
295379
295494
295558
295596
296152
296695
296749
297014
297052
297215
297575
297984
298061
298115
298345
298459
298853
299032
299167
299348
300057
300514
300617
301973
302918
302924
303037
303288
303679
304334
304629
304646
304652
304753
304953
305174
305404
305770
305912
306337
306553
307374
307497
307622
307960
307973
308149
309039
309115
309121
309509
309565
309566
310618
310821
311074
311250
311446
311998
312432
312462
312961
313129
313344
313463
313617
313992
314035
314164
314309
314316
314332
314443
314742
315585
315622
315658
315725
315802
316369
316640
316705
316788
317224
317325
317513
318003
318499
318886
319316
319489
320368
320449
320814
321064
321392
322005
322353
322399
322751
323005
323014
323078
323182
323274
323353
323395
323944
324289
324935
324992
325344
325367
326092
326231
326271
326970
327660
327895
327937
328127
328396
328456
328788
328825
328896
329910
329988
330268
330503
331397
331649
331932
332053
332288
332308
333048
333316
333705
334070
334414
334582
335162
335343
336531
336660
336762
337670
337755
337968
338121
338134
339032
339843
340911
341626
341821
341993
343227
343452
343666
344070
344450
345617
345974
346476
346584
347819
348003
348178
348470
348620
349433
349586
349916
350254
350317
350627
352863
352896
353254
353371
353709
354273
354351
354435
354537
355249
355255
355366
355859
356406
356526
356739
356802
356909
356932
356937
357300
357570
357746
358106
358429
358724
358845
359456
359745
360579
360790
360862
362238
362549
363347
363363
364104
364108
364716
364996
365045
366223
366255
366712
367030
367063
368119
368156
368254
368829
369220
369261
369407
369767
369827
370271
370291
370628
371037
371158
371575
371635
371837
372228
372491
372839
372977
373475
374286
374321
374554
374680
374700
375405
375719
376410
376904
377329
377391
377457
377743
377765
377946
378037
378574
379217
379351
380110
380950
381088
381144
381786
382622
384178
384700
385271
386015
386351
386411
387012
387430
387664
388058
388368
388592
388728
389136
389400
389401
389513
389787
390050
390289
390622
390991
391309
392000
392129
392508
393372
393882
394038
394144
394193
394248
394748
395503
395553
396609
396900
397054
397373
397432
397440
397678
398022
398372
398413
398716
398857
398994
399519
399691
401270
401270
402196
403098
403327
403786
403894
404313
404331
404484
404798
404991
405305
405335
405456
405747
407093
407125
407161
407436
407948
408278
408357
408629
408738
409170
409462
409942
410003
410144
410797
410955
411169
411978
412390
412740
412954
413136
413185
413219
413430
413710
413869
413908
414076
414170
414426
414511
415964
416404
416973
417085
417442
418304
418875
419055
419410
420844
420880
421644
422209
422298
422362
422463
422683
423232
423358
423812
424885
425226
425328
425714
426250
426670
426852
427764
428010
428224
428423
429576
429824
429891
430276
430596
430809
431039
431052
431095
431313
431429
431459
431676
431883
432521
432841
432956
433050
434303
434678
434695
435149
435730
436046
436221
436225
436957
436996
437063
437118
437635
437645
437895
437998
438130
438527
438745
439067
439252
439265
439284
439336
439374
439595
440139
440637
441370
441943
442412
442706
442862
442898
443247
443530
443886
444537
444750
444763
444767
445355
445547
446184
446508
446778
446810
447171
447470
448439
448698
449250
449505
449700
450480
450627
450709
450820
450979
451166
452435
452504
452806
452861
452971
453028
453212
453517
453920
454149
454153
454876
455123
456907
456972
457258
457356
457829
458023
458047
458111
458431
458533
459540
459668
459800
459802
459856
459886
460304
460328
460641
461396
461585
461686
462028
462465
463022
463615
463775
463877
464062
464257
464442
464495
465497
465539
465610
465682
466123
466568
466884
467511
468140
468342
468536
469065
469200
469496
469527
469744
469826
469842
470832
471882
471889
471967
472520
472716
472948
472971
473651
473785
473788
474241
474387
475680
475688
475716
476603
476861
477144
477267
477753
477857
477973
478578
478616
478695
478726
479254
479270
479373
479543
480061
480074
480140
480519
480520
480824
481570
482504
482656
482808
482977
483151
483536
484169
484264
484432
484733
485664
486681
487827
488089
488667
488935
489419
489636
489727
490390
490674
490963
491257
491693
492137
492891
493358
493833
493843
494497
495048
495513
495537
495650
495960
496205
496625
497055
497288
497704
498000
498230
498280
499076
499558
499800
500581
500661
500831
501421
501917
501937
501960
501971
502064
502157
502660
503123
503186
503411
503545
503597
503858
503888
504060
504136
505199
505311
505780
505909
506171
506360
506426
506468
507448
507545
507993
508020
508471
508704
508742
511292
511656
511744
512074
512345
512518
512814
513485
513497
514400
514588
516319
516468
516510
516961
517399
518700
518737
518868
518892
519015
519091
519288
519389
519573
519614
519852
520304
520321
520695
522101
522761
522879
523093
523391
523625
523916
524990
525164
525851
525890
526021
526527
526867
527067
527555
528248
528535
528684
529532
529982
530201
530508
530581
530859
530934
531031
531184
531312
531606
531820
531916
532100
532321
532339
532794
533287
533443
533509
533632
533888
534431
534461
535637
536294
536519
536557
536762
536854
536971
537166
538226
538492
538605
538853
539285
540032
540438
540500
540746
542088
542153
542530
542619
542674
543075
543600
544359
544555
544796
545420
546060
546294
546627
547138
547456
548095
548323
548411
548764
548818
548820
549062
549642
550695
550786
550793
550867
551040
551119
551477
551558
553549
553559
554055
554224
554238
554318
554333
555159
557288
557684
557702
557886
558010
558094
558515
558761
559213
559237
559866
560481
560549
560775
561462
561689
561871
562607
562735
562958
563066
563092
563174
563288
563348
563753
564195
564321
564497
564741
565206
565217
565624
565719
565736
565935
566240
566612
567365
567565
567620
567623
568070
568268
568289
568462
568630
568693
568821
568913
569193
569408
570879
571043
572987
573030
573355
573616
573758
573858
574645
574746
575521
576579
576846
577331
577463
577543
577563
577784
577816
577958
578003
578390
578549
578579
579240
580066
580430
580489
581107
581650
581691
581713
583087
583095
583418
583622
583758
584440
584780
585946
586121
586261
586475
586515
586966
587531
587749
588700
588986
589232
589553
589944
589962
590274
590393
592178
592749
592816
593146
593552
594079
594852
594886
595072
596037
596038
596566
596602
596707
597359
597528
597767
597909
598186
598455
598856
599001
600519
600528
600585
601341
601780
601784
602217
602264
602821
603026
603150
603179
603311
603346
604075
604619
605186
605995
606366
607180
607981
608030
608582
609987
610092
610178
610615
610709
611059
611945
611980
612259
612453
612602
612923
613618
613644
613647
614118
614507
614533
614670
614732
614859
614957
614981
615377
615923
616081
616756
617206
617282
617318
617540
617802
617837
617966
618036
618061
618151
618291
618364
618632
618681
618822
619082
619157
620039
620239
620289
620560
621989
622106
622266
622270
622886
623037
623276
623936
624296
624568
624987
625664
625749
626287
626648
627253
628971
628977
629363
629484
629813
630390
630424
630563
631469
631884
632013
632087
632197
632598
632891
633077
633471
633577
634875
635284
635343
635603
635896
636786
636838
636884
636897
637040
637080
637215
637510
637642
638132
638200
638673
638678
638817
638874
639114
639396
639662
639827
640037
640503
640539
640565
640625
641073
641552
641747
642023
642296
642311
642428
642457
642547
642906
643755
643920
643944
644371
644571
644787
645395
645874
646008
646126
646299
646612
646697
646800
647307
648063
648628
648650
649143
649809
649896
649950
650068
650081
650247
650730
650809
651006
651183
651953
652267
652408
652704
652759
652957
653110
653286
653534
653572
653736
653754
654294
654743
654755
655088
655716
655774
655777
656084
656370
656982
658027
658637
658703
658794
658832
658878
659191
659611
659628
659974
660453
660762
660821
661320
661804
661963
662444
662867
663018
663305
663612
663702
664928
664977
665074
665543
665565
665688
666143
666338
666416
666886
666902
667484
667517
667881
667990
668025
668146
668396
669334
669802
669891
672101
672162
672207
673028
673306
673524
673756
674187
674210
674407
674577
675011
675387
675554
675651
675738
676019
676264
676424
676645
676924
677470
677797
677880
677888
678729
679275
679623
679644
679895
681012
681744
681894
682666
682987
683044
683098
683668
683866
684261
684311
685227
685827
686422
686741
687327
687484
687663
687715
688109
688842
688913
689079
689248
689640
689930
690326
690354
690402
691086
691090
691555
691738
692246
692544
692962
693644
693873
694140
694332
694825
695218
695816
696468
696794
697085
697182
697243
697924
698623
698731
698821
699790
700272
700662
700826
700925
701048
701589
701700
701811
702822
703191
703217
703225
703615
703994
704217
704388
704463
704612
705121
705332
706196
706207
706615
706731
706738
706786
707074
707123
707202
708020
708185
708417
708962
709408
710058
710082
710137
710150
710477
710619
710700
710839
711026
712500
712548
712841
713079
713383
713797
714042
714607
714833
715059
715064
715362
716567
716707
717030
717075
717471
718913
718981
719510
719944
720042
720883
721061
722576
722645
722925
723122
723329
723401
723806
724516
724711
724752
725112
725125
725607
725694
726096
726257
726478
726673
727051
727126
727832
728636
728855
729630
730668
731274
731289
731759
733739
734040
734182
734207
734250
734501
734568
734578
734615
734952
735186
735297
735521
735760
735872
736529
736574
737084
737170
737671
737956
738015
738096
738607
738902
739523
739705
739956
740227
740258
740655
741163
741317
741836
742057
742252
742583
742647
742946
743098
743344
744462
744723
744773
745215
745334
745343
745345
746027
747299
747344
747495
747561
748430
748584
748923
749042
750254
750263
750776
751196
751713
752136
752564
753568
753746
754183
755630
755940
756001
756482
756581
756794
756866
757637
758232
759099
759332
759513
760308
760522
760964
761144
761180
761726
762375
762485
762812
763298
763495
763984
764714
764836
765346
765601
766044
766309
766665
766918
767455
768435
769430
769839
769868
770101
770565
770658
770727
771153
771625
772062
772109
772438
772628
773105
773274
774261
774516
774599
774617
774844
774954
775112
775203
775318
776359
776365
776832
777098
777551
777621
777927
778410
778825
779837
779925
780230
780618
780802
780900
780979
781098
781427
781958
782424
782484
782568
783512
783532
783546
783649
784047
784332
784363
785065
785230
785475
785515
785702
785837
786295
786963
787147
787739
787931
788859
789478
790010
790491
792078
792341
792923
793355
793907
794004
794044
794561
795883
796217
796772
796799
797306
797661
797948
798133
798322
798953
799024
799638
799763
799796
799869
800017
800031
800221
800253
800312
800756
801048
801068
801676
801959
802444
802719
803036
803124
803795
804079
804098
805027
805633
805843
806544
806725
807388
807487
807911
808172
808274
808382
808409
808993
809430
809650
809707
809713
809868
810207
810986
811355
811430
811725
811972
812111
813570
814191
814477
814525
814533
815297
815729
817202
817425
817638
818095
818156
818211
818875
818928
819312
820616
820871
821706
821743
822031
822247
822386
822850
823071
823593
824220
824321
824511
824627
824888
826350
827815
827853
827862
828057
828109
828694
828930
829455
829458
830587
830847
830892
831395
831883
831891
832752
832834
833717
834144
835124
835421
835558
835939
836282
836772
836859
837028
837369
837517
837838
838456
838464
838624
838752
838863
839140
839160
839701
840233
840449
840733
840956
841464
841588
841653
841779
841986
842531
842805
843223
843645
844457
845166
846368
847453
847487
848065
848326
848762
848891
849055
849476
850175
850346
850811
850937
851408
851504
851868
852152
853014
853017
853210
853212
854075
854356
855019
855447
855529
855709
855773
855778
855902
855953
856075
856407
856428
857302
857416
857781
857833
858107
858315
858762
858852
858957
859580
859793
860291
862365
862666
862727
863070
863633
863780
863811
864494
865664
866111
866133
867348
867585
867641
867643
868216
868966
869436
869788
871478
871677
871683
871700
871722
872366
872484
872713
873013
873455
873516
873576
874340
874784
875000
876027
876403
876465
877499
880325
880716
881005
882205
882280
882478
882525
882620
882958
883455
883535
883626
883702
883757
883781
884453
885745
885764
885766
885797
886085
886157
886490
886490
886829
887214
887355
888060
888503
888673
889008
889463
889540
889693
890596
891087
891325
891955
891970
892179
892566
893038
893459
893556
893784
894065
894584
895017
895600
895680
896217
896562
896912
896925
897076
897202
897513
897657
897939
898204
898603
898625
898895
899006
899043
899152
899286
899468
900060
900798
900873
901786
901835
902102
902627
903062
904414
904722
904778
905016
905092
905152
905264
905551
905618
905675
905752
905982
906007
906354
906563
906824
907011
907073
907502
907677
907884
908151
908199
908710
908881
909146
909272
909790
909816
910138
910215
910963
911583
912260
912384
912491
913592
914727
914993
915077
915281
915556
916362
916459
916507
916537
916617
916819
917956
918065
918287
918514
918522
918581
918953
918984
919003
919392
920038
920519
920857
920933
921394
921891
922334
922357
922549
922726
922805
923048
924046
924159
924531
925439
925823
926266
926986
927568
927628
927997
928364
928501
928554
929884
929979
930346
930397
931074
931585
932660
932899
933175
933456
934151
934163
934811
934852
935044
935355
935725
935759
936294
936400
936458
936613
936657
936924
937272
937403
937419
937813
937980
938110
938447
938747
938907
939262
939429
939587
939889
940525
940707
941743
941797
941871
942012
942202
942557
942886
942918
943541
943993
944586
946568
947278
947323
947532
947803
948251
948870
949765
950219
950531
950554
950666
950985
950995
951306
952892
952932
954095
954630
955416
955706
955825
955871
955903
956320
956660
956861
957414
957504
957662
958357
959229
959253
959334
959342
960065
960170
960419
960504
960842
961205
961436
961585
961797
962431
962671
963105
963142
963155
963225
963478
963819
964375
964721
964864
965457
966072
966098
967685
967709
967854
967919
968531
968533
968703
969094
969826
969871
970468
970859
970933
971115
971174
971212
971455
971778
971834
972175
972430
972483
972653
973086
973842
974095
974366
975477
975714
976398
976528
977489
977896
978115
978592
978955
979690
980980
981096
981423
982963
982969
983481
984016
984120
984451
984591
984630
984712
984771
984935
985525
986267
986543
988281
988350
989201
989264
989467
990074
990081
990307
990724
991498
991661
991674
992636
992776
992776
992989
993037
993333
993362
993538
993685
994433
994839
995564
995667
995757
995851
995985
996939
997510
997588
997665
997817
998011
998115
998119
998189
998801
998827
998900
998905
998925
998992
999159
999543
999626
