145
255
636
730
848
885
1693
1723
1866
1881
1961
2274
2662
3159
3266
3268
3499
3507
3515
3694
4126
5596
5746
5867
6056
6151
6293
6732
7196
7323
7962
7985
8019
8264
8495
8850
9235
9546
9610
9832
10334
10671
11167
11235
11326
11715
11721
12042
12062
12065
12208
12926
13041
13294
13559
13947
14057
14399
14467
14531
14704
14958
15067
15191
15640
15669
16080
16386
16832
16907
17128
17598
17612
17808
17969
17982
18307
18447
18492
18512
18733
18953
19090
19313
19413
19620
19945
19975
20288
21097
21215
21352
21902
22054
22154
22352
22447
22621
22752
22972
23092
23785
23956
24197
24362
24826
24872
25014
25016
25907
25933
26047
26724
27370
27493
27512
28051
28253
28363
28467
28686
28691
28699
28705
29195
29321
29441
30009
30026
30033
30056
30140
30184
30218
30306
31504
31735
31854
32205
32618
32639
33119
33575
33724
33888
34010
34054
34448
34505
34967
35138
35196
35196
35219
35624
35649
35786
35899
36172
36261
36308
36326
36513
36667
36839
37014
37279
37984
38316
38411
38536
38630
38697
38952
38958
39701
40882
41107
41142
41393
41580
41585
42184
42189
42511
42609
42640
42761
42925
42931
43004
43103
43620
44090
44651
44706
45353
45747
45861
46043
46217
46371
46467
47127
48237
48817
49449
49461
51673
51802
52150
53009
53059
53085
53244
53375
53429
53642
53723
54074
54141
54466
54502
54587
54748
55066
55233
55240
55250
55487
55885
55907
56147
56349
56717
57156
57488
57880
57939
58060
58337
58934
59110
59154
59695
59758
60484
60588
60610
60623
60847
61246
61374
61891
62509
62740
63227
63864
63930
64576
64981
65073
65172
65325
66215
66413
66681
67439
67740
68124
68371
69242
69411
69535
69943
69966
70468
70902
70966
71488
72340
72617
72658
72875
72885
73704
73839
73894
74162
74238
74247
74353
74446
74755
74834
75684
75767
75993
76100
76603
76892
76915
76957
77324
77374
77661
77807
77941
78194
78375
78585
78832
78940
79035
79208
79216
79981
80399
80885
80928
81220
81735
81800
81886
81924
83581
83586
83700
83728
83830
84063
84147
85054
85342
85627
85657
86327
86437
86969
87358
87363
87817
88367
89053
89078
89251
89557
89578
89606
89691
91007
91125
91425
92121
92462
92758
93182
93870
93871
93893
94246
94706
95145
95335
95507
95533
95801
95842
95858
96417
96517
96734
96913
96917
96999
97035
97085
97144
97396
97508
98112
98184
98574
98609
99239
99346
99411
99771
99975
100400
100413
100449
100455
100525
101102
101215
101562
101917
102069
102168
102209
102765
102926
103106
103427
103677
103738
104528
104849
105308
105663
105992
106259
106371
106650
106676
106975
107647
107849
107864
107958
108001
108601
108738
109287
109576
109645
109882
110184
110410
110841
111048
111874
111897
112326
112377
112389
112864
112887
112982
113041
113151
113215
113350
114488
114535
114667
114754
114756
115288
115848
115995
116007
116024
116092
116565
116799
116931
117402
117568
117582
117629
118018
118054
118556
118673
119348
119639
120047
120062
120172
120191
120470
122561
122815
122872
122994
123067
123073
123100
123260
123631
123663
123701
124276
124440
124517
124609
125429
125566
126482
126771
126875
127354
127516
127860
128027
128297
129290
129361
129461
129478
129662
130090
130092
130199
130496
130593
130797
131360
131428
131596
131657
131715
131852
131996
132629
133077
133607
133687
133751
134110
134130
134232
134638
134782
134903
135435
135702
135709
136000
136055
136360
136753
137388
137971
138264
138773
139131
139145
139510
139938
139972
140036
140132
140145
140151
140736
141708
141714
141891
141983
142551
142640
143310
143596
143831
144108
144369
144384
144605
144941
145098
145244
145512
146104
146141
146150
146201
146274
146398
147243
147304
147565
147780
147981
148106
148659
148866
148948
149069
149449
150229
150305
150756
150810
151097
151120
151161
151182
151193
151226
151393
151619
151707
152139
152255
153020
153654
153781
154356
154778
155130
155524
155660
155726
156081
156430
156468
156874
156922
157064
157234
157426
157621
157895
158109
159065
159107
159474
159480
159586
159612
159780
160055
160223
160518
160555
160720
160886
161202
161738
161774
161890
162058
162218
162868
163681
164003
164253
164468
164702
164711
164966
165015
165045
165291
165460
165514
166119
166367
166910
166959
167042
167159
167587
167744
168257
168459
168515
168627
169273
169599
170417
170603
170612
170637
170643
170725
170779
170982
171194
171375
171834
171946
172158
172433
172621
172966
172990
173017
173187
173305
173395
173751
173964
174079
174231
174326
175032
175093
175309
175462
175677
175939
176272
176562
176598
176685
177060
177084
177128
177276
177445
177557
177664
177965
178910
179109
179378
179389
180007
180146
180433
181065
181295
181529
181672
181730
181986
182458
182724
183032
183228
183649
184151
184476
184711
185912
186553
186559
186679
187057
187402
187914
188463
188499
189112
189233
189620
189955
190012
190299
190487
190979
191253
191592
191680
191879
192081
192449
192625
192638
193029
193034
193102
193403
193744
194241
194245
194315
195302
195412
195533
195692
195971
196189
196299
196607
196949
197163
197183
197634
198026
198921
199222
199295
199758
200792
201045
201446
201524
201725
201928
201964
201971
202117
202159
202180
202269
202548
202756
203336
203866
203869
204597
205010
205152
205177
205186
205549
205620
205680
205780
205871
206199
206290
206351
206603
206774
206821
206895
206937
207002
207726
207768
207786
207839
207938
208616
209194
209528
210319
210711
211047
211222
211422
211800
212155
212243
212499
212735
212789
212795
212829
213379
213677
214360
214555
214629
215182
215963
215991
216125
216678
216865
216945
217375
217512
217526
217649
217738
217814
218063
218744
218817
218848
219155
219212
219258
219332
219701
219807
219859
220047
220891
221142
221263
222541
222623
223047
223099
223413
223423
223433
223444
223487
223543
223841
224284
224287
224762
224801
225484
225607
225808
225871
225886
226134
226519
226743
226802
226814
226892
227383
228428
228435
228522
228532
228607
228626
228643
228723
228901
229125
229161
229232
229625
229932
229947
229988
230001
230417
230708
230876
231118
231172
231282
231603
231607
231885
232057
232501
232882
233075
233206
233761
233919
234700
235241
235601
235862
235918
236126
236256
236301
236412
237377
237557
238142
238212
238614
238629
238842
238872
238882
239282
239843
239943
240015
240153
240372
240431
240475
240656
240666
240782
240810
241079
241498
242157
242305
242869
242906
243618
243855
243963
244076
244142
244258
244402
244456
244967
245167
245615
245981
246232
246697
246877
246882
247029
247227
247466
247533
247542
247656
248281
248428
248722
249059
249484
249519
249553
249659
250331
250594
250979
251234
251426
251709
251959
252040
252158
252872
252913
253102
254103
254377
254895
255146
255196
255537
255740
255855
256297
256299
256515
256905
256988
257131
257274
257487
257662
257983
258284
259021
259649
259677
259884
259926
260080
260166
260610
260667
260736
260764
261162
261311
261368
261520
261754
262455
262860
263239
263308
263427
263470
264266
264278
264546
264936
264972
265201
265379
265879
265887
266508
266806
266891
266905
267126
267167
267187
268064
268109
268416
268443
268587
268701
269130
269931
269984
270332
270456
270755
270757
270760
270793
270961
271610
271919
272127
272400
272414
272919
273063
273542
273990
274461
274840
275113
275120
275878
276701
277035
277285
277679
277878
277917
277933
278131
278426
278461
278531
279211
279630
279766
280194
280203
280217
280239
280330
280367
280386
280482
280558
281086
281249
281485
282402
282501
282655
282782
282918
283209
283431
283616
284264
284400
284875
285906
286000
286132
286546
286868
287025
287096
287398
287620
287623
287861
288411
288419
288452
288493
288728
288760
288762
288997
289009
289426
289823
290011
290122
290135
290227
290339
290987
291285
291294
291307
291378
291521
292133
292133
293510
293769
293843
294393
294900
295837
296034
296348
296457
296760
297075
297179
297406
297841
297901
297974
298137
298231
298482
298838
298933
299231
299293
299521
299527
299659
299675
299855
299926
300292
300439
300513
300653
301367
301709
302353
302546
302957
303194
304514
304597
305450
305528
305773
306016
306282
306286
306328
306513
306617
306707
306755
306973
307076
307103
307277
307454
307757
308999
309013
309294
309406
309528
309549
309817
310305
310531
310673
310772
311147
311213
311231
311634
311760
311807
312042
312368
312370
312907
312982
312991
313071
313081
313347
314010
314093
314325
314466
315665
315801
316097
316107
316366
316915
316957
317047
317047
317908
318012
318208
318279
318677
318745
318813
319027
319034
319064
319214
319360
319484
320018
320327
320451
320495
321039
321048
321466
321489
321717
321923
322969
323621
324021
324259
324304
324341
324848
324862
324900
325504
325753
325955
326179
326489
326711
326782
326834
327248
327582
327619
327984
328096
328425
329566
329708
329762
329785
329884
330354
330481
330483
330678
331039
331247
331373
331476
331550
331682
332612
332716
333602
333982
334205
335007
335072
335641
335773
335817
335870
336276
336554
336838
336994
337585
338139
338527
339011
339206
339302
339321
339514
339817
339905
340002
340136
340744
340991
341168
341519
341570
341577
341689
341752
341809
341883
342055
342174
342591
342600
342624
342983
343310
343379
343546
344123
344235
344457
344477
344916
346416
346647
346654
346755
346994
347156
347613
347617
347670
347995
348089
348491
348573
349033
349082
349085
349349
349862
349884
349919
350421
350678
351415
351702
351732
351753
351769
351900
352149
352634
352650
352894
353042
353120
353258
353330
353402
353613
354442
354558
355478
355512
355563
355685
356245
356306
356420
357041
357434
357871
357929
358047
358283
358662
359223
359269
359451
359471
359495
359851
360360
360453
360851
361210
361368
361609
361873
362226
362468
362622
362681
363002
363255
363743
363745
363745
363835
363968
364200
364287
364342
364358
364495
364695
364817
364819
364903
365066
365248
365741
366668
366679
366825
366991
367411
367589
368098
368313
368378
368413
368606
368698
369044
369178
369318
369592
369644
369818
369863
370053
370291
370763
370790
370930
370956
371096
371482
371844
372082
372132
372303
372308
372355
372514
372646
372893
373196
373252
373351
373384
373587
373625
373653
373714
373823
374368
374383
374539
375347
375505
375982
376242
376281
376671
376889
377253
377267
377384
377386
378107
378890
378959
379107
379279
379891
380065
380376
380389
380632
380657
380759
380923
381084
381263
381386
381918
381950
381958
381968
381994
382051
382061
382175
382229
382558
382768
383209
383867
383981
384371
384435
384518
384674
384751
385651
386198
386387
386537
386540
386572
386882
387202
387272
387319
387337
387347
387711
387713
387812
388019
388262
389227
389331
390026
390406
390526
390708
390832
390885
390914
391212
391407
391594
391645
392784
393678
393725
393745
393966
394784
396091
396196
397352
397368
397776
398877
398955
399218
399219
399227
399401
399438
399604
400076
400274
400282
400654
400726
400892
401073
401144
401248
401478
401522
401804
402014
402061
402378
402794
403326
403519
403884
404031
404176
404591
404690
405085
405186
405415
405716
405925
406112
406294
406468
406567
406721
406790
406927
407170
407405
407530
407688
407879
407989
408134
408176
408344
408477
409066
409088
409490
409681
409980
409992
410244
410286
410326
410349
410463
410564
411214
411318
412014
412492
412511
413104
413188
413783
414038
414784
414863
415584
415655
415808
416043
416094
416155
416378
416458
416734
416767
416864
417606
417876
418209
418435
418895
419050
419077
419208
419247
419422
419461
419622
420433
420555
420667
421190
421356
422704
422853
422914
423652
424108
424143
424208
424257
424585
424644
424713
425597
425825
425892
425918
426236
426257
426304
426361
426764
426833
426968
427131
427289
427523
427527
427560
428431
429115
429128
429351
429462
429751
429950
430355
430446
430509
430590
431001
431019
431046
431178
431570
432299
432452
432508
432852
433027
433231
433556
433720
433759
434245
434279
434514
435784
436085
436433
436725
436743
436907
437034
437136
437583
438138
438196
438338
438716
438795
439400
439424
439552
439973
440139
440421
440726
440828
441102
441488
441522
441791
441842
441878
442301
442349
442536
442709
443359
443376
443418
443435
443452
443589
443954
443992
444216
444314
445225
445424
446224
446432
446467
446703
446759
446791
447135
447928
448186
448416
448765
449654
449770
450109
450203
450327
450352
450504
450513
450910
451064
451151
451948
452217
452643
452648
452748
452821
452886
452942
452946
453335
453367
453676
453804
454058
454139
454185
454353
454402
454412
454504
454689
454739
454744
455030
455040
455435
456235
456499
456916
457040
457084
458115
458681
458747
458950
459195
459469
459685
459732
459735
460775
460780
460804
461241
461264
461296
461709
461824
462149
462179
462368
463357
463543
464093
464498
464686
465916
466044
466482
466518
467369
467552
468081
468176
468357
468630
468635
468984
469212
469314
469325
469497
469548
469697
469798
469803
469932
469982
470072
470099
470497
470553
470599
470613
470773
471033
471092
471170
471324
471524
472236
472454
472796
472984
473183
473186
473262
473343
473559
473989
474102
475452
475496
475792
476006
476128
476202
476279
476393
476506
476829
477186
477316
477608
477618
477702
478135
478168
478459
478551
479007
479174
479214
479529
479600
479857
480437
480546
481039
481074
481089
481441
481632
482271
482351
482368
483096
483157
483255
483684
483829
484187
484762
484805
484914
485087
485472
485694
485807
485923
486050
486299
486894
486947
487136
487182
487313
488374
488886
488979
489400
489836
489967
489979
490035
490077
490201
490213
490686
491064
491259
491747
492261
492281
492346
492674
492730
492822
493042
493101
493752
493818
493872
493973
494587
494811
494898
495149
495395
495411
495856
496041
496065
496159
496518
496550
497492
497583
497775
497897
497901
498328
498448
498573
498937
499261
499281
500040
500040
500441
500679
500712
500976
501020
501150
501211
501279
501875
501991
502038
502448
502599
502974
503270
504075
504954
505300
505646
505858
505930
506293
506362
506432
506571
506687
506714
506767
506921
507120
507581
507640
507749
508413
508542
508839
508959
509053
509213
509401
509983
510039
510317
510359
510784
511010
511133
511214
511397
511574
511614
513115
513150
513349
513862
513954
514051
514274
515645
515666
516669
517106
517275
517297
517385
517523
517967
518196
518389
518437
520145
520603
521526
521892
521904
522379
522391
522863
523001
523291
523394
523673
523807
524133
524543
524881
524912
525001
526272
526285
526339
526343
526581
526731
526791
526908
527138
527479
528283
529165
529537
529731
529855
529887
530115
530401
530715
530786
530904
530946
531184
531240
531360
531643
532593
533285
533369
533869
534233
534295
534394
535095
535291
535489
535515
535636
535680
535901
536439
536463
536680
536761
537108
537188
537250
537327
537340
537465
538007
538254
538282
538411
538574
538855
538902
539044
539475
539494
539844
540162
540253
540331
540730
541250
541259
541481
542054
542145
542480
543161
543223
543335
543678
543738
544019
544447
544650
544927
545161
545864
546155
546737
546929
547401
548040
548521
548575
548871
549134
549150
549174
549465
549558
549629
550028
550113
550550
550885
551363
551426
551781
552046
552127
552258
552333
552433
552621
552728
553125
553269
553569
553651
553693
553826
554512
554687
554980
555536
555993
557144
557487
557632
557719
557892
557913
558542
558825
559276
559454
559454
559689
560067
560116
560157
560174
560271
560305
560752
560934
560973
561314
561435
561927
561977
562324
562604
562998
563122
563285
563541
563714
563833
563953
564023
564269
564723
565178
565276
565310
565382
565677
565861
566464
566752
566915
566932
567079
567082
567120
567261
567430
567601
567609
567921
568105
568280
568400
568528
568684
568694
568766
569192
569635
570251
570737
570968
571808
572082
572651
572672
573169
573471
573772
574070
574360
574364
574651
574817
574885
574962
575989
576235
576843
576891
577071
577405
577511
577594
577726
577782
578000
578020
578111
578558
578577
579409
579517
579519
579724
579841
579845
580637
580638
580815
582199
582236
582794
583061
583118
583230
583256
583486
583584
583649
583835
583990
584919
585839
585965
586288
586337
586714
587371
587448
587546
587597
587870
588230
588265
588946
589157
589464
589844
590025
590214
590327
590457
590501
590757
590891
591608
592019
592165
592244
592378
592975
593318
593364
593404
593426
593574
593653
593776
593778
594024
594224
594240
594302
594637
594735
594763
595289
595868
595937
596146
596309
596588
596635
596829
596975
597044
598202
598206
598307
598330
598444
598547
598937
600444
600596
600710
600772
601008
601391
601405
601603
601709
601806
602190
602472
602490
602503
602692
602816
603305
603328
604276
604702
604785
604888
605054
605652
605791
605834
606147
606191
606636
606777
606942
606980
607632
607643
607802
608687
608771
608896
610121
610307
610328
610594
610652
610914
611081
611375
611502
612632
612891
613296
613903
613983
614232
614441
614993
615022
615046
615055
615070
615199
615441
615625
615766
615856
615876
615925
616036
616567
616613
616755
617635
617649
617846
617942
617944
617960
618131
618250
618474
619089
619189
619270
619373
619428
619539
619615
619626
619697
620073
620580
620650
620697
621204
621537
622235
622472
623075
623426
624000
624081
624116
624410
624662
625163
625383
625422
625888
626662
626776
626914
627040
627057
627259
627415
627684
627908
628395
628600
628708
629218
629446
629470
629946
630029
630099
630171
630309
630344
630371
630900
631143
631178
631365
632034
632487
632729
632910
632924
633139
633226
633360
633676
633717
634088
634126
634129
634177
634228
634261
634443
634606
635200
635214
635296
635393
635538
635664
635818
636165
636423
637281
637716
637902
637967
638276
638460
638749
639031
639228
639364
639522
639680
639781
639967
640424
640781
640797
640999
641283
641357
641497
641834
642182
642198
642493
642557
642931
643089
643150
643744
643943
644141
644194
644455
645465
646042
646775
647155
647471
647527
647579
647594
647882
647969
647975
648230
648327
648442
648773
648778
649356
649430
649716
649863
650093
650335
650495
650529
650572
650670
650838
651172
651406
651407
651755
652143
652430
652547
653318
653346
653794
653869
653953
653959
654418
654652
654810
654909
654944
654984
656001
656188
657011
657103
657119
657382
657475
657564
657755
657880
657894
658685
658702
658822
658957
659556
660184
660501
660819
661065
661081
661187
661255
661387
661463
661550
662201
662542
662645
662774
662807
663063
663635
664013
664716
664787
664804
664818
664856
664862
665183
665440
665541
665725
665772
665823
666010
666499
667267
667772
667999
668127
668309
668313
668314
668574
668574
668858
669081
669145
669611
669850
670210
670409
670419
670528
671049
671200
671207
671342
671367
671605
672862
673186
673646
673872
673919
673936
674008
674194
674230
674508
674540
674613
674667
674802
675379
675472
675489
675749
676113
676188
676317
676926
677304
678503
678609
678778
679293
679442
679475
679496
679730
679959
680100
680318
680360
680796
680892
681078
681111
681391
681414
681671
681736
681739
681831
681905
682043
682195
683047
683244
683561
683674
684210
685587
685596
685810
685990
686232
686257
686551
686719
686767
686843
687229
687268
687361
687620
687640
688162
688207
688667
688704
688960
689459
689734
689735
690124
690168
690245
690335
690623
690939
690963
691061
691080
691495
692081
692655
692839
693634
693807
694273
694326
694458
694699
694832
695153
695354
695554
695946
697069
697408
697468
697808
697888
698683
698747
698758
698775
699080
699147
699793
699896
699902
700142
700445
700457
700769
701041
701074
701412
701486
701506
701794
702856
703047
703147
703331
703363
703655
705107
705234
705326
705344
705604
705649
705665
707263
707641
707958
708650
708968
709171
709812
709888
709995
710145
710210
710449
710670
710689
710803
711333
711508
711720
711723
711989
712256
712564
712615
712958
713347
713729
713747
714625
714832
715271
715319
715472
715870
715939
716214
716250
716315
716625
716689
717356
717464
717688
717923
718382
718390
718470
718793
719487
720307
720533
720843
720864
720976
721809
721928
722250
722482
722484
722524
722684
722800
723051
723341
723375
723407
724240
724443
724517
724828
724888
725433
725529
725572
725632
726160
726389
726871
727122
727335
727657
727717
727986
728738
729136
729517
730039
730853
730964
731218
731359
731864
732213
732289
732613
732863
732949
733021
733330
733441
733512
733630
733973
734156
734257
734418
734676
734866
735524
735743
735794
736119
736357
736805
736809
737181
737279
737876
737987
738243
738496
738752
738847
739093
739492
739508
739720
739809
740018
740073
740822
741590
742001
742057
742155
742345
742645
742697
742934
743377
743443
743559
743962
744381
744407
744511
745242
745312
745670
745730
746080
746716
746764
746976
746987
747331
747341
747665
747679
747864
748273
748299
748328
748475
748845
749031
749108
749506
749556
749658
749815
749895
750110
750201
750202
750242
750368
750571
750572
750617
750620
750635
750773
750932
750940
750963
751565
751625
751653
751944
752406
752644
752650
752698
753054
753062
753278
753439
753486
753942
753961
754020
754681
755041
755309
755594
755723
755739
756094
756364
756412
756572
756711
756739
756830
757332
757429
757574
758268
758610
758674
758689
758910
759386
759560
759564
759661
759848
760371
761021
762324
762489
762994
763244
763356
763373
763461
763719
764058
764230
764669
764808
764866
765176
765340
765500
765982
766031
766257
766502
766601
766857
766993
767030
767239
767848
768752
769096
769167
769192
769349
769471
769724
769758
769935
769941
770386
770520
770641
770696
771101
771820
771940
772216
772374
773547
773995
774504
774599
774604
774683
775257
776767
776831
776984
777012
777272
777483
777597
777615
777651
777873
778076
778139
778803
778922
779452
779545
780051
780245
780431
780447
780480
780517
780557
780752
780872
781197
781210
782082
782489
782790
783359
783470
783602
783757
784061
784393
784613
784640
784802
784912
784957
785730
785801
785964
785979
786164
786701
786947
786985
787318
787654
787874
787878
788031
788238
788598
788640
788790
789826
790014
790129
790471
791169
791270
791352
791647
791848
791925
792593
792898
792952
793026
793113
793192
793719
795640
796434
796891
796946
797031
797044
797442
797646
797678
797789
798107
798136
798259
798450
798461
798865
798920
799284
800404
800560
800609
800671
800857
801120
801383
801427
802119
802176
802200
802970
803264
803278
803368
803382
803535
803625
803640
803989
804773
804870
804938
804953
805176
805328
805817
806018
806688
807274
807994
808739
809742
809796
809963
810095
810549
810749
810787
811472
811545
811696
811752
812033
812423
812538
812756
814114
814739
814792
814840
814875
815427
815579
815609
816052
816423
816833
816890
817158
817363
818108
818366
818677
818684
818758
818761
818975
819360
819509
819672
820001
820059
820102
820533
820639
820786
821189
821373
821805
821854
822466
822477
822870
823894
824193
824290
824641
824712
825157
825492
825510
825543
825622
825719
825829
826785
827336
827385
827450
827535
827713
828604
829345
829356
830436
830449
830867
831203
831380
831776
831792
831926
832314
832569
833244
833321
833686
834093
834642
834853
834976
835159
835486
835648
836331
836417
836506
837221
837314
837644
837768
838112
838348
838385
838388
838764
839165
839688
839754
840015
840652
840695
840821
840853
841123
841557
842063
842505
842625
843007
843019
843239
843269
843470
843522
843685
844120
844219
844420
844824
845206
845220
845476
845673
845718
846067
846550
846582
846615
846797
847060
847154
847350
847556
847644
847671
848046
848216
849153
849192
849227
849336
849578
850173
850232
850483
850750
851014
851022
851024
851233
851424
851434
851814
851869
852243
852412
852974
853034
853078
853312
853535
853902
854049
855130
855511
855716
856154
856192
857375
857567
857782
858173
858815
859378
859527
859583
859644
859916
861086
861373
861816
862794
863022
863502
864427
864649
864863
865040
865048
865370
865386
865501
865641
865771
865859
865859
866053
866622
866785
866820
867080
867142
867329
867683
867706
867951
868250
868394
868794
868852
869372
869553
870312
870488
870776
870808
871519
872122
872187
872247
872324
872391
872856
872959
873018
873155
873273
873286
873393
873664
873766
873943
874118
874438
874439
874581
875010
875119
875393
875422
875573
875656
875890
876100
876191
876534
876930
877448
877914
878577
878738
878782
879008
879104
879144
879170
880134
880382
880537
881161
881266
882012
883182
883203
883764
883791
884076
884199
884742
884947
885801
885805
885987
886057
886120
886821
886829
886889
887263
888038
888191
888192
888346
888501
888990
889054
889070
889151
889255
889554
889853
890258
890378
890819
890821
890829
891098
891233
891277
891321
891619
891850
892881
892979
893149
893387
893749
893877
893926
894693
894863
894898
894985
895249
895722
895765
896047
896088
896659
897081
897438
897499
897548
897612
898027
898847
899344
899366
899760
899922
900111
900365
900408
900764
900957
901270
901312
901501
901577
901692
901917
902116
902372
902698
902913
903138
904026
904280
904813
905378
905577
905615
905677
905795
906220
906613
907044
907065
907284
907359
907742
907918
908221
908583
909076
909605
909718
910354
911261
911346
911688
911872
911943
912149
912272
912318
912885
912901
912975
913467
913853
914118
914668
914821
914954
914991
915040
915116
915211
915252
915331
915342
915444
915476
915652
916120
917108
917781
918174
918215
918272
918561
918671
918756
918874
918920
919147
919190
919584
919906
919985
920161
920396
920426
920454
920754
921473
921625
921678
922228
922670
922803
923008
923026
923131
923570
923887
924333
924556
924799
925119
925649
925991
926111
926155
926269
926346
926415
926475
926554
926733
926814
926878
927096
927199
927385
927451
927503
928940
928961
930029
930568
930970
931309
931471
931487
932063
932447
932839
932980
933088
933131
933144
933260
933625
934231
934510
935439
935640
936246
936283
936816
936982
937020
937295
937540
937565
937616
937835
937910
937976
939030
939425
939544
939564
940335
941036
941742
941803
942295
942477
942718
942766
942809
943139
943291
943445
943513
943573
943794
943817
943955
944155
944232
944576
944703
945629
945681
946249
946264
946491
946601
946614
946863
946916
946985
947170
947352
947446
947517
947663
947849
947940
948167
948453
948817
948898
949107
949165
949234
949545
950229
950478
951172
951391
952617
952673
952711
953215
954117
954304
954479
954826
955190
955649
956112
956288
956542
956722
957629
957827
957976
958102
958144
958182
958188
958550
959102
959198
959285
959751
959815
960087
960142
960223
960938
961251
961387
961492
961647
961832
962079
962083
962193
962563
962599
962936
963296
963407
963410
963687
963779
963928
964110
964258
965315
965485
965588
965720
965921
966137
966674
966760
966842
966867
966967
967357
967779
967792
967838
968293
968536
968697
968896
968897
968914
969347
969799
970435
970755
970962
971646
971746
972365
972615
973905
973908
974199
974415
974983
975217
975266
975548
976086
976616
977123
977560
977902
978109
978325
978715
979214
979231
979472
979554
980406
980460
980509
980924
980998
981325
981775
982472
982747
982777
983209
983219
983753
984000
984067
984194
984472
984586
984589
984738
984864
984880
985072
985241
985832
985882
985946
986211
986344
986378
986994
987068
987213
988048
988494
988622
988977
989429
989618
989706
990035
990040
990724
990760
991171
991279
991313
991665
992535
992542
993197
993789
993867
993940
993944
994041
994466
995074
995222
995337
995762
996026
996072
996122
996255
996431
996482
996601
996819
997000
997409
997827
997947
998051
998776
998830
999084
999217
999780
