134
185
529
1015
1446
1600
1701
1918
2225
2275
2537
2771
2835
3370
3781
4082
4193
4244
4261
5141
5229
5523
6061
6092
6300
6459
6593
6883
7044
7366
7375
7491
8046
8378
8394
8427
8904
9238
9302
9627
9860
10402
10689
10850
11246
11390
11719
11859
11937
12267
12291
12623
12650
13021
13050
13554
13618
13658
13807
13844
14026
14299
14348
14706
14775
14840
15233
15685
15742
15765
15774
16012
16371
16507
16627
17057
17313
17498
17786
17958
18109
18357
18461
18512
18822
18914
19006
19114
19132
19270
19500
19647
19660
19838
19952
20001
20018
20220
20256
20411
20413
20421
20759
20845
21124
22847
23323
23405
23710
24159
24293
24464
24664
24779
25039
25188
25265
25302
25586
25977
26050
26188
26322
26664
26910
27004
27866
28074
28718
29509
29843
29867
29940
30323
30614
30948
31179
31267
31298
31537
31975
32268
32306
32466
33228
33306
33687
34010
34196
34745
34919
35042
35074
35314
35616
35674
35967
36069
36105
36133
36169
36208
36389
36614
36865
37217
37319
37356
37385
37429
37734
37737
37910
37955
37992
38261
38685
38850
39172
39558
39691
39728
40080
40319
40761
40846
40972
40974
41222
41230
41232
41270
41402
41713
41773
41897
42172
42267
42691
42710
42909
43441
43471
43653
43840
44352
44487
44690
44959
45643
46210
46350
46618
46849
46887
46908
46916
47532
47669
47815
47894
48039
48194
49629
49641
49789
50008
50142
50324
50339
50403
50502
50708
51092
51406
51507
52247
52288
52535
52989
53071
53148
53203
53364
54519
54665
54695
54782
54956
54969
55148
55265
55552
56128
56157
56180
56216
56346
56484
56781
56860
56877
56915
57022
57322
57556
57735
57881
57987
58062
58423
58425
58686
58854
58919
59159
59350
59421
59493
60121
60212
60402
60525
60599
60792
61025
61270
61628
61735
62355
62620
63625
63696
63764
63861
63877
64351
64705
64940
65210
65376
65746
66132
66387
66532
66621
66628
66766
67403
67518
67756
67821
68165
68190
68241
68302
68772
69285
69440
69846
69991
70185
70204
70486
71277
71817
72387
72853
72884
73019
73040
73072
73567
73648
74151
74538
74881
75057
75284
75852
76037
76207
76331
76927
77347
77921
77950
78189
78430
78442
78797
78985
78995
79382
79427
79500
79724
79975
80002
80080
80086
80204
80255
80776
80951
81027
81181
81190
81221
81346
81528
81709
81918
82564
82672
82686
82862
83561
83658
83875
84002
84067
84121
84363
84480
84708
84766
84820
84834
84896
85035
85164
85211
85232
85267
85978
86230
86310
86427
86848
87002
87249
87324
87340
87412
87602
88393
88586
88704
88803
88886
89014
89090
89322
89768
90071
90248
90269
90324
90600
90730
91551
91678
91696
91895
92476
92523
92900
93380
93584
93669
94002
94668
94743
94813
94995
95515
95580
95585
95733
95742
96080
96203
96432
96515
96611
97083
97203
97242
97840
97924
98336
98736
98908
98921
99029
99213
99418
99463
99467
99746
99754
99924
100411
100580
100629
100820
100853
101012
101129
101757
101848
102011
102128
102640
103085
103433
104027
104133
104256
104397
104883
104962
105009
105057
105969
106130
106215
106224
106247
106887
107833
107838
107851
107888
107902
108420
108950
109302
109570
109615
109966
110011
110601
110622
110839
111036
111642
111673
111708
111729
111837
112223
112246
112830
112935
113028
113360
113511
113866
113888
114237
114323
114352
114969
115064
115252
115289
115338
116186
116410
116583
116905
117059
117146
117349
117451
117580
117751
117992
118141
118397
118565
118736
118877
118943
119018
119141
119331
119416
119527
119712
119865
119945
119949
120015
120409
120738
120851
120948
121398
121491
121597
121635
121756
121791
122240
122246
122741
122959
123296
123302
123412
123539
123564
123614
123941
123978
124023
124135
124466
124755
124960
125171
125211
125226
125226
125373
125376
125468
125505
126031
126103
126532
126608
127032
127081
127290
127316
127518
127716
127858
128071
128084
128597
129031
129169
129253
129264
129507
129651
129877
130208
130444
130775
131051
131245
131288
131444
131628
131833
131936
132048
132051
132191
132333
132486
132672
132738
132750
132788
132840
132867
132941
132949
132954
133455
133540
133818
133961
134357
134361
134386
134420
134602
134987
135091
135322
135511
135716
135773
135774
135809
135830
136115
136214
136869
136937
138034
138152
138324
138603
138618
138967
138997
139191
139211
139275
139439
139465
139563
139623
139968
140044
140135
140206
140327
140346
140515
140885
141177
141238
141509
141699
141740
141782
142043
142141
142210
142230
142302
143196
143278
143335
144152
144811
144811
144919
144989
145033
145204
145300
145317
145420
145672
145930
146361
147076
147333
147512
147842
148301
148336
148669
148719
149019
149266
149643
150104
150365
150374
150381
150540
150598
151298
151613
151723
151886
151992
152102
152391
152451
152582
153013
153475
153730
153743
154216
154373
154376
154935
155020
155087
155787
155823
155947
156264
156336
156370
156528
156541
156712
156935
157032
157132
157157
157618
157777
157871
158251
158276
158309
158396
158402
158406
158734
158829
159112
159135
159208
159226
159821
159905
160401
160449
160473
160608
160675
160936
160996
161018
161235
161370
161487
161558
161774
162384
162407
162590
162591
163088
163433
163728
163786
163852
163963
163982
164017
164078
164542
165025
165228
165531
165592
165897
165916
165967
166193
166233
166585
166713
166773
166944
166949
166978
167009
167011
167178
167469
167649
167871
167952
168125
168673
168771
169400
169438
169466
169781
169795
169834
169996
170487
170900
171193
171232
171301
171393
171443
171536
171773
172175
172222
172339
172382
172711
172775
172857
172961
173020
173060
173450
173589
174200
174395
174437
174864
175066
175247
175483
175601
175628
175817
175921
176131
176361
176473
176511
177676
177695
177772
177825
177976
178021
178103
178205
178396
178666
178987
179131
179230
179734
180268
180498
180975
181111
181194
181384
181526
181648
181850
182045
182168
182287
182732
182915
183371
183605
183952
183962
184212
185201
185229
185555
185772
185806
185865
186022
186245
186386
186485
186486
186816
187086
187168
187504
187646
187781
187909
187922
188241
188726
189111
189185
189444
189649
189706
189973
189982
190004
190028
190066
190119
190233
190936
191203
191231
191481
191485
191585
191608
191625
191912
191954
191996
192271
192454
192742
192928
192999
193653
193952
194146
194268
194390
194495
194626
194640
194668
194897
195400
195401
195554
195593
195623
195723
195808
195868
196354
196544
196623
196815
197181
197598
197763
197818
197961
197990
198037
198108
198177
198535
198611
198941
199260
199582
199606
199917
200158
200216
200247
200374
201163
201227
201470
202228
202318
202384
202469
202634
202680
202921
203154
203168
203432
203505
203609
203844
203930
203949
204281
204548
205316
205551
205869
205879
206092
206115
206175
206400
206583
206586
206587
207414
207511
208159
208275
208380
208445
208710
208745
208757
208877
208921
209080
209173
209228
209355
209667
209722
209725
209801
209973
210162
210183
210427
210523
211183
211494
211512
211514
211611
211726
212128
212137
212878
213595
213609
213779
214157
214519
214746
215110
215155
215220
215433
215775
215953
216195
216277
216356
216858
217292
217336
217501
217760
217791
217945
218002
218026
218038
219500
219612
219705
219723
219760
219874
220198
220987
221062
221615
222010
222120
222392
222514
222528
222905
223337
223472
223491
223641
223871
224205
224550
224679
225237
225281
225393
225507
225563
225634
226193
226351
226471
226648
226658
226708
226858
227321
227416
227685
228675
229251
229452
229573
230231
230474
230539
230728
230815
230835
231329
231409
231522
231652
231783
232341
232378
232702
232715
234084
234161
234261
234302
234439
234584
235049
235182
235259
235366
235425
235718
236199
236307
236307
236448
236478
236499
237104
237258
237265
237309
237343
237568
237657
238462
238567
238704
239045
239226
239642
240026
240130
240158
240253
240691
240936
241167
241220
241550
241621
241663
241969
242429
242568
243158
243445
243569
243852
244319
244622
245202
245424
245567
245994
246638
246715
247158
247266
247553
247596
247818
247965
248009
248167
248271
249163
249367
249767
249845
250275
250642
250892
251125
251512
251643
251660
251906
252673
252924
253044
253198
253604
253773
254008
254260
254385
254680
254919
255119
255193
255411
255564
255564
255820
256045
256573
256812
257199
257778
257970
257986
258043
258062
258180
258687
258983
259082
259106
259291
259313
259548
259717
259748
260728
261370
261794
261906
262073
262214
262256
262522
263124
263165
263199
263685
264040
264188
264469
264479
264912
264967
265368
265419
265952
266146
266283
266294
266686
266781
267129
267294
267541
267550
267580
267763
267826
268089
268166
268412
268478
268657
268981
269168
269207
269241
269425
269431
269944
269980
270319
270347
270808
270908
270918
271057
271380
271444
271622
271719
272046
272410
272462
272658
272660
272900
272972
273083
273143
273217
273403
273523
273598
274009
274108
274185
274193
274877
274914
275273
275305
275424
275425
275453
276011
276037
276871
276881
277362
277418
277516
277610
277802
278011
278188
278289
278415
278434
278844
278901
279213
279387
279441
279511
279528
279860
279873
279882
280082
280196
280483
280655
280656
280876
281078
281170
281684
281733
281805
281833
281835
281914
281966
281973
283334
283378
283422
283576
283683
284227
284563
284658
285329
285445
285467
285548
285832
285876
285935
286276
286511
286569
286595
286657
286686
286886
287158
287561
287750
287878
287992
288007
288045
288288
288304
288347
288497
288629
288909
289663
290125
290633
290661
291108
291305
291318
291524
291565
291957
292221
292255
292316
292583
292622
292698
292788
292807
292864
292914
293070
293140
293193
293817
293818
293862
294068
294113
294416
294461
294650
294718
295504
295738
295792
295860
295996
296037
296185
296403
296559
296844
296950
297018
297340
297482
297690
297981
298017
298378
298519
299038
299274
299630
299702
299897
299963
300233
300283
300828
300918
301137
301207
301233
301572
301605
301788
301977
302246
302591
303029
303052
303380
303801
303843
303938
304337
304605
304754
304793
304802
305033
305318
305754
305829
306146
306465
306668
306800
306874
306938
307017
307075
307556
307572
307649
308033
308079
308154
308281
308305
308965
308991
309018
309051
309128
309269
309423
309534
309915
310033
310179
310409
310777
311185
311238
311313
311664
311743
311804
312038
312111
312227
312279
312748
312851
312944
312977
313035
313108
313302
313705
313715
314068
314453
314485
314668
314671
315266
315304
315365
315863
316011
316180
316223
316499
316712
316755
316787
316910
316943
317144
317515
317649
317777
318069
318125
318337
319013
319155
319202
319309
319604
319781
319862
319955
320196
320595
320727
320739
320752
320802
320827
321092
321227
321386
321563
321623
321768
321871
322099
322447
322737
322898
323045
323082
323293
323418
323746
323841
323897
323922
323980
324111
324272
324871
324876
324962
325022
325398
325422
325494
325544
325826
326028
326161
326180
326418
326495
326514
326559
326799
326835
327036
327043
327379
327407
327995
328170
328476
328523
328660
328814
328913
328975
329337
329621
329747
330171
330221
330399
331011
331076
331337
331713
331721
332306
332684
332762
333244
333259
333333
333940
334160
334303
334567
334944
335041
335044
335121
335160
335569
335786
335940
336040
336057
336090
336525
336610
336624
336701
336957
336981
336996
337601
337656
337708
337709
337882
338030
338058
338426
338464
338498
338554
338902
339250
339344
339425
339567
339652
339822
340128
340132
340257
340325
340667
341028
341409
341578
341584
342202
342513
343204
343233
343536
343671
343970
344100
344159
344252
344285
344324
344436
344475
344575
345344
345375
345476
345585
345911
346126
346207
346396
346430
346487
346526
346707
347123
347271
347371
347415
347512
347525
347658
347770
347811
347856
347914
347976
348088
348182
348391
348503
348540
348619
348670
348746
348754
348822
349093
349254
349604
349607
349734
349984
350203
350372
350738
351568
351747
351780
351856
351874
351890
351896
352042
352151
352258
352614
353183
353402
353653
353836
353987
354154
354759
355458
355627
355841
355886
355992
356138
356338
356509
356582
356814
356921
357376
357610
357767
357850
357887
358307
358549
358664
358730
358789
358990
359432
360131
360398
360575
360945
361214
361650
362016
362302
362376
362456
362584
362669
362849
363002
363025
363082
363691
363875
364397
364512
364538
364575
364933
365395
365414
365515
365552
365665
365710
365743
365882
365899
366087
366122
366439
366510
366615
366697
367289
367466
367675
367717
367770
368140
368381
368392
368636
368664
368700
369014
369283
369676
370179
370502
370611
370804
371015
371068
371545
371612
371661
372697
372995
373044
373185
373345
373462
373462
373545
373551
373895
374666
374774
374866
374919
374930
375105
375301
375466
375762
376190
376277
376553
376592
376730
376939
377352
377613
377812
378335
378366
378738
378997
379367
379527
379603
379940
379967
380286
380358
380510
380557
380605
380622
380763
381344
381633
381679
381697
381823
381985
382312
382824
383310
383355
383570
383612
383902
384198
384311
385249
385634
385800
386017
386170
386639
386734
386914
386964
387201
387534
388029
388499
388739
389592
389634
389650
389709
389756
390128
390481
390916
391029
391216
391305
392280
392341
392424
392576
392645
392872
392951
392965
392991
393194
393313
393699
393764
393827
393855
394114
394210
394602
394951
395184
395834
395927
396084
396099
396711
396830
396925
397006
397053
397353
397617
397811
397821
397853
398187
398351
398971
399085
399409
399740
399826
400218
400515
400689
400877
401094
401271
401310
401375
401425
402191
402327
402516
402523
402698
403376
403508
403522
403802
403808
403896
404148
404291
404745
404858
404872
404906
405109
405160
405358
405377
405498
406046
406466
406498
406543
406584
406618
406638
407014
407252
407427
407531
408156
408379
408756
408865
409394
409430
409802
411019
411246
411265
411325
411464
411888
411938
412364
412377
413204
413248
413293
413301
413452
413759
414051
414097
414484
414645
415485
415895
415896
415911
416128
416188
416257
416462
416631
416732
416922
417136
417276
417368
417381
417535
417578
417901
417947
418082
418103
418276
419115
419197
419306
419548
419825
419998
420093
420260
420267
420286
420329
420360
420507
420618
421059
421321
421334
421591
421632
422130
422175
422337
422416
422611
422694
422860
423073
423441
424034
424214
424274
424279
424290
424498
424675
424928
425351
425792
425805
425855
426012
426051
426111
426240
426302
426511
426690
426833
426976
428245
428664
428745
428877
428927
429164
429262
429314
429316
429442
429707
429780
430285
431278
431412
431500
432064
432274
432676
433285
433438
433533
434539
434562
435096
435227
435563
435687
435947
436069
436114
436298
436443
436778
436900
436962
437206
437271
437462
437755
437795
437857
437966
438036
438087
438142
438235
438668
438772
438786
438817
438848
438884
439009
439247
439569
439912
440104
440217
440358
440653
440705
441088
441251
441388
441554
441689
441831
442178
442346
442553
444045
444512
444579
444628
444661
444911
445044
445167
445280
445638
445775
445789
446174
446217
446487
446755
446858
447082
447289
447365
447431
447592
447658
448084
448481
448571
448682
448704
448825
448912
448944
449007
449098
449184
449231
449244
449371
450215
450909
451180
451510
451649
451686
452076
452270
452506
452702
452997
454004
454029
454591
454785
454789
454995
455600
455636
455908
456170
456285
456437
456620
456738
456816
456913
457006
457306
457406
457454
457677
457692
457747
457827
458087
458198
458327
458328
458488
458557
458787
458817
458902
459011
459061
459387
459461
459633
459858
459929
459997
460091
460349
460441
460553
460609
460636
460649
460747
460996
461156
461160
461239
461309
461325
461344
461463
461559
462091
462208
462593
462955
463016
463270
463749
463754
463887
463953
464042
464043
464127
464233
464919
465127
465225
465342
465354
466334
466385
466574
467118
467192
467765
467831
468017
468396
468579
469396
469593
470016
470274
470389
470529
471652
471940
472224
472281
472523
472855
473027
473042
473086
473262
473277
473399
473515
473524
473740
474117
474227
474621
475142
475420
475538
475893
475980
476389
477603
477640
477743
477981
477987
478005
478022
478147
478267
478279
478646
478743
478993
479004
479045
479181
479228
479268
479604
479626
479706
479735
479921
479952
480409
480592
480739
481454
481483
481604
481987
481990
482145
482421
482511
482605
482615
483138
483189
483654
483681
483782
483790
483896
484063
484402
484502
485137
485236
485385
485390
485512
485721
485793
485894
485908
486009
486021
486080
486117
486211
486482
486671
486697
487009
487088
487234
487550
487785
488031
488068
488359
488655
489009
489186
489220
489269
490029
490241
490600
490644
490812
490813
490881
491016
491267
491379
492081
492096
492151
492513
492529
492560
492576
492977
493313
493359
493712
493909
494164
494275
494399
494493
494648
495086
495097
495158
495218
495252
495382
495896
496323
496558
496737
496749
497047
497208
497221
497396
497534
497941
497967
498492
498605
499001
499576
499740
500049
500204
500239
500278
500330
500374
500664
501986
502289
502384
502447
502527
502912
503170
503596
503672
503966
503986
504318
504592
505028
505077
505112
505285
505917
506137
506750
506855
506889
506959
507219
507220
507518
507546
507685
507700
507811
508205
508721
509212
509578
509929
510096
510101
510160
510790
511992
512066
512295
512415
512669
512782
513155
513694
513889
514311
514737
514876
515319
515461
515521
515572
515967
516038
516379
516388
516393
516446
516586
516693
516793
516807
516843
517254
517267
517607
517718
518220
518374
518419
518959
519079
519211
519293
519754
519768
519827
519930
520069
520179
520382
520528
520534
520864
521025
521144
521321
521620
521911
521962
522158
522174
522283
522562
522575
522590
522767
523133
523298
523572
523813
524514
525277
525395
525421
525505
525711
525928
525967
526108
526434
526871
527015
527219
527312
527475
527656
528818
528859
529664
529691
529931
530110
530249
530557
530623
531202
531224
531383
531565
531800
531802
532337
532399
533060
533062
533204
533302
533320
533375
533386
533403
533425
533592
533827
533976
533989
534136
534171
534403
534416
534615
534687
534996
535400
535538
535723
536019
536133
536268
536778
537140
537328
537417
537802
538043
538119
538167
538205
538687
538689
538788
538928
539026
539212
539360
539373
539579
539812
539903
539915
539953
540048
540324
540489
540784
540805
540883
541080
541535
541876
541923
542023
542115
542432
542815
543151
543453
543550
543576
543648
543714
543884
544237
544486
544518
544521
544643
544909
545585
545704
545994
546129
546237
546424
546732
546803
546851
547504
547659
547901
548286
548382
548521
548615
549421
549645
550077
550202
550545
550561
550613
550652
550884
551339
551481
551685
551689
551716
551767
551784
551958
552047
552136
552180
552199
552301
552435
553037
553374
553715
553810
553899
554004
554066
554137
554572
554883
555030
555105
555350
555926
555960
556042
556096
556265
556603
556806
557159
557610
558208
558775
558816
559166
559187
559258
559433
559603
559723
560304
560637
560641
561406
561727
561750
562194
562295
562553
562732
562735
563198
563337
563614
563983
564303
564625
565075
565086
565109
565455
565816
565997
566012
566309
566355
566404
566734
566736
567118
567128
567391
567686
567725
567964
567998
568003
568076
568095
568192
568358
568421
568504
568618
568745
568768
568847
568871
569241
569443
569684
569784
570238
570333
570687
570741
570810
570861
570861
571215
571240
571321
571526
571805
571852
571862
572072
572153
572828
572923
573300
573303
573307
573664
573710
574318
574445
574986
575675
575960
576067
576796
577105
577604
577633
577771
577907
578270
578288
578347
578816
579086
579119
579229
579250
579287
579392
579831
579835
579907
580094
580185
580196
580564
580858
581011
581450
582218
582377
582440
582490
582568
582580
582987
582994
583406
583800
584079
584105
584106
584121
584217
584307
585009
585255
585671
585691
585776
585935
586457
587153
587359
588117
588234
588575
588852
588918
589050
589576
589739
589960
589964
589987
590665
590960
591058
591459
591497
591802
591901
591915
592183
592518
592802
592901
592936
592980
593051
593310
594094
594115
594244
594293
594338
594389
594480
594912
595041
595136
595631
596088
596119
596218
596902
596925
597256
597820
597857
598639
598643
598761
598781
598881
599453
599706
600305
600373
600773
601081
601178
601229
601255
601476
601489
601571
601628
601653
601937
601970
602247
602397
602703
602810
603196
603232
603366
603418
603577
603722
604034
604135
604161
604183
604383
604413
604624
604781
604935
605195
605980
606648
606755
606999
607537
607601
607978
608042
608144
608369
608387
608434
608503
608721
608858
608971
609307
609335
609569
610199
610238
610319
610393
610400
610721
610746
611111
611579
611619
611702
611777
612065
612169
612482
612548
612652
612765
612972
613204
613531
613704
613818
614151
614303
614442
614819
614856
614982
615003
615025
615328
616025
616552
616990
617165
617204
617241
617278
617580
618091
618094
618262
618280
618825
619519
619662
619834
619897
619921
620060
620094
620171
620224
620539
620701
621129
621521
621653
621923
622173
623023
623171
623226
623330
623375
623758
623907
624121
624277
624290
624348
624601
624716
624788
624820
625197
625416
625462
625974
626315
626339
626566
626598
627022
627169
627270
627772
628046
628249
628564
628882
628908
629056
629210
629275
629614
629652
629802
630267
630371
630573
630597
630776
630812
630818
630952
630952
631182
631228
631243
631272
631302
631451
631742
631787
631788
631894
632258
632365
632405
632700
632804
632918
633183
633394
633408
633597
634096
634162
634164
634358
634568
634806
634981
635054
635087
635107
635246
635509
635561
635612
635773
635849
635973
636383
636692
637041
637386
637499
637800
638051
638163
638175
638245
638525
638845
638917
639388
639416
639650
639752
639771
639800
639892
639895
639979
640125
640209
640300
640391
640397
640467
640815
641195
641292
641364
641714
641938
642177
642408
642567
642680
642770
642821
642845
643635
643776
644119
644334
644452
644730
644730
645945
645954
646036
646043
646745
646958
646990
647073
647438
647450
647708
647960
648163
648168
648188
648290
648463
648572
648653
648742
648794
648873
648995
649147
649222
649524
649634
649818
650038
650492
650653
650670
650817
650836
650959
650973
651200
651201
651241
651834
651984
652216
652491
653247
653364
653528
653565
653788
653918
654152
654327
654344
654963
655130
655208
655455
655689
655760
655871
656026
656069
656237
656299
656926
657036
657050
657259
657623
657664
657776
657881
657914
657984
658100
658210
658234
658564
658757
658893
659042
659184
659409
659660
659833
659939
659967
660107
660125
660878
661984
662232
662712
662730
662763
663050
663098
663223
663770
663838
664342
664506
664656
664676
664782
664855
665154
665160
665777
666408
666475
666612
667283
667372
667462
667486
667645
667788
667962
668313
668592
668605
668655
669321
669361
669979
670087
670324
670396
670437
670545
670659
670698
671320
671390
671717
671895
671923
672057
672119
672166
672183
672426
672810
672880
672923
672967
673560
673810
674068
674099
674113
674141
674171
674392
674429
674539
674646
674675
675008
675446
675626
675688
675775
675803
676250
676451
676608
676695
677093
677311
677699
677971
677988
678002
678034
678133
678303
678331
678762
678800
678820
678925
678992
679031
679189
679262
679418
679545
679861
680138
680405
680463
680712
680902
680940
681351
681397
681619
681863
682232
682243
682719
682808
683254
683258
683497
683923
684042
684171
684171
684197
684319
684606
684787
684952
685364
685680
686022
686138
686229
686241
686641
686950
686954
686960
687134
687350
687361
687369
687498
687709
687850
688026
688170
688278
688386
688512
688794
688926
688987
689069
689163
689231
689469
689503
689920
690226
691000
691440
691454
691711
692078
692271
692612
692704
692974
693331
693387
693458
693645
694106
694157
694340
694429
694518
694728
695012
695285
695287
695300
695309
695434
695540
695559
695766
695788
695842
695963
696102
696159
696416
696515
696671
696745
696863
697095
697380
697405
697500
697556
697979
698173
698191
698296
698606
698685
698719
698836
698923
698999
699063
699128
699210
699409
700006
700198
700938
701144
701161
701175
701449
701692
701807
701866
702634
702890
703003
703103
703177
703449
703521
703617
703801
704527
704533
704616
704718
705025
705171
705173
705403
705734
705816
706236
706578
706726
706800
707015
707243
707506
707648
707804
707807
708091
708156
708197
708204
708443
708452
708525
708579
708794
708858
709124
709320
710165
710228
710371
710376
710380
710633
710678
710779
710964
711277
712571
712614
712619
712885
713023
713064
713244
713850
714377
714549
714790
714940
715330
715366
715465
715512
715736
715903
716067
716802
716862
716963
717511
717803
718079
718225
718315
718361
718496
718600
718975
719098
719331
719452
719468
719716
719909
720518
720868
720913
720996
721186
721248
721439
721745
721946
721947
722101
722216
722254
722266
722388
722398
722412
722468
722588
723062
723113
723182
723315
723393
723887
724089
724237
724304
724316
724439
724859
724911
725251
725552
725871
726042
726077
726564
726691
727054
727748
727775
727991
728149
728196
728333
728874
729243
729279
730058
730221
730571
730712
730743
730959
730992
731079
731335
731429
731471
731663
731904
731967
732182
732806
732859
733058
733140
733333
733940
733941
734004
734110
734238
734926
735129
735290
735298
735648
735770
735774
736053
736189
736282
736552
736845
737621
737852
737882
737993
738349
738379
738464
738654
738658
739082
739255
739514
739659
739771
739856
740368
740496
740657
740806
740807
740895
740919
740989
741071
741186
741375
741420
741568
741584
741608
741951
741958
742034
742114
742298
742827
742838
742980
742991
743132
743280
743808
743845
743880
744260
744361
744400
744600
744612
744770
744898
744935
745030
745523
745659
745954
746356
746536
746816
746865
746898
746898
747267
747306
747460
747596
747650
747722
747734
747860
747996
748076
748353
749135
749415
749438
749508
749747
749945
750225
750276
750354
750600
750617
750766
751008
751438
751478
751612
752092
752189
752554
752730
752793
752814
752902
753300
753915
754033
754070
754181
754791
755121
755378
755408
755643
755801
755860
755923
756254
756364
756416
756554
757234
757296
757467
757484
757896
757934
758052
758096
758249
758270
758639
759014
759538
759979
760868
760898
761180
761268
761301
761627
761697
761843
762110
762197
762596
762747
762756
762916
763081
763138
763313
763433
763550
763608
763654
763736
763759
764006
764261
764307
764420
765270
765614
765868
765963
766023
766238
766464
766518
766649
766662
766753
767116
767143
767235
767344
767682
767771
767834
768113
768268
768424
768842
768847
769286
770117
770299
770533
770691
771239
771335
771659
771703
771766
771875
772189
772205
772332
772677
772888
773046
773139
773240
773702
773863
774232
774296
774350
774458
774509
774577
775095
775597
775599
775640
775744
776034
776166
776741
777026
777583
777708
777980
778003
778057
778295
778541
778670
778737
779179
779285
779311
779708
779819
779955
780100
780476
780478
780553
780982
780992
781463
781722
782149
782401
782435
782489
782636
782830
783614
784074
784144
784288
784301
784377
784582
784647
784718
785284
785368
785509
785885
785975
786142
786434
786826
786995
787310
787330
787331
787475
787888
787978
788049
788162
788562
788632
788731
788786
788949
790059
790084
790361
790411
790524
790691
790983
791845
792022
792092
792141
792357
792408
792434
792533
792533
792800
792921
793526
793668
793766
793880
793950
793998
794056
794092
794140
794431
794897
795149
795710
795797
795943
796153
796980
797181
797349
797736
798046
798420
798454
798530
798562
798632
798774
799050
799506
799742
800070
800206
800299
800469
800494
800957
800967
801053
801239
801888
802103
802177
802388
802777
802903
802977
803097
803297
803445
804004
804814
804895
805054
805363
805848
805852
805928
806218
806355
806583
806630
806685
806778
806870
806880
806949
807093
807905
808463
808534
808846
808959
809013
809026
809731
809909
809925
810210
810372
810543
810963
811064
811367
812011
812020
812741
812879
813647
813839
813895
814688
814805
814829
815164
815167
815337
815832
815838
815894
816333
816999
817272
817308
817629
817688
817920
818400
818420
818948
819275
819527
819772
820049
820052
820545
820653
820768
820827
821115
821322
821434
821688
822081
822297
822685
822711
822896
822933
823044
823145
824172
824495
824564
824603
824859
825126
825242
825409
825517
825608
825757
826140
826191
826279
826302
826507
826573
826662
826738
826748
827022
827202
827477
827742
827834
828230
828456
828638
828721
828785
829102
829330
829675
829835
830064
830137
830201
830290
830481
830596
831037
831511
831613
831773
831884
832135
832168
832422
832748
832961
832975
833134
833207
833257
833535
834122
834499
834518
834583
834980
835189
835259
835376
835565
835691
835750
836124
836481
836542
836762
836958
837307
837401
837653
837890
837890
838008
838032
838125
838151
838257
838336
838646
838693
838850
838937
838958
839180
839243
839347
839511
839652
839691
840015
840155
840753
840840
840916
840920
841013
841362
841582
841834
842013
842136
842455
842469
842646
842792
842814
842853
843158
843162
843163
843504
844057
844351
844514
844848
845103
845294
845310
845350
845588
845687
846238
846437
846563
846670
846886
846961
847062
847443
847908
847985
847993
848159
848205
848225
848575
848635
848903
848938
848972
849504
849599
849941
849944
849953
850192
850243
850736
850746
851022
851088
851219
851951
852244
852267
852407
852477
852676
852847
852863
852935
853041
853139
853417
853850
854094
854218
854292
854308
854372
854485
854572
854573
854670
854876
854962
855283
855721
855773
855882
855883
856370
856496
856604
856726
857397
857481
857489
857666
857687
857792
857918
858174
858424
858832
859103
859150
859484
859567
859626
860083
860316
860324
860781
860859
860885
860897
860941
860988
861140
861767
861982
862416
862505
862785
863502
864113
864126
864459
864752
864775
864837
864926
865927
866115
866182
866236
866707
866750
867005
867291
867336
867762
867797
868180
868273
868290
868294
868388
868434
868464
868607
868610
868675
868862
868952
869354
869434
869820
870037
870046
870301
870612
870786
870810
870847
870964
870996
871341
871524
871581
871638
871760
871965
872281
872351
872550
872887
872933
872952
873386
873433
873636
873645
873735
873812
873921
874153
874345
874801
875001
875024
875412
875607
876082
876374
876412
876813
876934
876972
877184
877408
877478
877494
877749
878051
878429
878794
879296
879555
879631
879973
880265
880391
881134
881237
881881
881888
882218
882705
882836
883181
883207
883439
883439
883486
883741
883811
884172
884462
884565
884752
884786
884886
884994
885016
885198
885376
885393
885451
885583
885790
885812
885934
886053
886278
886531
886652
886676
886829
887047
887363
887495
887902
888132
888187
888493
888602
888742
888955
889369
889551
889880
890107
890298
890342
890750
890890
890959
891097
891336
892085
892653
892770
892951
893151
893366
893547
893949
894009
894313
894364
894405
894788
895542
895624
895871
895877
895953
896127
896282
896318
896471
896837
896914
897049
897110
897346
897771
897964
898427
898496
898631
898810
898895
899049
899136
899224
899458
899865
900030
900044
900795
901004
901554
901668
901757
901993
902592
902709
902722
903498
903523
903548
903849
904180
904407
904416
904445
904480
904591
904780
905083
905094
905114
905233
905762
905794
905894
906154
906503
906891
907436
907883
907925
908208
908226
908229
908278
908486
908623
908719
908765
908778
909304
909436
909441
909833
909856
909982
910598
910603
910653
910761
910831
911129
911182
911306
911432
911556
911876
911968
912070
912169
912344
912763
912783
912834
912858
913128
913268
913500
913627
913868
913972
914402
914543
914579
915450
915453
915518
915613
915698
915907
916109
916428
916904
917356
917549
917565
917590
918136
918401
918545
918739
918836
918963
919192
919456
919664
919971
920032
920340
920525
920542
920672
920866
920894
920954
921025
921328
921498
921609
921649
921766
921963
922070
922123
922257
922271
922301
922381
922439
922932
922933
924324
924841
925018
925120
925127
925132
925982
926078
926230
926267
926392
926418
926477
926519
926606
926672
926918
926991
927047
927191
927518
927830
927946
928134
928230
928371
928630
928740
928834
928980
929241
929831
930008
930438
930476
930634
931417
931539
931576
931622
931694
932500
932575
932802
932916
932995
933324
933464
933583
933723
934154
934185
934485
934526
934620
934936
935420
935767
935995
936709
936927
937041
937049
937080
937297
937331
937810
938002
938064
938159
938205
938378
938435
938468
938645
938690
938700
938833
938915
939028
939218
939275
939586
939643
940093
940504
940532
940661
941144
941163
941554
941728
941789
941820
942075
942103
943002
943058
943174
943395
943396
943402
943410
943547
943758
943797
943840
943973
944018
944041
944214
944551
944914
945105
945132
945225
945760
946123
946297
946300
946345
946555
946559
946652
946777
946788
947013
947246
947421
947629
947710
947795
948010
948121
948339
948394
948505
948609
948666
948865
948942
948970
949460
949468
949759
949904
950564
950659
950841
950868
951073
951345
951464
951517
951551
952233
952506
952513
952545
953464
953699
953885
953896
954295
954300
954332
954630
954897
954949
954965
955034
955051
955488
955714
955728
956157
956258
957206
957662
957680
957726
958040
958060
958135
958206
958292
958472
958860
959262
959790
960257
960289
960395
960491
961267
961335
961335
961610
961848
962034
962143
962145
962343
962357
962756
963196
963234
963697
963880
964272
964332
964425
964518
965592
965596
965669
965744
966014
966058
966279
966381
966532
966646
966966
967269
967354
968231
968265
968446
968556
968618
968793
969886
970007
970333
970633
970748
970922
970995
971251
971320
971511
971530
971737
971826
971956
971996
972296
972426
972539
972568
972791
972988
973080
973202
973655
974014
975025
975345
975688
976149
976767
977179
977317
977522
977860
977974
978432
978698
978835
978850
978986
979940
980107
980113
980228
980329
980526
980764
981411
981478
981494
981622
982135
982174
982180
982202
982324
982533
982615
983206
983639
983678
984139
984201
984560
984999
985223
985329
985369
985553
986493
986609
986617
987303
987472
987754
988175
988626
988667
989063
989404
989488
989500
990017
990139
990542
990844
990972
990986
991088
991428
991499
991611
991761
992101
992443
992775
992805
992851
993342
993491
993595
994417
994454
994647
994779
994787
994940
994959
995193
995294
995757
996049
996896
996934
997262
997642
998558
998645
999188
999223
999260
999666
999827
