54
300
387
1119
1474
1569
2031
2047
2155
2272
2342
2762
2767
2772
2835
3050
3064
3114
3360
3373
3717
3796
4053
4057
4307
4410
4681
4772
4847
5692
5785
5851
6116
6454
6547
6655
6714
6821
7270
7278
7427
7673
7694
8122
8305
8401
8469
8659
8792
9074
9190
9208
9473
9606
9688
10076
10105
10307
10309
10316
10398
10513
10548
10689
11086
11154
11291
11476
11652
11657
11681
11729
11916
12165
12271
12274
12414
12550
12567
12572
12641
12884
12891
12907
12960
13198
13246
13356
13423
13439
13583
14040
14094
14156
14285
14417
14604
14911
15078
15125
15148
15273
15282
15486
15507
15701
15749
16014
16080
16094
16213
16281
16385
16455
16714
16772
17011
17387
17486
17525
18333
18358
18501
18625
18732
18909
18997
18999
19330
19530
19654
19986
20328
20857
20973
20986
21120
21128
21185
21402
21474
21582
22000
22111
22324
23061
23379
23587
23657
24508
24626
24659
25026
25087
25301
25829
25994
26110
26269
26607
26613
26835
26860
26898
27004
27026
27082
27190
27334
27618
27757
28023
28190
28228
28558
28655
28707
28813
28961
28964
29018
29164
29291
29726
29844
29872
30300
30492
30693
30776
30948
31003
31036
31127
31365
31389
31744
32077
32098
32185
32323
32355
32370
32461
32873
32900
33111
33211
33219
33251
33685
33959
34063
34159
34214
34234
34958
34971
35207
35340
35573
35779
35973
36004
36052
36308
36483
37025
37052
37703
37746
37831
37971
38140
38208
38234
38283
38732
39089
39244
39450
39640
39767
40545
40802
40861
41105
41430
41552
41860
41886
42040
42110
42392
42688
42716
42915
43249
43423
43577
43694
44077
44159
44261
44435
44751
44829
45045
45088
45112
45500
45563
46007
46129
46393
46806
47016
47250
47498
47575
47758
47775
47806
48393
48695
48794
48957
49177
49259
49390
49492
49553
49573
49797
49935
50110
50118
50120
50328
50423
50428
51054
51304
51447
52252
52524
52589
52706
53081
53442
53472
53527
53567
53663
53901
54125
54193
54405
54492
54670
54794
54970
55084
55277
55534
55534
55550
55652
55794
55841
55999
56384
56524
56700
56915
56959
57232
57233
57294
57446
57483
57845
57911
57939
58436
58516
58553
58638
58766
58892
59020
59345
59420
59525
60219
60338
60661
61151
61326
61693
62200
62219
62369
62622
62773
63275
63279
63406
63560
63619
63713
63917
64130
64271
64575
64597
64742
65079
65258
65415
65425
65439
65470
65793
66024
66141
66292
66446
66514
66724
66883
66989
67194
67263
67515
67822
67825
67940
68174
68682
68790
69153
69319
69436
69679
69923
70337
70547
70786
71020
71185
71440
71533
71569
71735
71814
71872
71889
71976
72196
72221
72530
72539
72768
72958
73060
73136
73207
73298
73354
73474
73523
73582
73605
73622
73674
73873
73940
73990
73998
73998
74281
74748
74757
74762
75129
75402
75426
75444
75535
76156
76409
76418
76521
76591
76799
76818
76922
77340
77487
77729
78090
78473
78513
78527
78674
79076
79139
79332
79706
79949
80129
80134
80159
80265
80353
80585
80880
81406
81806
81897
82226
82407
82448
82700
83108
83271
83443
83460
83590
83755
84111
84185
84224
84274
84372
84409
84608
84656
84801
84809
84926
85180
85217
85500
85543
85562
86028
86181
86281
86353
86423
86460
86490
86516
86556
86572
86913
86960
86969
87069
87191
87344
87369
87567
87723
87969
88746
88828
88946
89171
89343
89483
89684
89758
89822
89851
89893
89901
89948
90028
90123
90265
90382
90687
90784
90914
90971
90985
91167
91202
91457
91656
91689
91757
91836
91839
91904
92092
92104
92232
92376
92384
92635
92765
92834
92891
92960
93008
93085
93242
93362
93970
94405
94408
94534
94643
94904
94987
95306
95507
95553
95696
95772
95879
96334
96395
96430
96554
96843
97235
97418
97468
97664
98013
98068
98543
98653
98697
98826
98852
98871
99158
99260
99363
99365
100239
100367
100369
100519
100582
100840
101122
101384
101563
101667
102145
102184
102726
102738
102756
102822
103291
103538
103593
103653
103679
103698
104028
104731
104763
104897
105019
105116
105518
105905
105925
106001
106075
106080
106287
106347
106401
107037
107138
107165
107870
108037
108098
108156
109254
109345
109737
109804
109930
110135
110257
110290
110800
110812
110892
111405
111616
111757
111843
112015
112071
112143
112801
112834
112922
113025
113252
113322
113353
113583
113698
113777
113877
113904
114068
114165
114316
114502
114552
114761
114785
115189
115312
115372
115383
116055
116428
116804
117001
117273
117968
118140
118464
118574
118591
118675
118783
118927
119081
119335
119445
119572
119590
119682
119694
119827
120153
120214
120222
120320
120871
120886
120890
121327
121411
121427
121575
121791
121819
122019
122262
123102
123312
123340
123346
123465
123488
123555
123646
123927
123928
124181
124193
124456
124683
124810
124889
124931
125041
125157
125222
125502
125620
125783
125851
125882
126190
126402
126541
126613
126898
126984
127095
127104
127252
127289
127351
127373
127544
127901
127943
128295
128399
128976
128977
129050
129986
130028
130095
130131
130255
130307
130307
130319
130525
130583
130826
130920
131140
131219
131334
131757
131759
132022
132097
132178
132263
132544
132886
133227
133434
133512
133516
133814
133830
134121
134272
134360
134552
134599
134725
135026
135377
135481
135631
135979
135997
136061
136110
136325
136448
136472
136510
136605
136731
136785
136832
137140
137510
137574
137785
137797
137844
137922
137976
137985
138020
138081
138190
138213
138251
138492
138538
138544
138855
138871
138881
138898
139003
139051
139265
139395
139410
139661
139925
139932
140134
140253
140335
140337
140360
140449
140465
140742
140896
140976
141172
141177
141315
141645
142325
142466
142483
142558
142650
142710
142949
143455
143464
144043
144208
144392
144422
144535
144674
144685
145014
145592
145663
146158
146388
146478
146632
146775
147090
147106
147145
147246
147544
148373
148448
148623
149013
149219
149650
149674
149970
150036
150318
150430
150503
150536
150540
150568
150753
150868
150942
151137
151261
151311
151646
151653
151980
152068
152101
152116
152278
152590
152740
152948
152952
152997
153279
154002
154497
154538
154707
154875
155257
155561
155694
155777
156317
156341
156529
156801
156849
157291
157401
157418
157650
157737
157910
158184
158393
158467
158550
158812
158974
159114
159696
159755
160128
160201
160420
160439
160449
160502
160581
160608
160666
160911
161069
161107
161110
161141
161269
161807
161976
162269
162338
162418
162517
162607
162812
163033
163272
163294
163493
163796
164142
164261
164319
164415
164430
164484
164557
164628
164639
164661
164834
165095
165318
165696
165744
165869
166133
166218
166286
166335
166908
167122
167437
167519
167642
167764
168201
168207
168723
168877
168959
169223
169436
169479
169736
169919
170305
170667
170968
171151
171268
171295
171307
171492
171622
171653
171760
171820
172061
172153
172294
172968
172999
173048
173048
173288
173315
173353
173686
173989
174147
174168
174449
174796
174995
175457
175492
175601
175622
175867
175886
176172
176301
176523
176615
176672
176680
177477
177614
177777
178280
178312
178501
178611
178850
179199
179428
179499
179536
179616
179639
179652
180125
180341
180375
180464
180826
180911
180999
181138
181248
181487
181561
181715
181775
181856
182137
182488
182536
182646
182769
182839
183401
183547
183559
183797
183906
183962
183999
184950
185087
185764
185824
185901
186179
186356
186566
186598
186788
186898
187257
187385
187527
187611
187934
187970
188163
188317
188471
188476
188538
188592
188643
188812
188843
188870
188886
189117
189826
190004
190008
190408
190723
191131
191494
191705
191935
192073
192187
192218
192286
192485
192569
192740
193024
193206
193423
193514
193543
193643
193683
193811
193811
193994
194056
194064
194072
194133
194200
194247
194704
194770
194817
194828
194864
194994
195118
195138
195298
195364
195548
195648
195940
196212
196274
196670
196836
197031
197268
197354
197388
197743
197928
198322
198449
198453
198916
198960
199103
199150
199440
199469
199497
199502
199705
199752
199773
199848
199959
199977
200138
200290
200373
200424
200583
200904
201074
201294
201487
201609
201644
201908
202409
202831
202876
203206
203284
203402
203419
203421
203466
203748
203764
203785
203884
204071
204077
204114
204204
204262
204316
204338
204560
204574
204942
204980
205498
205721
205730
205744
206026
206428
206871
206968
207105
207161
207285
207898
208050
208060
208140
208203
208207
208879
208885
208889
208994
209255
209672
209805
209811
209907
209908
209931
210109
210257
210427
210525
210695
210808
210893
211408
212129
212275
212750
212972
213012
213111
213156
213255
213281
213479
213606
213924
214029
214160
214254
214337
214605
214744
214862
214914
215229
215353
215399
215898
215946
216042
216356
216369
216525
217036
217486
217499
217717
217817
217840
217884
217920
218129
218318
218598
218670
218772
219239
219464
219677
219721
219891
220122
220128
220510
220527
220642
220666
220800
220856
220999
221471
221615
222470
223056
223084
223085
223249
223509
223539
224097
224123
224234
224256
224421
224503
224637
224751
224865
224996
225128
225331
225711
225725
225836
226184
226305
226569
226663
226786
227417
227423
227831
227929
227930
228082
228090
228121
228700
229001
229182
229378
229688
229946
230036
230052
230336
230354
230483
230717
231002
231039
231075
231429
231452
231741
231777
231943
232024
232057
232127
232131
232550
232567
232669
232726
233019
233241
233368
233437
233688
234069
234171
234505
234529
234716
234901
235526
235746
236211
236328
236439
236851
237062
237078
237391
237406
237802
237877
237942
237980
238025
238180
238260
238289
238350
238639
238664
238697
238751
238803
239303
239378
239452
239491
239681
239914
239917
239937
240232
240359
240386
240493
241045
241386
241413
241851
242045
242075
242079
242123
242369
242404
242416
242643
242737
242761
242873
242898
243074
243165
243429
243513
243562
244005
244033
244050
244060
244197
244904
244994
245031
245133
245145
245398
245472
245579
245833
245841
245958
246155
246534
246682
247038
247325
247464
247582
247742
247919
247984
248023
248168
248400
248614
248703
249099
249237
249484
249700
249943
249986
250334
250390
250507
250711
250822
251271
251284
251601
251646
251676
251816
251826
252136
252300
252576
252593
252689
252748
252975
253155
253419
253500
253563
253655
253791
253900
254024
254125
254209
254222
254535
254684
254765
254771
254891
254925
255666
255697
255698
255772
256126
256201
256260
256351
256357
256363
256426
256833
256870
257027
257192
257351
257365
257406
257412
257469
257595
257628
257746
258030
258096
258204
258455
258631
258747
259098
259167
259180
259219
259640
259651
259717
259845
259951
260014
260620
260724
260763
260793
260821
261053
261350
261696
261750
261822
261877
262043
262063
262494
262550
262906
263130
263446
263483
263857
264125
264353
264378
265170
265200
265345
265433
265512
265685
265698
266239
266308
266414
266590
266634
266822
266953
266973
267120
267147
267286
267455
267709
268001
268202
268306
268341
268358
268461
268948
269297
269497
269800
270009
270119
270161
270220
270293
270458
270468
270582
270607
270897
271192
271212
271247
271272
271738
271768
271840
271892
271894
271955
272044
272632
272687
272700
272832
273014
273019
273089
273351
273529
274177
274385
274409
274438
274658
274666
274710
274717
275211
275465
276164
276223
276452
276540
276646
277022
277026
277089
277426
277617
277742
277745
277763
277842
277874
277988
278060
278143
278259
278417
278892
278932
279357
279526
279618
279961
280000
280168
280350
280363
280618
281216
281235
281250
281346
281475
281599
281687
281889
282218
282778
283060
283513
283688
284115
284150
284238
284320
284323
284795
284853
284883
284945
285052
285166
285363
285628
285729
285847
285864
286242
286270
286567
286764
286854
287307
287453
287545
287555
287558
287649
287681
287740
287840
287877
288223
288247
288333
288361
288549
288624
289137
289215
289397
289498
289559
290450
290807
290848
291021
291120
291131
291284
291341
291392
291492
291576
291681
291799
291884
291904
291996
292074
292101
292101
292128
292279
292312
292410
292455
292904
293169
293444
293602
293646
293717
293728
293736
294343
294403
294410
294446
295007
295669
295693
295716
295752
295820
295925
296034
296080
296222
296741
296802
296811
296939
296978
297040
297121
297739
297866
297901
297953
298053
298484
298590
298694
298949
298965
299070
299342
299397
299482
299524
299576
299996
300057
300167
300318
300344
300374
301124
301426
301556
302233
302263
302689
302757
302793
302904
303372
303405
303771
303845
304180
304500
304523
304595
304728
304991
305568
305813
305880
305960
305985
306607
306611
306798
307128
307889
308218
308251
308266
308330
308358
308432
308527
308711
308755
308921
308941
309495
309670
309835
310111
310139
310241
310477
310849
310988
311398
311426
311546
311551
311586
311722
311827
311928
312018
312138
312291
312378
312748
312877
313223
313297
313514
313608
313772
314053
314382
314566
314919
315025
315098
315218
315494
315561
315753
316037
316238
316322
316457
316490
316568
316651
316766
316769
316781
316830
316981
317049
317065
317249
317497
317604
317996
318078
318827
318847
318977
319043
319116
319454
319526
319735
319815
320245
320481
320554
320973
321151
321177
321283
321620
321693
321915
321975
322054
322199
322287
322370
322429
322691
323067
323156
323386
323499
323614
323655
323793
323931
324246
324299
324399
324616
324736
325325
325508
325862
326355
326793
327251
327353
327517
327608
327626
327959
328198
328600
328727
329035
329230
329447
329540
329560
329635
329639
329744
329750
329834
329840
329843
330060
330263
330313
330442
330503
330685
330732
330808
330826
331057
331176
331357
331417
331595
331598
331894
331895
332025
332193
332625
332707
332826
332826
333086
333223
333319
333764
333821
333919
334282
334400
334669
334879
334899
335179
335267
335378
335451
335584
335662
335744
335913
335982
336068
336302
336362
336657
336773
336781
336808
336930
337034
337203
337224
337342
337409
337470
337567
337590
337633
337788
338015
338022
338576
339107
339324
339449
339714
339963
340039
340093
340332
340406
340814
340912
341171
341192
341256
341414
341494
341583
341649
341763
341897
342030
342298
342502
342604
342663
342822
342985
343187
343272
343417
343493
343510
343626
343702
343724
343788
343844
343943
344046
344223
344357
344365
344397
344519
344537
344841
344934
345318
345483
345534
345677
345682
345735
346082
346166
346194
346301
346336
346439
346472
346606
346621
346877
346961
347114
347326
347363
347431
348012
348016
348163
348383
348418
348426
348466
348474
348543
349148
349684
349824
350157
350491
350565
350810
350875
350928
351207
351310
351589
351618
351786
352034
352325
352578
352850
352926
352966
353562
353569
353694
353729
353788
353865
353950
354306
354701
354911
355301
355324
355846
355875
356094
356220
356335
356357
356781
356872
356874
356984
357393
357419
357614
358079
358098
358123
358184
358258
358316
358360
358556
358602
358622
358778
358817
358817
359432
359792
360071
360145
360326
360435
360708
360890
361056
361326
361551
361570
361628
362022
362075
362259
362402
362441
362828
362958
363217
363361
363370
363400
364063
364063
364090
364474
364622
364830
364926
365171
365363
365486
365640
365699
365798
365810
365883
365905
365962
366751
366948
367510
367696
367789
368011
368023
368277
368415
368534
368796
368882
368897
369064
369110
369144
369323
369651
369749
370229
370487
370497
370581
370699
370862
370866
370936
371101
371367
371449
371835
371910
372016
372110
372111
372175
372276
372317
372492
372968
373333
373462
373868
374046
374065
374119
374256
374330
374436
374560
374849
374939
374992
375012
375049
375166
375429
376027
376117
376177
376253
376260
376371
376497
377063
377216
377301
377435
377686
377722
377773
377829
377889
377914
377944
378108
378157
378226
378295
378521
378640
378712
378866
379150
379221
379232
379408
379672
379780
379837
379850
379940
380798
380837
380857
381018
381384
381420
381744
381765
381838
381954
382050
382070
382091
382197
382301
382382
382456
382716
382924
382976
383229
383343
383362
383760
383900
383962
383975
384326
384342
384437
384490
384518
384725
384917
384975
385399
386265
386383
386482
386726
387451
387474
387481
387627
387751
387755
388008
388336
388661
388728
388810
389014
389023
389031
389224
389701
389896
390021
390094
390354
390433
390569
391354
391393
391715
391761
391915
392174
392344
392364
392383
392600
392665
392938
393652
393901
394024
394058
394110
394527
394788
394925
395596
395916
396187
396289
396691
396806
396973
397089
397305
397545
397677
397921
398030
398112
398170
398300
398398
398471
398942
398964
399275
399301
399717
399835
399986
400030
400678
400731
401036
401179
401199
401658
402145
402364
402365
402435
402639
402644
402663
403007
403026
403509
403591
403715
403831
404134
404141
404175
404468
404931
405271
405279
405488
405559
405741
405766
405774
405911
406007
406133
406231
406519
406549
406688
406794
407002
407133
407261
407286
407307
407438
407530
407585
407639
407938
408330
408494
408499
408795
409040
409382
409541
409568
409610
409834
410388
410528
410629
410683
410919
411030
411163
411847
411914
412067
412159
412236
412421
412434
412571
412795
413089
413161
413852
414288
414418
414601
414613
414664
414673
414986
415268
415338
415393
415737
415739
416210
416702
416728
416902
417021
417086
417114
417237
417238
417836
418055
418269
418318
418641
418802
418874
418894
418956
419667
419672
420522
420523
421091
421270
421296
421662
421811
421899
422038
422285
422463
422492
422654
422808
422834
422858
422986
422993
423376
423452
423541
423778
423814
423850
423972
424012
424047
424264
424438
424824
424904
424979
425259
425402
425416
425652
425746
425787
426108
426417
426885
426905
426987
427031
427067
427431
427906
428156
428245
428427
428756
429064
429316
429422
429873
430061
430427
430596
430659
430693
430835
430844
431170
431409
431515
431622
431813
432155
432604
432699
432705
432960
433299
433370
433506
433573
433903
434002
434162
434663
435685
435813
436158
436259
436259
436323
436496
436710
436973
437116
437294
437583
437687
437872
437911
437934
438750
438901
439096
439109
439252
439598
439632
439637
439734
439798
439914
439993
440026
440235
440320
440582
440751
441310
441343
441348
441514
441808
441859
441975
441980
442056
442671
442689
443170
443369
443480
443696
444088
444140
444734
444787
444800
445004
445102
445638
445663
445677
446079
446223
446299
446455
446623
446728
446766
446796
446967
447047
447067
447236
447256
447356
447421
447492
447541
447542
447855
447983
447997
448212
448431
448437
448657
448685
448769
448836
448880
448882
449346
449696
449717
449780
449932
450134
450247
450377
450393
450826
451030
451035
451196
451406
451927
452044
452324
452360
452381
452432
452727
452837
452997
453004
453025
453422
453993
454177
454226
454374
454650
455133
455241
455618
455663
455711
455746
455759
455841
455981
456247
456272
456537
456670
456724
456825
457101
457241
457322
457406
457587
458255
458394
458430
458680
458852
458880
458981
459302
459334
459382
459460
459563
459605
460161
460185
460503
460766
460886
461206
461424
461660
462423
462676
462737
462813
462953
463328
463403
463439
463550
463657
463856
464035
464141
464149
464198
464238
464593
464593
464694
464720
464908
465055
465267
465528
465605
466262
466291
466396
466413
467039
467102
467156
467343
467363
467405
468260
468268
468334
468386
468459
468530
468626
469068
469807
469919
470008
470365
470392
470526
470944
470948
471150
471154
471672
471955
472009
472179
472233
472253
472331
472705
473012
473110
473549
473634
474567
474853
475071
475219
475241
475243
475347
475688
475691
475732
475850
475977
475997
476920
476956
477080
477167
477177
477216
477400
477644
477820
478124
478344
478531
479038
479090
479249
479483
479968
480310
480405
480553
480609
480742
480791
480797
481158
481222
481603
481883
481966
482066
482165
482198
482219
482436
482707
482801
482859
483038
483158
483237
483321
483367
483634
483798
483826
484301
484321
484475
484534
484884
485318
485341
485485
485782
485889
485916
486053
486124
486151
486187
486236
486467
486784
486799
487325
487488
487972
488073
488185
488193
488326
488740
489205
489371
489460
489561
489625
490038
490050
490224
490505
490526
490802
490992
491162
491177
491199
491230
491335
491717
492117
492123
492129
492430
492574
492719
492732
492856
492869
492978
493019
493400
493473
493489
493576
494212
494231
494283
494357
494376
494660
494797
494845
494877
494925
495015
495398
495516
495702
496252
496529
496703
496719
496803
496890
497047
497329
497371
497656
497712
497886
498389
498400
498579
498805
498834
498968
499328
499630
499699
500000
500013
500173
500233
500243
500797
500805
500849
501472
501569
501605
501657
501677
501850
502445
502495
502507
502530
502612
502744
502845
503055
503151
503235
503750
503869
503874
504279
504314
504354
504681
504725
505458
505481
505617
505620
505638
505750
506091
506210
506284
506287
506415
506467
506639
506743
506877
506892
507249
507312
507564
507565
507865
507878
507997
508178
508207
508291
508336
508513
508562
508771
508951
509014
509347
509398
509399
509412
509436
509613
509760
510006
510249
510371
510466
510566
510934
511132
511208
511213
511251
511397
511588
511595
511807
511845
511922
511996
512241
512362
512385
512466
512538
512745
512745
513134
513136
513453
513461
513496
513515
513547
513664
513768
513791
514022
514082
514226
514297
514321
514532
514715
514738
514864
514993
515156
515178
515297
515335
515356
515606
515651
515824
515899
515926
516256
516312
516711
516918
517155
517250
517626
518478
518715
518744
518779
518935
519147
519189
519227
519257
519260
519347
519663
519917
520501
520590
520843
521214
521356
521688
521729
521760
521808
521833
521987
522105
522196
522488
522547
522740
522890
522963
522967
523034
523102
523566
523717
523814
523859
524086
524189
524415
524835
525328
525340
525349
525571
525933
526023
526151
526156
526175
526191
526259
526502
526633
526652
526960
527685
528139
528520
529152
529220
529295
529353
529576
529670
529769
529848
529900
530207
530276
530327
530342
530624
530940
531089
531581
531690
531763
531933
532051
532396
532425
532622
532646
532670
532985
533084
533219
533330
533774
534021
534078
534099
534350
534372
534606
534633
534760
534973
535038
535282
535351
535425
535484
535642
536575
536633
537195
537255
537788
538172
538272
538283
538313
538486
538489
538497
538673
539139
539319
539606
540140
540273
540420
541568
541715
541796
541843
541859
541946
542145
542337
542423
542584
542699
542915
542982
543475
543781
543848
543964
544432
544502
544668
544833
544993
545023
545050
545118
545182
545376
545450
545678
545950
546014
546928
546930
547164
547408
547815
548640
548830
548935
549478
549701
550087
550094
550134
550144
550351
550535
550606
550622
550714
550800
551363
551455
551824
552314
552434
552466
552473
552628
552654
552871
553255
553773
553786
553861
553883
554402
554422
554541
554551
554664
554687
554759
554797
555172
555209
555248
555304
555590
556048
556393
556555
557371
557472
557706
557883
558142
558401
558661
558688
559363
559364
559633
559728
559792
559822
560520
560761
560837
561023
561124
561128
561527
561635
561691
561804
561963
562059
562091
562196
562302
562381
562390
562552
562593
562651
562670
562895
562973
562979
563054
563264
563578
563982
563998
564313
564478
564517
564540
564758
564985
565278
565368
565693
566069
566138
566284
566477
566588
567081
567092
567327
567364
567477
567593
567612
568185
568466
568557
568752
569029
569092
569103
569291
569735
569740
569890
569928
570104
570351
570602
570664
570793
570925
571199
571367
571621
571731
571776
571846
572289
572325
572622
572831
572862
572871
572927
573102
573108
573135
573265
573478
573644
574105
574303
574325
574708
574710
574864
575117
575131
575170
575331
575341
575416
575443
575704
575750
575866
576352
576673
576697
576787
576790
576823
577112
577377
577380
578001
578113
578536
578557
578564
578566
578958
579216
579251
579252
579563
579770
579846
579941
580094
580286
580963
581661
581667
581775
582038
582068
582092
582254
582276
582337
582567
582697
582706
582867
583291
583349
583440
583867
583980
583984
584055
584325
584462
584738
584905
585019
585069
585142
585564
585909
586033
587003
587051
587109
587359
587508
587546
588003
588387
588718
588776
589000
589163
589195
589259
589453
589815
590012
590144
590186
590304
590410
590419
590657
591021
591136
591266
591475
591612
591659
591958
592606
592633
593417
593861
594154
594373
594528
594581
594770
594821
595019
595503
595549
595567
595716
595901
596144
596343
596405
596715
596887
596929
597674
597996
598647
598723
598776
598803
598804
598957
599061
599113
599291
599631
599660
599736
599939
600209
600258
600275
600364
600496
600713
600900
601253
601281
601314
601565
602405
602868
603060
603190
603426
603469
603518
603634
603651
603741
603940
604155
604219
604258
604480
604861
604882
605453
605751
606117
606131
606175
606685
606901
607190
607217
607299
607622
607777
607861
607926
608002
608092
608102
608147
608260
608347
608542
608577
608808
609496
609597
609816
609936
609953
610005
610110
610121
610186
610333
610411
610583
610673
610712
610726
611059
611230
611346
611367
611398
611679
611791
611918
612548
612614
612708
612994
613144
613609
613819
613822
613957
613999
614107
614205
614273
614411
614649
614883
615130
615139
615223
615427
615700
615911
616364
616647
616812
616825
616897
616919
617260
617385
618217
618413
618438
618457
618641
619019
619182
619302
619325
619390
619593
619652
619670
620321
620335
620409
620629
620665
620673
620837
620963
621020
621174
621201
621267
621487
621635
621796
621827
621920
622143
622225
622368
622435
622617
622620
622744
623404
623543
623608
623640
623673
623686
623896
623978
624089
624168
624253
624289
624408
624566
624583
624897
625088
625127
625184
625592
625658
625962
625995
626200
626269
626366
626501
626779
627064
627203
627668
627753
627796
627829
628159
628224
628318
628430
628596
628600
628735
628759
629529
629672
630198
630396
630452
630802
631063
631148
632002
632203
632266
632439
632567
632590
632677
632757
632956
632975
633012
633154
633299
633351
634103
634234
634283
634590
634739
634827
635131
635237
635498
635819
635842
635887
636060
636168
636313
636629
636801
636842
636942
636951
637074
637103
637173
637393
637564
637706
637784
637947
638127
638436
638442
638535
638567
638661
639147
639705
639809
639852
639993
640017
640101
640373
640527
640596
640701
640732
640918
641096
641361
641414
642198
642744
642763
643401
643778
643789
643974
644309
644430
644631
644828
644981
645031
645299
645357
645430
645514
645676
645714
645794
646206
646429
646627
646882
646886
646945
647419
647672
647920
648200
648219
648534
648876
648934
649016
649017
649049
649292
649380
649436
649562
649596
649732
649811
650039
650702
650876
650885
650914
650966
651405
651419
651798
651808
651894
652078
652332
652537
652819
652884
652923
653019
653110
653214
653297
653646
653690
653892
654025
654206
654445
654495
654575
654667
654857
654861
654908
655257
655288
655435
655575
655752
655974
656020
656108
656380
657063
657357
657395
657405
657619
657931
658215
659036
659083
659766
660083
660094
660259
660276
660283
660372
660734
660787
660970
661329
661340
662338
662601
662639
662649
662853
662928
662953
663048
663171
663219
663286
663467
663486
663706
663811
663886
664089
664107
664132
664164
664511
665069
665129
665131
665180
665311
665499
665923
666376
666506
667013
667458
667496
667716
667842
668176
668183
668491
668592
668621
668693
668953
669205
669592
669619
669624
669684
669745
669915
669984
670052
670071
670097
670142
670203
670429
670616
670649
670801
671065
671303
671382
671747
672014
672040
672049
672121
672417
672683
672914
672964
673084
673285
673391
673495
673525
673760
673865
674136
674879
675270
675348
675660
676022
676085
676086
676496
677031
677122
677172
677340
677554
677635
677763
677768
677771
677901
677945
678278
678427
678847
679004
679029
679086
679145
679300
680106
680221
680234
680595
680632
680804
680832
680899
680941
680974
681106
681318
681474
681779
681800
682019
682224
682397
682518
682524
682650
682663
682765
682768
682785
682848
683049
683248
683346
683494
683663
683673
683866
683892
683953
684038
684216
684257
684511
684754
685847
687182
687665
687921
687938
687991
688168
688202
688261
688273
688353
688419
688488
688674
689467
689577
689671
689772
689810
689997
690097
690176
690466
690527
690569
690624
690848
691087
691211
691360
691506
691587
691680
692014
692076
692127
692145
692215
692340
692418
692553
692574
692590
692668
692956
693268
693520
693603
693681
693686
694266
694405
694497
694519
694653
694666
694871
695014
695108
695124
695323
695603
695714
695829
696053
696144
696241
696245
696314
696578
696642
696650
696967
697255
697407
697544
697621
697649
697694
697926
697936
698243
698416
698499
698606
698940
699062
699085
699126
699202
699692
700328
700367
700498
700784
700931
701014
701057
701508
701513
702062
702080
702258
702311
702354
702655
702702
702722
702725
702872
702915
703118
703475
703823
703920
704090
704548
704729
704770
704782
704870
704993
705134
705473
706358
706642
707121
707133
707179
707283
707327
707821
708319
708363
708468
708736
708794
708833
708847
708879
708963
709035
709227
709380
709480
709571
709642
709720
709775
709828
710019
710076
710607
710754
710778
711082
711334
711511
711551
711916
711971
711999
712027
712100
712217
712759
712963
713109
713116
713134
713375
713507
713984
714051
714124
715260
715363
716485
716871
717116
717185
717386
717504
717909
718104
718162
718493
718985
719413
719593
719741
719897
720021
720488
720495
720610
720661
720661
720670
720682
721215
721608
721624
721627
721825
721998
722316
722358
722625
722672
722704
722754
722874
722980
723100
723111
723213
723218
723338
723362
723400
723873
723946
723952
723971
724202
724392
724433
724637
724738
724941
725271
725279
725304
725550
725715
725755
725864
726012
726170
726199
726315
726327
726471
726522
726524
727060
727233
727417
727555
727686
727784
728135
728383
728466
728703
728725
728964
729277
729280
729399
729618
729640
729939
729959
730061
730189
730214
730480
730491
730522
730584
730703
730755
730806
731550
731986
732250
732317
732808
732972
732994
733303
733416
733574
733827
734112
734157
734221
734259
734669
734717
734941
735817
735862
735919
736087
736299
736525
736577
736652
736754
736921
736926
736932
736939
737213
738017
738403
738473
738743
739074
739079
739668
739708
739742
739873
740004
740019
740095
740172
740305
740587
740899
740934
741014
741250
741362
741373
741450
741622
741642
741678
741992
742742
742848
742932
743029
743031
743160
743215
743271
743392
743467
743835
743898
744111
744297
744483
744768
744936
745007
745094
745159
745165
745221
745320
745949
745976
746003
746182
746273
746430
746491
747628
747802
747839
747985
748187
748211
748595
748735
748806
748888
748945
748951
749147
749455
749506
749609
749817
750093
750119
750417
750648
751110
751197
751265
751269
751602
751695
751722
751785
751791
751875
751945
752094
752156
752202
752299
752312
752359
752381
752461
752639
752883
752947
752955
753010
753128
753244
753288
753552
753893
754016
754307
754486
754707
754884
755079
755129
755133
755299
755715
755747
756115
756294
756438
756576
756704
756795
757127
757135
757151
757591
757736
757752
757836
757859
758107
758155
758765
758790
758829
758998
759124
759238
759416
759769
759861
760006
760202
760385
760789
760898
761136
761151
761238
761288
761335
761415
761753
761839
761905
762179
762198
762361
762554
762597
762608
762792
762836
762957
763151
763254
763302
763529
763934
763963
764104
764113
764289
764346
764405
764525
764660
764676
765092
765174
765228
765459
765690
765969
766117
766133
766677
766803
766917
767066
767145
767295
767519
767816
767851
767982
768063
768086
768262
768341
768837
768942
769043
769099
769254
769372
769486
769507
769546
769564
769598
769754
769826
769934
769978
770123
770812
770997
771202
771378
771616
771650
771856
771856
771909
771930
772327
772638
772716
772761
773172
773483
773528
773750
773765
773945
774043
774186
774247
774256
774325
774373
774516
774635
774759
774800
775125
775385
775794
775917
775995
776002
776089
776378
776553
776630
776641
776777
777025
777277
777312
777497
777568
777782
778024
778158
778373
778465
778499
778656
778944
779009
779044
779254
779381
779632
779684
779812
779851
779934
780103
780719
780793
781128
781188
781423
781604
782262
782336
783201
783387
783453
783481
783612
783765
783786
783801
783891
784098
784565
784841
784913
785140
785423
785529
785926
786043
786171
786198
786281
786288
786711
787224
787311
787371
787412
787537
787850
787910
788041
788091
788192
788289
788303
788410
788423
788512
788524
788692
788698
788730
788777
789112
789765
789791
790265
790365
790456
790648
790962
791091
791356
791376
791448
791513
791808
791882
792605
793064
793902
794004
794152
794194
794312
794512
794831
794903
794925
795340
795462
795607
795680
795950
796271
796390
796393
796528
796545
796588
796648
796658
796887
797517
798257
798281
798602
798915
799000
799049
799385
799497
799711
799724
799755
799795
799879
799917
800015
800264
800288
800389
800583
800720
800778
800792
800825
800920
801125
801183
801188
801344
801545
801740
802007
802014
802015
802109
802568
802819
803117
803278
803407
803417
803754
804373
804557
804634
804672
804824
804828
804960
805063
805274
805466
805711
805752
805857
805950
806076
806148
806264
806551
806840
807268
807374
807841
807876
807906
807961
807994
807996
808216
808449
808782
809184
809202
809487
809544
809627
809635
809674
809851
809858
810099
810124
810481
810491
810580
810659
810901
811139
811140
811284
811589
811638
811658
811744
811878
811898
812009
812380
812562
812648
812782
812856
812867
813377
813395
813607
813658
813757
813827
813921
814430
814486
814519
815062
815166
815408
815544
815555
816478
816514
816526
816746
816789
816840
816983
816999
817000
817214
817242
817475
817749
817773
817927
818283
818331
818424
818945
819233
819342
819485
819563
819648
819743
819782
819824
819833
819990
820498
820516
820604
820979
821024
821096
821304
821359
821367
821406
821475
821506
821647
821656
821863
822074
822280
822337
822476
823299
823350
823507
823520
823538
823546
823719
824062
824071
824190
824213
824299
824885
824893
825002
825391
825556
826188
826225
826271
826442
826873
826920
826994
827391
827666
827856
828114
828257
828501
828698
828905
829085
829331
830166
830356
830357
830867
830894
831349
831402
831641
831657
831706
831780
831844
832124
832287
832506
832685
832936
833039
833131
833133
833218
833270
833308
833483
833554
833570
833688
833766
834017
834041
834109
834212
834449
834734
834786
835272
835497
835554
835996
836161
836198
836385
836387
836407
836518
836723
836901
837291
837306
837356
837407
837470
837557
837702
837886
837945
837995
838326
838365
838499
839070
839261
839309
839685
840230
840314
840388
840397
840746
841180
841733
841750
841760
841802
841804
841895
841924
841983
842300
842359
842515
842610
842851
842934
843178
843304
843495
843687
843740
843834
844110
844202
844289
844450
844514
845182
845472
846472
846736
846768
846950
847028
847129
847173
847216
847525
847552
847780
847829
848062
848064
848141
848360
848366
848378
848768
849366
849386
849524
849591
850064
850095
850146
850301
850377
850514
850812
851195
851239
851259
851482
851615
851672
851681
852088
852360
852658
852731
853130
853139
853206
853376
853714
853871
853887
853987
854000
854007
854170
854196
854797
854817
855089
855320
855634
855800
855982
856197
856202
856223
856438
856517
856610
856765
856843
857252
857408
857766
857844
857866
857903
858167
858266
858323
858419
858586
859261
859360
859424
859663
859773
860174
860221
860476
860642
860698
860712
861107
861146
861369
861373
861410
861633
861694
861741
861801
861919
861946
862314
862386
862695
862753
863016
863151
863283
863524
863538
863560
863904
864426
864462
864743
864798
864888
865222
865398
865404
865423
865448
865790
865834
865858
865929
866115
866197
866231
866315
866368
866871
867618
867788
868039
868277
868464
868604
869004
869090
869488
869611
869769
869917
869955
870281
870309
870385
871134
871189
871245
871371
871376
871899
871971
872033
872127
872247
872518
872546
872618
872768
872820
872833
872850
873211
873374
873470
873509
873590
873766
874032
874177
874356
874472
874864
875104
875259
875353
875390
875523
875643
875791
876043
876120
876158
876217
876334
876400
876515
876576
876797
877260
877279
877282
877294
877295
877430
877666
878248
878356
878630
878966
879264
879444
879610
879650
879674
879947
879953
880318
880480
880710
880780
881094
882045
882201
882288
882538
882626
882750
882796
883008
883086
883232
883241
883552
883556
883594
883722
883743
883763
884007
884132
884172
884222
884223
884333
884448
884488
884500
884564
885075
885129
885187
885328
885401
885751
885942
886016
886258
886335
886376
886542
886562
886597
886726
887307
887587
887926
888220
888570
888811
888844
888912
889004
889031
889052
889279
889479
889745
890271
890397
890425
890681
890771
891210
891445
891937
891938
892137
892302
892410
892473
892575
893451
894140
894303
894459
894465
894531
894621
894678
894975
895205
895290
895344
895499
895542
895794
895983
896034
896087
896128
896262
896379
896402
896492
896840
896870
896966
897176
897828
898056
898114
898228
898582
898653
898668
898673
898714
898811
898846
899130
899267
899295
899325
899367
899482
899518
899542
899700
899773
899998
900089
900211
900551
900566
900768
901050
901087
901120
901178
901434
901448
901552
901631
902059
902282
903012
903131
903260
903326
903350
903356
903401
904059
904245
904259
904329
904596
904896
904944
905122
905937
906070
906081
906177
906714
906761
906786
907588
908075
908424
908508
908813
909586
909617
909773
910037
910194
910278
910579
910597
910627
910667
910916
911036
911047
911065
911094
911291
911483
912137
912715
912785
912837
912873
913009
913042
913082
913310
913404
913535
913549
913564
913704
914015
914517
914550
915266
915395
915553
916222
916239
916446
916805
917086
917547
917549
917603
918183
918428
918436
918752
918937
918950
919291
919291
919501
919694
919730
919825
919879
919935
920134
920431
920459
920680
920687
921262
921334
921382
921455
921621
921630
921635
921650
921807
921812
921873
922069
922110
922424
922547
922585
922775
922918
923068
923287
923302
923358
923369
923401
923429
923723
923796
923807
923858
924232
924480
924485
924494
924564
925128
925141
925706
925712
925847
925997
926016
926168
926460
926467
926526
926933
927011
927082
927122
927136
927165
927170
927228
927287
927580
927631
927738
927957
928023
928104
928271
928484
928652
928656
928975
929211
929600
929704
929779
929943
930015
930101
930568
930632
930854
931030
931314
931482
931615
932124
932180
932241
932294
932365
932389
932624
932672
932740
932824
932873
932949
933044
933227
933283
933292
933320
933411
933503
933567
933583
933659
933875
933910
933961
934067
934184
934386
934543
934561
934713
935078
935393
936181
936207
936492
936525
936601
936629
936651
936791
936840
937350
937452
937477
937731
938035
938292
938560
938608
938625
938710
938782
938824
939004
939052
939278
939293
939480
939487
939491
939507
939669
939933
940005
940110
940266
940678
940695
941361
941391
941808
942220
942441
942469
942500
942861
943043
943067
943152
943520
943608
943730
943735
943769
943870
944301
944348
944885
945100
945118
945273
945294
945491
945712
945798
945847
945862
946029
946365
946382
946449
946491
946561
946612
946623
946636
946685
946776
947319
947404
947802
947913
948002
948015
948195
948609
948616
948954
949193
949391
949590
949666
950046
950122
950355
950890
951302
951575
951588
951602
952091
952174
952268
952500
952507
952619
952826
952854
952948
952979
953015
953214
953339
953526
953534
953612
953875
954080
954166
954167
954299
954617
954705
954792
954812
954868
955596
955659
955829
955896
956358
956459
956525
956841
956921
957274
957450
957844
957852
957944
957990
958174
958216
958429
958548
958559
958721
958998
959268
959272
959364
959761
960136
960310
960722
961164
961210
961299
961447
961840
961887
962036
962449
962577
962810
962813
963265
963394
963458
963462
963692
963720
964174
964377
964536
964616
964639
964649
965272
965377
965396
965506
965649
965762
965857
965966
965981
966124
966170
966216
966264
966317
966327
966369
966652
966885
966924
966928
967139
967439
967748
967945
968307
968509
968586
968651
968753
968898
969245
969398
969512
969559
969985
970412
970617
970693
970898
970981
970985
971131
971731
971756
971975
972133
972141
972374
972850
972988
973507
973750
973802
973993
974215
974244
974372
974419
974574
974636
974644
974668
974896
975028
975320
975328
975360
975531
975533
975636
975825
976179
976394
976480
976510
976585
976815
976887
976910
976986
977087
977147
977183
977370
977499
978240
978352
978594
978702
978810
978858
978889
978979
979201
979449
979625
979930
980148
980694
981277
981580
981930
982037
982494
982675
982855
982938
983064
983145
983156
983332
983343
983409
983568
983820
984121
984287
984382
984501
984519
984609
984646
984696
984798
984848
984975
985136
985276
985362
985416
985423
985813
986425
986426
986788
986821
987013
987079
987333
987709
987717
988136
988488
988559
988603
988739
988902
989227
989386
989831
989836
989962
989973
989987
990056
990076
990149
990254
990611
991369
992069
992219
992268
992574
992728
992750
992752
992759
993270
993334
993425
993501
994096
994124
994131
994350
994501
995080
995490
995495
995622
995663
995856
996053
996396
996594
996707
996766
997200
997258
997494
997511
997511
997560
997726
997993
998293
998367
998697
998965
999163
999424
999583
