111
330
875
1017
1084
1146
1411
1627
1744
1766
2190
2254
2584
2716
2841
3581
3596
3947
4502
4571
4714
4717
4988
5022
5262
5331
5360
5383
5537
5691
6252
6433
6580
6639
6692
7084
7134
7159
7559
7738
7972
8239
8241
8339
8569
8654
8823
8997
9155
9669
9998
10226
10233
10286
10425
10459
10677
10680
10735
11196
11438
11542
11958
12198
12451
12646
12758
12807
12929
13011
13034
13199
13216
13288
13431
13495
13650
13670
13697
13836
14245
14507
14585
15001
15026
15178
15227
15334
15716
15750
15876
16336
16511
16662
17038
17159
17400
17514
17541
17593
17728
17914
18129
18149
18239
18278
18589
18624
18671
18693
18860
18969
18999
19446
19993
20750
20985
21113
21683
21825
22103
22220
22394
22510
22511
22711
22841
23046
23173
23258
23431
23458
23876
23887
23922
23985
24088
24223
24559
24597
24642
24709
24774
24807
24970
25381
25626
25708
25746
26103
26147
26159
26239
26533
27116
27203
27212
27234
27447
27504
27620
27753
27784
27939
28017
28040
28308
28309
28472
28495
28550
28565
28681
28807
29179
29279
29502
29821
29837
29927
30312
30448
30460
30606
30623
30680
30961
30963
30974
31102
31459
31584
31725
31824
31882
31921
32014
32186
32297
32806
32976
33289
33361
33514
33856
34271
34395
35174
35195
35318
35422
35718
35795
35878
35984
36030
36166
36199
36263
36532
36650
36897
36905
37076
37137
37146
37167
37355
37433
37642
38213
38222
38244
38671
38673
38721
39129
39908
39930
39943
40114
40225
40287
40514
40612
40676
40799
40940
41000
41040
41095
41590
41621
41907
41936
41954
42098
42169
42425
42426
42458
42488
42591
42620
42808
42866
42932
42941
42946
42961
43088
43213
43814
43838
43984
44483
44974
45037
45063
45292
45395
45441
45538
45984
46142
46355
46429
46867
46949
47030
47181
47801
47845
47989
48088
48363
48872
48916
49087
49168
49414
49462
50076
50463
50535
50658
50676
50754
50828
51041
51406
51538
51550
51763
52423
52493
52644
52651
52790
53044
53236
53502
53614
53676
53757
53839
53869
54022
54325
54338
54423
54436
54642
54650
54685
54765
54964
55018
55044
55227
55317
55559
55665
56092
56096
56256
56380
56462
56576
56701
56795
56971
57092
57288
57302
57499
57682
57783
57874
57992
58207
58261
58438
58551
58757
58925
59106
59532
59995
60110
60124
60233
60247
60291
60345
60507
60518
60549
60565
60566
60581
60811
60954
61195
61218
61308
61386
61634
61739
61930
61991
62019
62127
62168
62328
62434
62540
62776
62911
62922
63023
63062
63764
63783
63902
64167
64389
64984
65227
65244
65369
65603
65627
65667
65760
65803
65922
66481
66617
66660
66670
67057
67347
67399
67470
67555
67761
67869
67874
68108
68117
68129
68150
68231
68503
68716
68813
68828
68859
68865
68900
69061
69237
69271
69294
69612
69641
69791
69866
70068
70284
70299
70326
70338
70584
70934
71121
71264
71290
71522
71649
71706
71892
71958
72073
72101
72141
72159
72216
72271
72309
72592
72742
73189
73259
73283
73540
73661
73736
73742
73771
73791
73819
73999
74204
74262
74838
74878
74934
74947
75001
75050
75390
75839
76135
76184
76218
76222
76224
76302
76421
76577
76746
76798
77050
77100
77439
77540
77729
77776
77838
77964
78068
78121
78166
78281
78448
78616
78824
79186
79432
79478
79609
79661
80094
80477
80569
80595
80643
81140
81232
81237
81733
81948
81999
82008
82039
82303
82429
82665
83087
83511
83551
83701
83829
84424
84442
84495
84507
84540
84556
84689
84809
84903
84945
84967
85209
85279
85515
86409
86445
86783
87011
87212
87249
87420
87445
87667
87853
87898
88286
88372
88415
88577
88725
88747
88954
88984
89042
89265
89531
89865
89890
89967
90125
90506
90512
90724
90786
90849
90969
90991
91005
91066
91077
91178
91238
91247
91256
91358
91564
91744
91772
91966
92084
92436
92438
92576
92679
92705
92747
92804
93169
93283
93516
93594
93628
93702
93797
93846
93872
93922
94099
94117
94121
94140
94289
94415
94441
94491
94581
94680
94688
94829
94897
95163
95167
95174
95339
95380
95723
95921
96306
96381
96810
96812
96847
97078
97101
97167
97525
97566
97587
97705
97972
98365
98399
98705
99099
99163
99293
99453
99886
99925
99934
100024
100157
100242
100450
100599
100717
100813
100927
100932
101216
101281
101310
102126
102169
102190
102229
102377
102552
102780
103017
103165
103246
103338
103434
103560
103933
104526
104745
104906
105056
105468
105629
105657
105799
106030
106088
106285
106400
106408
106490
106522
106632
106848
106900
106915
107043
107102
107120
107300
107341
107396
107469
107769
107770
107964
108056
108098
108213
108730
108766
108821
109418
109508
109691
109739
109754
109885
110014
110078
110161
110255
110413
110848
111243
111500
111585
111813
111908
111998
112176
112237
112466
112469
112507
112674
112979
113015
113048
113058
113061
113204
113299
113341
113453
113463
113473
113845
113969
114227
114426
114446
114461
114531
114791
114971
115432
115451
115557
115589
115796
115807
115810
116002
116468
116878
116896
116936
116947
117057
117231
117265
117282
117406
117451
117581
117609
117775
117865
118065
118069
118080
118318
118500
118758
119192
119333
119340
119408
119527
119682
119705
119877
119986
120013
120015
120174
120200
120262
120264
120498
120500
120510
120619
120685
120853
120922
120992
121417
121478
121667
121929
122012
122024
122110
122470
122612
122633
122671
122789
122831
122864
123025
123344
123414
123439
123510
123520
123837
123980
124095
124148
124457
124696
125123
125349
125485
125653
125970
126044
126348
126353
126564
126580
126923
126941
127044
127554
127595
127635
127771
127789
127945
127959
128050
128287
128313
128409
128428
128869
128902
128933
128949
129081
129253
129752
130173
130235
130310
130419
130539
130584
130692
130832
131089
131090
131644
132216
132537
132553
132658
132894
133194
133307
133391
133657
133668
133676
134104
134204
134426
134529
134860
134868
134961
135073
135234
135309
135682
135757
135943
136213
136356
136546
136618
136809
136824
136911
136934
137033
137212
137295
137708
138092
138249
138355
138489
138811
139107
139488
139808
139814
139868
139990
140139
140160
140172
140240
140334
140513
140576
140579
140705
140805
140979
141282
141470
141780
141785
141852
142033
142381
142488
142558
142679
142858
142860
142960
143056
143224
143526
143710
143766
143881
143905
144049
144117
144360
144506
144636
144657
144713
144821
145002
145104
145154
145242
145428
145689
145771
146357
146408
146574
146686
146997
147304
147663
147903
147965
148050
148072
148313
148578
148644
148787
148816
148833
148839
148907
149114
149142
149478
149519
149932
150148
150173
150238
150278
150556
150615
150642
150693
150698
151195
151475
151615
151771
151836
152073
152165
152549
153143
153161
153281
153282
153430
153614
154251
154411
154538
154735
154805
154832
154848
155119
155131
155262
155280
155360
155373
155402
155875
155904
156084
156385
156483
156601
156738
156929
157028
157363
157498
157684
158044
158075
158131
158308
158324
158343
158436
158694
158699
159049
159319
159338
159786
159852
160163
160392
160405
160474
160608
160737
160828
160994
161080
161393
161680
162130
162131
162216
162364
162418
162639
162845
162948
163040
163313
163497
163804
163820
164099
164106
164177
164470
164939
164952
165013
165115
165188
165367
165467
165643
165644
165744
165908
165914
166247
166355
166841
166879
166928
166973
167309
167544
167847
168118
168210
168385
168458
168707
168709
168797
168977
169087
169201
169655
169769
169869
169975
170182
170359
170593
170601
170722
170730
170732
170740
170818
170957
171108
171114
171311
171450
171565
171649
171676
171685
171841
171922
172013
172241
172265
172374
172469
172648
172783
173017
173028
173123
173414
173557
173668
173800
173850
173887
174069
174152
174245
174259
174280
174395
174951
174977
175007
175252
175283
175343
175526
175700
175997
176082
176094
176283
176324
176336
176397
176447
176524
176684
176755
176788
177172
177213
177394
177537
177729
177927
177990
178044
178234
178368
178416
178471
178498
178568
178919
179280
179355
179575
179616
179671
179743
179778
179962
180010
180037
180162
180352
180391
180475
180565
180569
180619
180784
180796
180818
180978
181026
181109
181228
181276
181681
181831
181850
181905
182362
182498
182549
182666
182801
182828
183256
183309
183334
183528
183561
183585
183667
183710
184397
184576
184681
184817
185155
185401
185454
185698
185790
185899
185925
186008
186014
186022
186066
186128
186203
186401
186409
186434
186711
186967
186970
187113
187188
187247
187791
187885
187937
187943
188102
188451
188493
188541
188651
188791
188841
189034
189261
189289
189314
189327
189333
189410
189422
189462
189647
189710
189775
189894
189959
190136
190164
190295
190378
190432
190446
190504
190947
191042
191421
191442
191562
191780
192127
192196
192207
192473
192924
193163
193253
194181
194221
194229
194281
194392
194518
194600
194634
194768
194994
195143
195391
195417
195501
195520
195551
195724
195761
196044
196141
196225
196362
196736
197214
197298
197711
197795
197797
197878
198004
198039
198234
198413
198423
198628
198629
198637
198742
198759
198929
198971
199623
199728
199746
199903
199972
199975
200072
200093
200291
200298
200349
200370
200476
200587
200617
200960
201040
201070
201238
201532
201817
201897
201928
201932
201990
202025
202143
202311
202335
202351
202525
202592
202688
202793
202803
203088
203394
203633
203669
203694
203777
203867
203967
204209
204387
204426
204444
204473
204588
204690
204730
204918
205024
205564
205852
206056
206187
206493
207113
207198
207399
207709
207767
208112
208331
208814
208874
208948
209054
209773
210185
210224
210264
210586
210663
210663
210880
211242
211775
211988
212336
212491
212605
212868
213296
213363
213532
213534
213549
213590
213641
213891
213950
214876
215184
215499
215588
215593
215613
215655
215761
215885
215941
216350
216636
216683
216889
216913
217197
217384
217420
217579
218193
218466
218560
218600
218618
218764
218884
219063
219147
219309
219387
219744
219759
220000
220050
220269
220284
220337
220397
220513
220558
220887
221022
221088
221169
221182
221222
221241
221441
221471
221713
221765
221854
221902
222013
222054
222301
222487
222715
222719
222782
222950
223226
223417
223431
223642
223651
223911
224045
224289
224467
224485
224552
224568
224656
224726
224799
224932
225018
225478
225484
226086
226314
226683
226893
227198
227229
227298
227356
227358
227397
227751
228251
228476
228550
228898
229097
229147
229193
229435
229514
230161
230431
230586
230723
230781
230948
231003
231344
231373
231373
231563
231773
232182
232504
232515
232903
233050
233333
233350
233538
233555
233595
233852
234021
234114
234209
234234
234310
234388
234545
234757
234865
234985
235165
235309
235336
235521
235797
235893
235897
236000
236054
236058
236128
236278
236371
236434
236470
236496
236788
236796
236914
237017
237111
237212
237335
237595
237873
237915
237934
238016
238061
238108
238323
238909
238920
239009
239108
239344
239478
239541
239638
239983
240178
240317
240363
240393
240751
240790
240852
240855
240997
241086
241135
241476
241563
241651
241929
242010
242433
242699
242774
242929
243236
243268
243374
243471
243475
243826
243887
244011
244021
244052
244061
244240
244448
244565
244649
245313
245330
246023
246051
246101
246301
246379
246615
246723
246908
246937
246998
247250
247422
247526
247548
247702
247704
247786
247818
247867
247935
248235
248537
248556
248570
248699
248732
248876
249200
249241
249287
249601
249636
249809
249896
249916
249997
250116
250451
250674
250707
250743
250746
251039
251160
251411
251420
251519
251555
251718
251766
251899
251918
252025
252315
252373
252427
252598
252850
252890
253207
253257
253307
253362
253442
253471
253565
253569
253712
253719
253733
253776
253788
254088
254267
254296
254416
254438
254796
254890
255032
255209
255449
255539
255653
255692
256183
256242
256590
256595
256673
256707
256740
256741
256743
256785
256905
256970
257032
257852
258150
258602
258704
258857
259036
259045
259071
259123
259161
259314
259377
260019
260048
260075
260150
260163
260480
260610
260665
261070
261233
261383
261403
261485
261530
261659
261664
261870
261881
262197
262879
263094
263396
263501
263643
263721
263762
263764
264018
264278
264578
264602
264642
264768
264920
265527
265582
265640
265765
265999
266625
266625
267026
267038
267062
267183
267227
267284
267771
267795
267929
268033
268146
268167
268310
268443
268538
268563
268580
268716
268731
268738
268911
268960
269005
269290
269291
269527
269556
269930
270111
270220
270287
270433
270905
270948
271049
271373
271663
271713
271737
271769
272011
272033
272060
272184
272312
272350
272417
272425
272538
272737
272807
272912
272916
272966
273494
273775
273801
273864
274140
274140
274324
274345
274384
274452
274493
275008
275084
275515
275578
275694
275784
275811
275983
276115
276188
276350
276576
276715
276787
276870
277300
277376
277690
277696
278138
278171
278603
278616
278761
278890
279372
279704
279985
280286
280728
280924
280961
281143
281170
281267
281403
281561
281619
281720
281778
281798
281801
281809
282258
282290
282396
282622
282767
282952
283069
283335
283660
283799
284057
284430
284434
284450
284468
284474
284565
284603
285056
285631
285863
285986
286375
286627
286687
286927
287221
287245
287554
287651
287688
287851
287984
287999
288150
288334
288420
288454
288521
288576
288901
289261
289418
289496
289815
289884
289926
290105
290189
290307
290365
290447
290581
290982
291029
291302
291488
291997
292251
292304
292316
292571
292646
292648
292778
292881
293227
293515
293630
293666
293702
294103
294273
294324
294331
294512
294653
294705
294984
295080
295132
295258
295357
295501
295553
295663
295802
295966
296194
296528
296546
296551
296641
297033
297304
297453
297823
297951
298103
298523
299047
299130
299157
299254
299942
300511
300547
300701
301309
301522
301696
302022
302060
302126
302293
302469
302527
302576
302718
302967
303024
303032
303164
303234
303401
303402
303572
303629
303952
304093
304098
304350
304353
304384
304654
304688
304805
304855
304896
304968
305064
305140
305237
305298
305355
305747
306291
306342
306371
306484
306705
306766
306778
306831
307101
307258
307267
307519
307654
307728
307996
308024
308123
308144
308402
308432
308455
308578
308865
309477
309643
309896
310124
310213
310346
310625
310876
310883
311063
311206
311344
311746
311964
312244
312300
312486
312528
312736
312751
312786
312823
313288
313426
313612
313650
313716
313843
314120
314218
314283
314300
314495
314781
314804
314940
315007
315034
315179
315182
315364
315394
315827
316112
316405
316760
316839
316910
317422
317516
318127
318173
318213
318788
318935
318966
318995
319259
319665
319723
320198
320227
320253
320556
321125
321206
321281
321485
321596
321671
321834
321882
322056
322161
322223
322255
322352
322406
322574
322729
322767
322975
323052
323136
323174
323253
323441
323533
324017
324024
324105
324116
324263
324392
324535
324648
324798
324864
325177
325347
325410
325432
325733
326136
326254
326311
326420
326523
326672
326839
326860
326883
327117
327162
327211
327275
327455
327679
327753
327802
328386
328522
328673
328941
329055
329471
329535
329685
329973
330026
330064
330321
330388
330398
330421
330539
330663
330699
331203
331301
331398
331606
331640
331668
331849
331897
332178
332691
333102
333323
333610
333637
333694
333699
333740
333783
333819
333879
333909
334524
334601
334798
334876
335262
335411
335430
335464
335827
335878
336060
336154
336174
336179
336235
336354
336565
336720
336740
336773
336948
336956
337149
337265
337292
337397
337402
337441
337527
337803
337847
337943
337986
338030
338037
338072
338195
338289
338332
338439
338731
338822
338927
338971
338997
339046
339129
339410
339425
339561
339612
339862
340219
340228
340253
340412
340597
340725
340916
341182
341274
341546
341640
341691
341730
342001
342082
342411
342582
342823
343061
343204
343723
344094
344095
344186
344384
344657
345239
345290
345340
345346
345418
345658
345705
345725
345921
345968
346020
346186
346227
346380
346699
346804
346869
346870
347001
347179
347490
347526
347584
347753
347828
347909
348053
348080
348177
348246
348336
348531
348594
348747
348951
349068
349259
349275
349346
349347
349486
349710
349850
350095
350170
350216
350332
350505
350609
350757
350900
351186
351246
351402
351589
351755
351756
351861
351909
352028
352274
352769
352887
352933
352981
353397
353635
353902
353937
354425
354462
354749
354752
354813
354896
354951
355052
355061
355208
355406
355436
355651
355689
355838
355919
356061
356170
356373
356517
356569
356906
356940
357356
357411
357418
357438
357502
357586
357609
357722
357788
358037
358042
358291
358392
358405
358422
358694
358741
358943
358972
359204
359396
359537
360112
360134
360159
360163
360264
360350
360366
360432
360575
360591
360721
360957
360968
361392
361452
361780
361821
361859
362001
362320
362447
362624
362835
363078
363226
363255
363448
363696
364164
364421
364542
364544
364621
364627
364692
364731
364817
364993
365012
365064
365183
365386
365708
365931
366478
366732
366785
366933
367122
367190
367430
367787
367900
367902
368073
368094
368376
368440
368509
368561
368577
368702
368746
368865
368865
368880
369021
369180
369420
369481
369614
369757
369965
370108
370136
370274
370328
370487
370808
371002
371455
371501
371720
371852
372041
372123
372334
372390
372417
372469
372826
372844
372975
373026
373229
373335
373456
373470
373475
373478
373746
373840
374074
374129
374132
374281
374289
374308
374333
374589
374644
374910
375114
375225
375247
375422
375424
375448
375463
375713
375806
375850
375962
376518
377130
377171
377273
377340
377354
377368
377476
377485
377641
377948
377949
378271
378274
378428
378525
378547
378568
378748
378813
378908
378911
379034
379211
379318
379420
379493
379704
379983
380571
380611
380733
381007
381193
381232
381307
381378
381396
381404
381695
381700
381804
381822
381832
381944
382828
383081
383185
383415
383418
383423
383435
383697
383735
383738
383831
384205
384479
384515
384908
384979
385070
385315
385442
385742
385773
385941
385950
386400
386596
386614
386629
386742
386770
386822
387080
387315
387405
387450
387966
388107
388269
388517
388549
388579
388719
388854
388894
389098
389212
389380
389436
389436
389505
389571
389640
389660
389691
389773
389808
389894
389900
390030
390070
390076
390095
390230
390500
390735
390859
391063
391268
391690
391763
391861
391871
392095
392576
392995
393348
393554
393753
394112
394185
394271
394397
394702
394706
394754
394818
394823
395852
395960
396282
396294
396370
396413
396578
397098
397139
397271
397376
397557
397990
398133
398367
398458
398738
398782
398805
399079
399344
399481
399967
400061
400613
400693
400964
400994
401042
401052
401349
401468
401920
402161
402279
402515
402629
402635
402729
402900
403011
403087
403130
403332
403892
403992
404040
404111
404135
404488
405160
405275
405596
406014
406025
406211
406231
406535
406546
406611
406840
406847
406862
407057
407072
407236
407420
407474
407764
407929
408141
408234
408260
408309
408379
408416
408527
408612
408748
408750
408863
408939
409047
409059
409302
409318
409566
409917
410383
410425
410456
410513
410742
410898
411202
411317
411805
411867
411940
412198
412224
412292
412326
412340
412551
413105
413574
413707
413811
413813
413854
413894
413906
414103
414116
414171
414221
414392
414424
414467
414492
414564
414831
414861
414972
415014
415030
415338
415732
415746
415759
415782
415812
416313
416373
416422
416930
417070
417080
417192
417390
417585
417938
418010
418078
418084
418223
418372
418548
418737
419086
419097
419319
419581
419926
419960
420029
420216
420399
420477
420509
420648
420983
421033
421328
421515
421856
422272
422289
422292
422428
422519
422546
422764
422862
422968
422973
423108
423119
423139
423184
423292
423407
423448
423484
423634
423853
424010
424055
424154
424260
424442
424665
424784
424821
424851
425077
425078
425191
425343
425666
425931
426007
426009
426132
426538
426676
426730
426940
427118
427242
427391
427426
427662
427802
427949
428179
428193
428305
428511
428591
428630
428652
428667
428719
429144
429230
429331
429425
429458
429463
429512
429721
430318
430374
430498
430695
430816
430837
430915
431066
431143
431380
431445
431757
431860
431935
432020
432307
432430
432582
432704
432890
433130
433193
433435
433939
434105
434309
434393
434421
434627
434970
434985
435066
435300
435445
435673
435709
435738
435845
436237
436387
436458
436497
436535
436590
436663
436817
436934
436964
437067
437085
437134
437227
437239
437242
437289
437308
437504
438345
438445
438582
438629
438932
439041
439141
439167
439214
439387
439487
439530
439640
440068
440189
440248
440405
440439
440536
440562
440584
440650
440962
441010
441090
441198
441318
441579
441650
442262
442335
442850
443008
443149
443276
443426
443448
443680
443923
444119
444120
445096
445263
445432
445620
445722
446620
446697
447109
447134
447601
447655
447671
447742
447760
448070
448240
448283
448596
448736
449205
449242
449532
449761
449942
450138
450326
450642
450800
450807
450990
451050
451282
451892
452024
452344
452361
452480
452547
452805
452874
453246
453366
453455
453467
453502
453630
453742
453744
453821
453835
453873
453873
453996
454041
454259
454431
454625
454817
454878
455021
455084
455224
455256
455360
455432
456275
456612
456952
457308
457373
457489
457818
457858
458005
458081
458136
458211
458284
458295
458334
458394
458906
458919
458997
459044
459213
459722
459759
459901
459962
460266
460369
460524
460564
460876
460879
460889
460955
460974
461105
461133
461200
461293
461395
461502
461553
461785
461884
462102
462184
462725
462755
463098
463484
463548
463550
463619
463741
463988
464449
464454
464497
464512
464596
465147
465181
465344
465671
465676
465746
465945
465992
466077
466104
466224
466529
466684
466750
467343
467467
467516
467549
467642
467747
467827
468106
468116
468141
468154
468289
468513
468552
468603
468642
468892
468898
468920
468966
469408
469463
469655
469754
469787
470101
470167
470167
470319
470438
470559
470563
470623
470654
470665
470793
470796
471157
471373
471422
471426
471530
471536
471958
472089
472102
472103
472158
472405
472731
472744
472810
472881
473070
473510
473653
473785
474030
474279
474408
474544
474616
474625
474747
474966
475097
475337
475519
475662
475775
475949
475992
476449
476831
477042
477095
477276
477350
477460
477680
477936
478216
478389
478473
478663
478926
479039
479329
479339
479342
479459
479624
479685
479857
479969
479990
480352
480412
480523
480789
480794
480808
480919
481198
481548
481645
481757
481859
481889
482415
482415
482455
482534
482627
482679
482806
482959
483106
483180
483358
483476
483554
483674
483681
483697
483846
483999
484050
484276
484438
484576
484682
484808
485110
485231
485272
485579
485744
486179
486191
486216
486312
486569
486622
486725
486850
486937
486956
487234
487239
487319
487732
487918
487960
488109
488125
488423
488510
488697
488723
488880
489056
489071
489267
489392
489612
489655
489959
490026
490075
490097
490245
490306
490349
490504
490574
490587
490843
491086
491330
491439
491641
492079
492228
492277
492317
492379
492618
492628
492859
492864
493185
493185
493302
493507
493875
493884
494009
494053
494149
494165
494326
494412
494474
494593
494608
494640
494679
495019
495554
495604
496094
496166
496566
496711
496855
496916
497098
497118
497290
497483
497618
497705
497750
497960
498018
498035
498229
498270
498287
498295
498494
498506
498605
498796
498816
498820
498946
499072
499296
499362
499430
499535
499728
499980
500504
500762
500905
501022
501055
501130
501383
501418
501547
502023
502226
502392
502652
502830
502837
503080
503130
503441
503479
503600
503626
503700
503962
504054
504082
504164
504192
504273
504485
504627
504645
504801
504959
505272
505344
505805
505908
505912
506078
506121
506194
506206
506214
506678
506797
506884
506892
506938
506957
507032
507034
507099
507114
507207
507211
507258
507407
507642
507781
507953
507955
508722
508761
508867
508884
508940
509207
509469
509618
509727
509766
510044
510066
510164
510241
510441
510534
510660
510673
510779
510951
511005
511084
511211
511287
511366
511472
511501
511571
511631
511743
511845
511956
512300
512446
512608
512877
512914
512925
513029
513045
513066
513268
513458
513682
513794
514144
514476
514611
514695
514809
515272
515313
515638
515650
515673
515720
515735
515878
516243
516276
516405
516444
516454
516926
516930
517037
517180
517485
517541
518063
518129
518609
518679
518800
518818
518821
519509
519563
519654
519951
520387
520708
520831
520853
520991
521081
521192
521227
521270
521623
521683
521746
521765
521821
522073
522094
522213
522480
522599
522697
522860
523131
523137
523163
523203
523602
523629
523707
523782
523845
523997
524042
524252
524319
524428
524454
524585
524702
524704
524762
524873
525118
525313
525382
525779
526053
526224
526363
526584
526622
526971
527055
527141
527381
528068
528113
528378
528388
528458
528913
528962
529113
529243
529308
529588
529804
529868
529872
529962
530024
530194
530196
530276
530591
531077
531110
531450
531509
531887
532528
532669
532669
532685
532711
532819
533048
533308
533665
533784
533838
534105
534121
534133
534159
534612
534639
534763
534866
535046
535203
535476
535488
535831
536131
536195
536264
536518
536617
536775
536831
536945
537178
537232
537354
537499
537703
537764
538080
538431
538498
538647
538732
538736
538839
540035
540494
540757
540935
541016
541124
541216
541276
541406
541950
541970
542304
542371
542561
542605
542667
542975
542978
543059
543142
543339
543534
544121
544712
544723
544796
545453
545604
545739
545886
545982
546024
546048
546083
546118
546337
546354
546402
546458
546536
546741
546754
546788
546935
547504
547924
548109
548129
548142
548204
548239
548480
548624
548698
548741
548934
549342
549349
549529
549535
549740
549868
550153
550204
550241
550286
550314
550572
550651
550736
551583
551972
552016
552045
552052
552250
552365
552630
552717
552832
552894
552980
552996
553358
553391
553587
553779
554001
554225
554277
554331
554343
554379
554424
554687
555007
555268
555392
555967
556166
556206
556474
556650
556906
556996
557191
557284
557472
557695
557831
558267
558397
558482
558596
558746
558786
558837
558935
559031
559074
559078
559239
559261
559264
559348
559527
559918
559949
560217
560239
560322
560430
560612
560873
560911
561058
561058
561212
561433
561597
562013
562237
562624
562739
562934
563292
563309
563388
563734
563927
563946
564079
564095
564453
564605
564625
564697
564843
565100
565160
565278
565518
565721
565754
565825
565985
566166
566705
566772
566979
567242
567474
567476
567628
567664
567733
567859
567864
567915
567998
568005
568080
568224
568318
568375
568643
568748
568808
568987
569588
570344
570818
571002
571319
571613
571646
571681
571727
571731
571744
571782
571885
572017
572425
572533
572681
572726
572873
572978
573028
573194
573374
573402
573643
573702
573780
573831
574086
574110
574142
574367
574649
574848
574851
574959
575134
575325
575472
575503
575651
575684
575827
575871
575963
576104
576173
576258
576284
576365
576497
576755
576826
577080
577221
577242
577280
577353
577687
577808
578012
578128
578216
578230
578264
578525
578576
578596
578910
579296
579365
579370
579382
579488
579545
579851
579852
579964
580225
580277
580559
580857
580909
580918
580927
580989
581088
581487
581511
581648
581664
581995
582053
582075
582678
582732
582828
583028
583158
583352
583412
583577
583640
583892
584205
584367
584680
584872
585134
585352
585353
585374
585487
585523
585529
585648
585690
585702
585827
585906
586195
586440
586484
586751
586755
586895
586951
587190
587190
587296
587347
587508
587703
587909
587954
588044
588087
588374
588565
588959
589077
589231
589675
589897
590061
590142
590197
590566
590630
591320
591353
591384
591632
591863
591889
591973
592117
592228
592393
592443
592575
592610
592685
592774
592863
592963
593003
593068
593101
593181
593235
593489
593528
593888
594053
594443
594645
594653
594919
595261
595290
595353
595475
595536
595662
595719
595803
595868
596040
596087
596135
596225
596335
596509
596606
596610
596638
596826
596964
596989
597039
597064
597068
597122
597322
597487
597897
597909
598185
598397
598592
598626
598658
598778
599558
599633
599660
599732
599739
599891
600090
600157
600370
600740
600775
600924
600941
601130
601280
601298
601329
601578
601698
601788
601863
601926
602220
602292
602600
602846
602912
603006
603027
603048
603077
603087
603168
603202
603305
603668
603776
603981
604055
604123
604200
604401
604534
604756
604766
604851
604977
605074
605160
605467
605475
605487
605514
605519
605551
605559
605722
605763
605776
605900
605937
606121
606151
606290
606487
606500
606534
606656
606687
606964
606988
606993
607088
607278
607346
607461
607462
607554
607768
607799
608049
608079
608519
608670
608861
609069
609175
609232
609425
609524
609601
609738
609811
610105
610248
610446
610810
610907
611073
611140
611158
611426
611657
611746
611848
611871
611885
611908
611978
612061
612132
612148
612179
612339
612470
612561
612652
612866
612999
613012
613510
613706
613717
613779
613905
613965
613971
614069
614078
614132
614191
614375
614823
614955
615097
615276
615303
615356
615450
615451
615497
615571
615679
615737
615889
616181
617004
617076
617151
617159
617316
617479
617656
617691
617902
617931
617997
618154
618257
618363
618499
618626
618688
619046
619155
619168
619289
619360
619423
619506
619656
619722
619869
620019
620035
620130
620139
620245
620351
620551
620749
621104
621164
621415
621431
621742
621819
621923
621954
622198
622198
622236
622289
622310
622447
622645
622993
623017
623154
623159
623288
623441
623551
623890
624121
624149
624251
624403
624966
624968
624985
625078
625207
625394
625828
626090
626241
626525
626655
626806
626953
626962
627483
627491
627579
627683
627683
627745
627775
627839
627887
627888
627911
628092
628355
628741
628883
629158
629273
629511
629977
630210
630285
630349
630386
630391
630404
630565
630870
630906
630981
631199
631332
631452
631567
631635
631642
631774
631812
631872
631891
632237
632313
632381
632477
632967
632997
633273
633662
633727
633793
633831
633860
633918
633940
634300
634429
634837
634914
634923
635523
635770
635817
635847
635915
636052
636111
636618
636687
636713
636753
636855
637096
637476
637510
637571
637838
637910
638161
638173
638544
638582
638717
638755
638928
638998
639136
639253
639293
639298
639565
639582
639796
639816
639915
639923
639959
640149
640371
640533
640581
641094
641097
641289
641290
641698
641712
641834
641940
642313
642450
642474
642536
642966
642984
643140
643281
643601
643637
643697
643874
643891
643967
644113
644217
644288
644497
644508
644905
645140
645146
645437
645522
645851
646124
646333
646915
647253
647404
647668
647834
647850
648219
648279
648389
648576
648805
648976
648977
649064
649134
649249
649260
649336
649548
649662
649767
649798
649993
650663
650836
650847
651075
651233
651377
651675
651901
652043
652044
652074
652264
652304
652441
652610
652611
652754
652810
652928
653145
653200
653282
653403
653455
653834
653985
654423
654551
654581
654806
655078
655303
655883
655931
655935
655968
655991
656009
656104
656528
656618
656631
656973
657355
657635
657665
657689
657697
657752
657877
657939
657942
658021
658048
658107
658378
658390
658392
658431
658511
658603
658644
658662
658887
659112
659177
659294
659416
659486
659571
659649
659672
659727
659789
659806
659939
660085
660104
660138
660163
660468
660474
660515
660577
660590
660591
660634
660766
660866
661004
661139
661169
661468
661497
661531
661652
661720
661876
661886
661949
661971
662176
662258
662291
662481
662716
662869
662923
663057
663634
663726
663960
663994
664040
664427
664666
664694
664724
664940
664990
665011
665072
665105
665561
665710
665770
665862
665887
665928
666033
666230
666258
666276
666418
666493
666545
666839
667038
667164
667256
667959
668006
668031
668612
668742
668792
669052
669087
669273
669285
669470
669490
669605
670235
670257
670392
670396
670428
670581
670581
670717
670736
671375
671642
671884
671903
672055
672225
672620
672701
673002
673102
673323
673362
673709
673857
673927
674067
674082
674113
674262
674267
674388
674415
674478
674500
675222
675228
675277
675370
675494
675599
675910
676143
676377
676391
676648
676699
676805
676901
676982
677098
677162
677219
677509
677722
677769
678053
678183
678538
679223
679457
679535
679552
679627
679924
679957
680206
680436
680541
680585
680684
680695
680706
680736
681108
681256
681430
681455
681488
681542
681712
681725
682194
682202
682381
682865
682986
683617
683714
683895
683931
684199
684247
684252
684290
684293
684728
684731
684826
684877
684954
685315
685430
685475
685641
685666
685760
685786
685932
686002
686125
686151
686522
686618
687015
687168
687227
687592
687814
687922
687934
687951
688282
688401
688421
688434
688438
688457
688638
688884
688961
689084
689111
689171
689203
689336
689379
689502
689664
689936
690255
690384
690515
690598
690827
690910
691086
691111
691270
691298
691436
691692
691792
692000
692134
692306
692655
692702
692803
692909
693059
693062
693126
693130
693521
693650
693748
694154
694272
694299
694349
694411
694525
694541
694579
694773
694926
694937
695300
695364
695479
695510
695526
695546
695646
695752
695796
695885
696063
696166
696385
696453
696458
696641
696704
696916
696964
697116
697125
697245
697393
697408
697581
697806
697967
698096
698427
698726
699320
699326
699401
699804
699885
699959
700398
700418
700442
700481
700605
700615
700766
701060
701245
701410
701511
701574
701732
701819
702006
702085
702136
702335
702492
702640
702845
702978
702985
703063
703520
703532
703575
703829
703868
703937
704115
704231
704265
704518
704553
704560
704621
704697
704736
705005
705013
705022
705101
705146
705215
705598
705681
705770
705775
705816
705993
706787
706793
707417
707423
707528
707899
707942
708265
708796
709088
709159
709201
709645
709806
709807
710014
710186
710189
710426
710578
710683
710867
710964
710993
711568
711780
712048
712301
712430
712606
712906
713090
713275
713363
713370
713473
713535
713594
713758
713857
713940
714257
714386
714435
714470
714700
715087
715321
715352
715393
715960
716118
716249
716522
716591
716657
716677
716746
716756
716771
716816
716868
717111
717178
717224
717368
717529
717736
717815
717922
718165
718456
718587
718689
718700
718701
718870
719075
719285
719470
719505
719769
719930
719977
720048
720147
720425
720501
720681
720742
720900
720965
721226
721338
721368
721400
721473
721650
721723
721769
721885
722043
722195
722440
722767
722782
722786
722814
722816
722841
722909
722999
723258
723393
723418
723489
723737
723740
723808
723837
724033
724134
724345
724484
724593
724782
724970
725090
725243
725275
725359
725564
725627
726407
726764
726809
726826
726842
726955
727034
727105
727416
727505
727615
727887
728087
728145
728188
728393
728666
728720
729088
729401
729639
729732
729812
729856
729896
730002
730281
730289
730296
730369
730671
730674
730815
731011
731584
731803
731838
731893
732056
732084
732244
732595
732773
732873
732981
733088
733314
733392
733464
733507
733676
733710
733851
734192
734214
734280
734497
734593
734730
734738
734931
735353
735403
735521
736042
736049
736398
736420
736565
736733
736779
736780
736821
736954
737219
737363
737425
737590
738340
738536
738586
738926
738958
739399
739416
739923
740186
740216
740487
740603
740918
741455
741494
741697
741770
742049
742076
742248
742391
742410
742463
742621
742725
742778
742877
742899
743678
743720
744103
744121
744647
744765
744780
745053
745201
745624
745771
745816
745818
746112
746222
746245
746398
746538
746600
746715
746777
746955
747057
747069
747135
747161
747317
747636
747975
748004
748013
748251
748284
748445
748518
748700
748788
748930
749420
749526
749551
749699
749747
749809
749843
749942
750042
750253
750316
750633
750676
750742
750788
750819
750896
750899
751060
751647
751654
751871
751927
751937
752262
752281
752348
752368
752717
752804
752930
753022
753023
753050
753175
753363
753417
753871
753973
754061
754067
754333
754352
754372
754510
754528
754538
754601
754740
754746
755003
755020
755267
755555
755770
755890
756387
756573
756575
756994
757549
757648
758158
758290
758507
758611
758612
758709
758772
758938
759113
759472
759475
759559
759610
760056
760230
760247
760315
760620
760702
760870
760923
761280
761437
761462
761526
761626
761675
761724
761811
761913
762212
762287
762310
762325
762386
762475
762587
762656
762932
763119
763331
763450
763622
763778
763977
764464
764478
764524
764663
764728
764840
764852
764859
764890
765101
765332
765636
765805
765823
765877
766165
766380
766490
766498
766627
766776
766802
766831
766922
766952
767030
767054
767093
767333
767341
767525
767535
767777
767920
768267
768381
768515
768580
768590
768592
768736
768774
768804
768973
769011
769128
769129
769156
769242
769254
769444
769519
770030
770410
770738
770809
770827
770887
771084
771125
771296
771481
771554
771863
772238
772574
773040
773284
773405
773544
773591
773697
773728
773763
773796
773917
774129
774141
774190
774194
774612
774862
775131
775212
775241
775481
775586
775669
775719
775794
775818
775842
775894
775934
776037
776089
776114
776300
776487
776504
776595
776638
776662
776668
776711
777027
777056
777170
777247
777329
777435
777457
777576
777807
777898
777958
778497
778542
778581
778590
779109
779148
779500
779507
779529
779607
779684
779694
779876
779991
780018
780098
780421
780528
780918
780930
780975
780975
780980
780981
781021
781149
781216
781263
781321
781871
782162
782268
782373
782642
783161
783414
783695
783799
783945
784629
784667
784819
785191
785510
785705
785886
786598
787228
787390
787706
787983
788005
788056
788681
788806
788854
788910
789049
789082
789088
789179
789398
789518
789520
789744
789972
790329
790736
790856
790916
791134
791449
791517
791909
791999
792252
792289
792377
792660
792843
792881
793076
793136
793769
793864
794329
794763
794797
794892
795124
795342
795379
795506
795619
795676
795688
795848
795970
796071
796111
796131
796147
796161
796693
796796
797097
797133
797476
797550
797586
797658
797681
797764
797891
798030
798032
798249
798280
798641
798686
798790
798798
798809
799212
799410
799578
799591
799619
799836
799910
800347
800457
800564
800596
800653
800716
801155
801284
801415
801436
801476
801894
802117
802222
802305
802419
802549
802588
802655
802660
803370
803402
803438
803616
803758
803784
803896
803993
804255
804369
804402
804404
804485
804532
804707
804853
804872
805068
805107
805222
805264
805297
805413
805526
805528
805542
805700
805777
805884
806161
806208
806344
806674
806799
807015
807062
807128
807378
807413
807590
807862
808002
808425
808486
808517
808753
808973
809139
809765
809984
810310
810514
810562
810577
810608
810662
810721
810838
810925
811026
811134
811153
811228
811278
811415
811454
811606
811630
811651
811654
811894
812049
812216
812249
812361
812553
812991
813048
813087
813174
813432
813618
813945
814034
814136
814396
814507
814948
815006
815045
815258
815523
815608
815705
815998
816066
816156
816266
816293
816317
816572
816769
816817
817031
817039
817071
817178
817201
817507
817541
817692
818070
818073
818313
818336
818543
818646
818742
818811
819002
819117
819196
819236
819327
819689
819799
819971
820119
820127
820160
820248
820331
820399
820727
820895
820920
821248
821567
821620
821721
822117
822170
822175
822353
822378
822486
822487
822509
822614
822798
822983
823381
823409
823528
823907
824251
824326
824535
824634
824708
824794
825034
825313
825624
825648
825845
826255
826434
826437
826625
826657
826727
826757
826814
826898
827070
827099
827207
827245
827498
827763
827800
827839
828832
829025
829556
829838
830144
830244
830317
830428
830489
830797
830815
830904
830988
831107
831371
831440
831598
831624
831631
831944
832045
832245
832718
832781
833089
833121
833248
833424
833584
833645
833753
833876
833896
833918
834199
834346
834531
834597
834733
834885
834946
835199
835249
835700
835728
835847
835849
835874
836020
836100
836135
836195
836205
836675
836684
836693
836981
836994
837005
837445
837451
837468
837504
837584
837678
837774
838035
838151
838177
838261
838376
838382
838481
838637
838723
838773
838787
838841
838880
839006
839052
839060
839061
839087
839115
839251
839626
840026
840365
840388
840518
840526
840565
840624
840650
840658
841017
841082
841521
841641
841706
841769
841835
842071
842078
842151
842275
842464
842576
842593
843028
843108
843281
843414
843660
844090
844205
844263
844265
844418
844600
844640
844815
844983
845012
845072
845181
845235
845301
845433
845462
845546
845745
845854
846243
846295
846388
846405
846868
847091
847209
847273
847513
847842
848073
848219
848730
848871
848971
849146
849312
849328
849489
849611
849615
849747
849748
849826
850096
850192
850257
850334
850607
850665
850770
850885
850895
850981
851112
851534
851600
852069
852084
852165
852205
852357
852420
852429
852516
852570
852741
852872
852913
852988
853315
853322
853595
853639
853867
853910
854219
854222
854241
854434
854642
854700
854946
855009
855036
855227
855275
855600
855762
855913
855913
855972
855980
856126
856298
856437
856480
856763
856858
857128
857299
857546
857609
857727
858086
858258
858287
858693
858927
859130
859333
859418
859519
859897
859934
859976
860002
860007
860012
860257
860373
860599
860649
861001
861179
861550
861627
861772
861811
862031
862095
862158
862165
862412
862453
862523
862546
862917
862921
862935
862986
863104
863201
863290
863304
863358
863389
863540
863708
863715
863943
864046
864197
864355
864404
864564
864744
864997
865142
865200
865202
865317
865504
865791
865794
865817
865952
866084
866157
866284
866339
866857
866931
867013
867115
867306
867322
867350
867410
867439
867538
867707
867727
867862
867872
868166
868621
868861
868973
868977
869034
869178
869260
869340
869649
869781
869785
870149
870245
870359
870481
870781
870828
871051
871143
871529
871674
871858
871869
872189
872373
872425
872458
872728
872749
872789
872959
873079
873080
873422
873479
873728
873791
873895
873957
873988
874238
874513
874572
874578
874681
874711
874832
875364
875407
875495
875655
875769
875783
875785
875796
876034
876176
876251
876280
876364
876803
877008
877225
877362
877371
877554
877944
878058
878177
878308
878332
878460
878818
879321
879659
880026
880081
880252
880259
880391
880557
880585
880637
880669
880714
880728
880874
880886
880993
881154
881458
881674
881869
881886
882007
882012
882038
882325
882462
882469
882560
882600
882683
882881
882960
882974
883049
883095
883173
883361
883435
883436
883554
883574
883680
883885
884090
884363
884499
884570
884639
885104
885185
885248
885285
885360
885397
885441
885463
885495
885529
885543
885566
885734
885793
885794
885813
885842
886129
886151
886172
886217
886319
886323
886392
886654
886713
886729
886921
886938
886962
886974
887190
887202
887252
887277
887420
887581
887655
887691
887771
888065
888100
888105
888137
888444
888634
888842
889027
889049
889284
889439
889447
889960
890132
890356
890428
890768
890821
890857
890949
891017
891037
891615
891767
891814
891902
891943
891993
892090
892100
892260
892268
892440
892601
892615
892679
892710
892744
892773
892987
893318
893364
893605
893656
893724
893797
893884
894697
895150
895212
895269
895814
895898
895970
896041
896215
896426
896585
896833
896871
897049
897284
897295
897388
897389
897407
897443
897654
897701
897794
897847
898229
898300
898349
898462
898554
898743
898758
898844
899023
899104
899161
899220
899495
899604
899628
899648
899666
899787
899834
899847
899866
899968
900050
900094
900311
900411
900488
900551
900755
901154
901225
901321
901703
901820
901907
902247
902516
902613
902625
902740
903716
903885
903888
903915
904262
904295
904418
904474
904506
904841
904893
905328
905394
905428
905623
905631
905652
905655
905697
905784
906042
906153
906227
906228
906266
906510
906710
907439
907549
907885
908037
908065
908239
908241
908264
908371
908392
908428
908554
908585
908641
908708
908983
909491
909564
909586
909610
909828
909939
909984
910192
910560
910727
910854
911082
911099
911170
911514
911670
911777
911799
911915
911944
912006
912037
912101
912227
912405
912427
912439
912531
912720
912793
912852
912909
913052
913164
913594
913642
914082
914486
914812
914995
915029
915083
915135
915336
915349
915706
915736
915768
915860
916137
916242
916524
916640
916819
916885
917280
917472
917545
917601
917736
917822
917881
918059
918260
918289
918366
918452
918453
918496
918587
918597
918654
918713
918766
918820
919267
919296
919312
919656
920086
920133
920137
920328
920333
920354
920366
920530
920579
920791
920799
920822
920853
920859
921097
921262
921466
921500
921652
921693
921738
922445
922695
922706
922980
923005
923018
923244
923244
923588
923627
923749
923757
923803
923822
923899
923976
924194
924532
924951
925099
925345
925435
925456
925527
925665
925736
925907
926548
926614
926917
927029
927103
927361
927442
927483
927490
927790
927974
928273
928652
929203
929265
929331
929535
929563
929583
929593
929596
930004
930458
930592
930722
930756
930887
931053
931068
931309
931436
931443
931504
931525
931642
931801
931836
931889
931937
931994
932006
932064
932069
932087
932518
932588
932595
932700
932740
933353
933359
933589
933660
933679
933684
933789
934047
934367
934820
935292
935461
936058
936158
936164
936348
936494
936584
936893
936926
936967
936980
937222
937245
937249
937683
937926
938021
938173
938276
938292
938343
938640
938741
938927
939005
939011
939131
939163
939299
939423
939812
940085
940238
940503
940543
940627
940698
940983
941104
941136
941297
941445
941452
941474
941989
942059
942097
942110
942190
942349
942719
943049
943064
943632
944015
944060
944105
944224
944325
944507
944726
944763
944922
945167
945529
945734
945952
946062
946094
946303
946652
946853
947081
947525
947541
947549
947840
948268
948531
948870
949079
949127
949514
949622
949640
949699
949776
950003
950166
950480
950490
950618
950797
950806
951050
951236
951387
951492
951620
952019
952033
952072
952398
952473
952734
952884
952894
953033
953208
953755
953893
953932
953937
954006
954248
954386
954501
954544
954605
954635
954739
954764
954768
954801
954840
955011
955284
955452
955786
955841
955898
955925
956084
956186
956194
956504
956632
956840
957017
957096
957392
957447
957469
957741
957763
957855
958476
958502
958894
959153
959219
959242
959287
959432
959550
959711
959763
959884
959921
959963
960081
960532
960649
960889
960905
961014
961168
961173
961518
961727
961922
962022
962095
962176
962314
962480
962615
962712
962931
962977
963017
963066
963171
963197
963248
963266
963895
963907
963910
964297
964366
964422
964539
964589
964619
964619
964677
964723
964731
964765
964996
965125
965367
965458
965482
965503
965608
965651
965714
965855
965951
965965
965987
966029
966102
966196
966224
966373
966543
966645
966745
966825
966975
967058
967066
967492
967670
967906
967974
968132
968156
968286
968402
968444
968634
968713
968755
968834
968888
969000
969004
969028
969563
969581
969776
970235
970297
970311
970377
970389
970500
970642
970819
971380
971553
971607
971642
971945
972035
972168
972279
972289
972745
972781
972855
972974
973002
973044
973092
973212
973293
973335
973391
973470
973631
973948
974044
974059
974106
974117
974160
974247
974400
974574
974583
974649
974689
974958
975221
975501
975552
975565
975987
976315
976334
976351
976445
976475
976581
976613
976654
976680
976725
976933
976950
977077
977110
977123
977254
977351
977368
977561
977744
977868
978138
978797
978886
978919
979011
979362
979396
979408
979531
979607
979668
979669
979829
980001
980018
980154
980416
980600
980667
980751
980885
980967
980975
981312
981395
981635
981728
981731
982066
982875
982922
982925
982926
983058
983449
983623
983663
983803
983821
983835
984073
984201
984325
984348
985104
985374
985387
985414
985756
985888
986341
986393
986950
987058
987200
987324
987428
987625
987646
987697
987718
987985
987986
988057
988067
988091
988195
988461
988485
988505
988876
989028
989088
989609
989761
989896
989911
990027
990305
990458
990491
990498
990659
990827
990855
990862
990888
990896
991184
991236
991280
991293
991309
991311
991370
991440
991572
991718
991827
991871
991876
992114
992153
992238
992374
992447
992499
992631
992954
993032
993078
993192
993392
993507
993588
993709
993721
993919
993933
993988
994066
994115
994189
994271
994357
994426
994490
994500
995034
995063
995101
995213
995222
995225
995248
995761
995761
995817
995902
995960
996081
996102
996107
996148
996225
996396
996438
996464
996486
996681
996804
997052
997167
997570
997822
997959
998196
998500
998568
998667
998974
999015
999068
999110
999142
999182
999189
999401
999506
999563
999707
999921
