172
187
209
354
511
767
1061
1123
1143
1247
1342
1345
1353
1370
1435
1834
1981
2046
2126
2201
2211
2275
2324
2350
2462
2652
2682
2723
2916
2998
3226
3255
3305
3514
3644
3663
3885
4022
4200
4203
4353
4393
4504
4522
4641
4727
4816
4833
4868
5009
5052
5145
5219
5272
5431
5532
5555
5758
6037
6066
6437
6499
6528
6607
6933
7107
7128
7201
7270
7328
7376
7513
7535
7663
8011
8072
8089
8328
8328
8394
8659
8809
8929
9002
9177
9252
9329
9534
10020
10122
10126
10214
10394
10397
10505
10795
10889
11094
11392
11397
11543
11641
11903
11942
12179
12302
12338
12362
12380
12463
12564
12660
12663
12665
12702
12867
12893
12908
13116
13157
13292
13600
13895
13977
13981
14024
14068
14070
14156
14176
14189
14196
14197
14491
14525
14791
15039
15152
15189
15229
15282
15338
15538
15622
15669
15682
15775
15939
16168
16281
16501
16660
16672
16836
17091
17099
17184
17248
17279
17284
17414
17456
17505
17593
17824
18082
18207
18384
18543
18564
18597
18664
18688
18689
19016
19090
19288
19333
19360
19427
19435
19482
19500
19521
19680
19682
20074
20085
20204
20238
20291
20496
20543
20818
20877
21024
21088
21118
21187
21266
21822
21974
22020
22108
22166
22222
22565
22631
22721
22861
23008
23087
23118
23194
23358
23467
23641
23710
23819
23853
23915
23958
24330
24356
24375
24377
24548
24559
24761
24807
24834
25386
25386
25459
25494
25555
25594
26060
26168
26276
26399
26447
26522
26573
26777
26977
26995
27044
27270
27394
27521
27857
28015
28237
28283
28290
28339
28418
28550
28752
29238
29274
29312
29314
29838
29863
29988
29999
30059
30157
30284
30388
30401
30435
30450
30613
30718
31040
31162
31248
31259
31303
31501
31505
31584
31610
31722
31803
31823
31976
32000
32005
32297
32364
32551
32657
32704
32739
32847
32861
32900
32913
33300
33341
33676
33717
33737
33823
33948
34204
34374
34510
34744
34769
34807
34994
35013
35016
35363
35458
35766
35830
35835
35921
36071
36293
36376
36481
36493
36553
36798
36858
36976
37069
37243
37284
37584
37695
37717
37728
37850
37859
37937
37970
38207
38424
39261
39350
39356
39379
39432
39540
39653
39690
39870
39988
40032
40385
40391
40596
40684
40916
40994
41078
41228
41636
41771
41775
41793
41828
41843
41901
42067
42139
42229
42264
42269
42317
42367
42787
42822
43009
43069
43204
43487
43511
43616
43786
43866
43986
44151
44156
44302
44324
44645
44739
44768
45094
45097
45207
45344
45493
45517
46084
46160
46210
46426
46517
46524
46723
47036
47080
47181
47572
47634
47636
47651
47658
47756
47838
47969
48082
48256
48288
48290
48380
48432
48496
48614
48645
48667
48769
48819
49345
49544
49552
49675
49717
50120
50233
50391
50412
50563
50666
50730
50805
50979
50984
51021
51044
51053
51231
51270
51456
51471
51543
51743
51836
51858
51972
52604
52715
52763
52789
52834
52865
52873
52922
53240
53328
53602
53622
53737
53947
53966
54044
54156
54169
54439
54638
54849
55108
55122
55155
55311
55422
55664
55801
55875
55896
55927
56117
56119
56471
56691
56741
56871
56911
57012
57053
57066
57088
57122
57150
57226
57274
57561
57703
57907
57950
58049
58051
58103
58145
58183
58262
58284
58397
58421
58507
58510
58635
58725
58761
58765
58829
59000
59035
59052
59056
59496
59648
59802
59930
60095
60130
60446
60656
61062
61098
61113
61276
61319
61472
61635
61653
61835
61860
61951
62111
62365
62483
62499
62658
63198
63361
63432
63495
63512
63527
63611
63697
63734
64027
64135
64531
64764
64863
64907
64968
65130
65327
65353
65371
65881
66006
66139
66234
66482
66519
66576
66678
66785
66915
66936
67085
67188
67251
67318
67432
67460
67507
67652
67763
67796
67966
68027
68130
68332
68487
68991
69122
69317
69507
69632
69640
69714
69755
69898
70045
70086
70112
70406
70546
70953
71070
71469
71628
71702
71908
71925
71928
72043
72341
72478
72530
72593
72667
72925
73076
73362
73368
73494
73641
73998
74016
74020
74043
74116
74189
74314
74679
74738
74945
74978
75056
75156
75236
75241
75244
75474
75809
75843
76027
76100
76137
76187
76218
76344
76462
76651
76811
77102
77180
77315
77428
77573
77669
77727
78187
78255
78260
78377
78507
78571
78656
78681
78739
78761
78908
78918
79051
79057
79105
79341
79672
79849
79928
80049
80145
80190
80546
80645
80900
80943
81142
81152
81244
81673
81860
81881
82167
82375
82476
82523
82538
82543
82631
82698
82698
82863
83021
83359
83518
83562
83756
83839
83892
83949
84005
84068
84069
84114
84361
84388
84456
84570
85133
85246
85271
85272
85286
85326
85370
85431
85576
85737
85802
85802
85962
85978
86098
86297
86602
86794
86982
87010
87479
87511
87576
87948
87951
88016
88259
88345
88355
88406
88466
88489
88504
88941
88951
89124
89312
89642
89705
89831
89914
90267
90273
90361
90529
90902
91184
91232
91235
91239
91270
91307
91501
91589
91670
91854
91905
91905
91986
91991
92093
92109
92253
92494
92536
92628
92629
92691
92707
92746
92820
92927
93002
93043
93422
93588
93708
93779
93794
93847
93858
93863
94076
94109
94214
94765
94990
95120
95209
95381
95460
95866
96030
96047
96212
96249
96606
96856
96863
97044
97097
97113
97153
97205
97677
97727
97756
97778
97857
98052
98205
98552
98600
99304
99305
99364
99578
99581
99744
100284
100307
100314
100551
100605
100885
100924
101065
101080
101097
101340
101395
101398
101403
101434
101521
101575
101637
101889
101891
102217
102241
102421
103126
103504
103644
103806
103860
104050
104071
104127
104144
104162
104229
104231
104238
104311
104357
104446
104505
104510
104661
104777
105151
105180
105275
105299
105359
105394
105587
105889
106029
106446
106538
106676
106706
106842
106959
107086
107284
107309
107448
107486
107546
107643
107703
107919
108082
108093
108112
108660
108706
108725
108796
109457
109517
109539
109705
109803
109935
109991
110084
110207
110425
110695
111138
111301
111567
111843
111877
111913
112056
112094
112100
112117
112273
112280
112379
112412
112483
112502
112599
112627
112756
112996
113182
113191
113813
114108
114172
114186
114301
114469
114672
114829
114984
115106
115113
115554
115702
115768
115900
115907
115936
115961
115982
116014
116262
116549
116599
117111
117294
117510
118042
118051
118088
118292
118518
118876
118886
118931
119087
119214
119255
119269
119334
119922
120132
120139
120324
120390
120442
120677
120785
121298
121345
121455
121461
121604
121833
121845
121923
121944
122036
122299
122434
122459
122874
122896
122931
122954
122968
123128
123173
123275
123361
123437
123825
123877
123887
123954
123962
124077
124120
124221
124435
124550
124708
124729
124789
124797
124805
124807
125159
125255
125277
125308
125363
125524
125650
125690
125755
125870
125884
126008
126132
126282
126937
127067
127178
127203
127275
127464
127565
127683
127819
128023
128038
128146
128163
128373
128780
128817
128951
128951
128996
129659
129756
129757
129894
130256
130285
130371
130420
130485
130523
130574
130636
130986
131078
131116
131194
131397
131400
131461
131672
131741
131796
131821
131836
132080
132149
132210
132226
132351
132424
132440
132613
132622
132625
132658
132659
133048
133601
134381
134454
134484
134918
134940
134958
135011
135015
135073
135439
135466
135518
135536
135902
135971
136029
136084
136429
136704
136877
137095
137431
137705
137746
137801
137909
137970
138015
138101
138256
138261
138319
138417
138437
138546
138666
138876
138924
138944
139010
139034
139074
139282
139454
139563
139799
140078
140216
140271
140608
140612
140657
140714
141245
141343
141355
141360
141718
141737
141755
141776
141884
142079
142227
142234
142428
142436
142467
142553
142840
143055
143068
143130
143175
143386
143569
143660
143746
143814
143976
144101
144273
144478
144624
144684
144962
144990
145122
145139
145168
145364
145515
145593
145881
145893
145947
146094
146130
146183
146242
146245
146387
146570
146602
146602
146723
146918
146924
147823
147872
148302
148437
148524
148781
148867
148875
148922
149065
149182
149363
149398
149484
149588
149623
149675
149729
150014
150291
150353
150375
150473
150677
150699
150850
150966
150979
151065
151141
151601
152012
152063
152460
152593
152634
152764
153346
153690
153730
153773
153966
154119
154297
154334
154381
154394
154627
154728
154996
155447
155810
155937
156396
156527
156688
156868
157134
157300
157682
157752
157777
157791
157997
158178
158249
158470
158948
158963
159087
159268
159312
159544
159560
159603
159628
159661
159717
159844
159894
160049
160398
160435
160536
160607
160902
161128
161210
161421
161442
161489
161556
161573
161712
161985
162103
162119
162131
162164
162287
162358
162604
162879
162924
162938
163024
163061
163068
163132
163302
163337
163396
163803
163821
164256
164428
164574
164756
164757
164776
164916
164922
164959
165095
165239
165321
165505
165633
165870
166108
166252
166594
166644
166786
167067
167147
167623
167637
167804
168005
168063
168164
168178
168300
168367
168518
168851
168872
168969
168980
169056
169072
169150
169305
169322
169367
169401
169530
169678
169850
169856
169957
170028
170030
170495
170647
170770
171162
171211
171303
171392
171418
171461
171493
171586
171616
171623
171664
172016
172140
172248
172284
172436
172516
172567
172681
172750
173221
173333
173436
173494
173518
174024
174202
174203
174267
174299
174868
174936
175423
175555
175825
175852
175924
175936
176132
176139
176242
176389
176580
176596
176654
176725
176830
176939
176947
176971
177123
177400
177938
178299
178377
178585
178662
178776
178805
179168
179557
179774
180277
180475
180700
180923
181100
181328
181370
181457
181585
181621
181771
181803
182008
182055
182058
182337
182338
182412
182576
182865
183034
183364
183488
183594
183745
183920
183925
184020
184108
184210
184219
184264
184355
184503
184532
184579
184721
184724
185021
185173
185187
185297
185331
185422
185655
185695
185725
185760
185983
186034
186212
186446
186535
186637
186715
186870
186888
186927
186967
187144
187150
187313
187646
187883
188069
188146
188168
188191
188329
188518
188656
188697
188836
188842
189311
189333
189578
189716
189827
189927
190063
190118
190121
190281
190334
190361
190438
190495
190525
190582
190627
190902
191012
191046
191295
191303
191571
191756
191763
191845
191937
192030
192059
192095
192396
192453
192535
192617
192622
192789
192913
192993
192994
193216
193346
193365
193523
193699
193839
193888
194140
194159
194166
194461
194514
194723
194818
194846
194945
195191
195203
195237
195331
195524
195684
195757
195827
195870
195994
196591
196656
196734
196831
197051
197070
197191
197264
197646
197651
197852
197988
198000
198078
198149
198535
198554
198567
198623
198795
198905
198941
199058
199234
199291
199405
199452
199460
199609
199644
199684
199822
199867
200025
200437
200663
200810
200812
200844
200928
201455
201585
201638
201731
201964
201977
202042
202268
202276
202304
202334
202454
202541
202776
202817
202946
202969
203029
203061
203160
203245
203265
203290
203411
203659
203684
203689
203771
203833
204044
204342
204467
204480
204864
204916
205012
205027
205063
205116
205402
205607
205813
205827
206134
206153
206255
206323
206763
206841
207048
207139
207155
207265
207363
207679
207722
207747
207931
207939
208078
208097
208490
208512
208564
208628
208666
208803
208907
209059
209077
209089
209134
209366
209537
209968
210125
210371
210411
210488
210553
210668
210753
210993
210999
211243
211248
211522
211538
211638
211752
211843
211892
212067
212159
212165
212516
212658
212887
213011
213103
213384
213660
213734
213797
213889
214034
214178
214423
214514
214623
214733
214891
214994
215055
215131
215479
215606
215770
215997
216046
216157
216302
216577
216617
216630
216761
216844
216851
216909
216918
217039
217045
217167
217418
217636
217642
217739
217946
217950
218059
218076
218113
218269
218852
218951
219018
219101
219114
219191
219675
219855
219857
219929
219972
220364
220382
220528
220570
220746
220992
221173
221258
221280
221299
221416
221457
221569
221622
221642
221998
222105
222143
222184
222262
222317
222680
222759
223201
223202
223263
223296
223447
223483
223562
223643
223796
223873
224117
224188
224280
224296
224380
224439
224653
224706
224857
224880
225030
225058
225147
225197
225257
225452
225463
225471
225551
225624
225683
225817
225872
226245
226259
226509
226516
226684
226729
227005
227106
227114
227235
227288
227920
228131
228311
228353
228670
229093
229119
229145
229218
229289
229402
229613
229956
230032
230240
230396
230486
230708
230720
230807
230924
231015
231073
231090
231114
231331
231530
231611
231633
231726
231812
231881
231988
232369
232371
232384
232505
232625
232716
232844
233042
233165
233269
233306
233310
233565
233627
233762
234211
234427
234517
234559
234586
234743
235031
235098
235166
235211
235293
235443
235530
235647
235651
235699
235835
235869
235892
236072
236124
236208
236227
236451
236675
237080
237583
237662
238112
238263
238479
238603
238612
238684
238703
238762
238792
238794
238831
238907
238908
239132
239369
239474
239655
239756
240138
240645
240664
240819
241062
241101
241129
241134
241175
241536
241830
242045
242321
242756
242889
242944
243115
243117
243120
243206
243388
243400
243429
243446
243471
243527
244179
244308
244424
244434
244454
244603
244677
244726
244819
244954
245030
245065
245296
245297
245557
245707
245882
245891
245982
246096
246149
246204
246313
246322
246452
246523
246526
247128
247549
247674
247817
248038
248102
248312
248427
248673
248783
248808
248930
248987
249404
249466
249541
249730
249731
249732
249760
249794
249986
250011
250270
250284
250702
250920
251002
251052
251154
251232
251269
251279
251283
251326
251403
251495
251550
251645
251679
251823
251865
252013
252095
252132
252228
252302
252357
252487
252545
252579
252671
252713
252912
252943
252969
253113
253370
253377
253387
253442
253596
253643
253646
253708
253916
253967
253985
254046
254335
254381
254448
254497
254701
255137
255213
255259
255343
255603
255957
256000
256043
256130
256155
256167
256315
256396
256437
256456
256464
256505
256602
256739
256750
256859
256949
257046
257074
257103
257217
257472
257616
257654
257815
257878
257997
258130
258176
258191
258219
258768
259156
259590
259834
259970
260178
260236
260347
260406
260556
260742
260940
261703
262084
262129
262357
262556
262557
262667
262700
262750
263433
263591
263731
263752
263843
263882
264279
264287
264310
264399
264450
264505
264534
264572
264578
264589
264607
265143
265293
265438
265466
265480
265558
265568
265630
265666
265698
265744
265793
265853
265996
266075
266275
266386
266834
266853
266855
266860
266886
266944
267138
267142
267296
267432
267489
267608
267954
268150
268397
268410
268521
268536
268772
268853
268870
268878
268964
268970
268971
269090
269142
269152
269296
269466
269647
269802
269818
269866
270085
270097
270123
270166
270296
270363
270400
270442
270484
270583
270857
270872
270931
271087
271163
271179
271182
271321
271380
271418
271580
271698
271875
271989
272014
272017
272035
272064
272066
272071
272220
272234
272537
272622
272784
272898
273144
273458
273673
273976
274121
274224
274243
274246
274352
274708
274753
274875
275142
275443
275857
275870
275918
276026
276065
276100
276740
276909
277166
277265
277301
277391
277585
277609
277681
277769
277867
278183
278226
278266
278268
278399
278747
278882
278955
279011
279012
279142
279403
279443
279586
279739
279750
280000
280116
280311
280536
280647
280659
280773
280783
280812
281016
281042
281365
281434
281482
281685
281710
281805
282047
282095
282289
282411
282515
282533
282676
282975
283132
283226
283275
283433
283568
283718
283755
283813
283995
284100
284407
284420
284449
284456
284523
284618
284638
284826
284868
284953
284962
285011
285069
285241
285270
285410
285609
285610
285646
285711
285808
285935
285965
285980
286035
286284
286314
286453
286698
286737
287220
287272
287394
287530
287533
287574
287632
287780
287794
287925
288111
288244
288328
288342
288515
288573
288751
288782
288815
289179
289281
289442
289494
289629
289979
290409
290420
290586
290629
290734
290739
290752
290861
290864
290984
291151
291313
291343
291396
291399
291473
291721
291818
292277
292352
292398
292518
292881
292911
292972
292976
293068
293222
293486
293540
293563
293631
294014
294051
294133
294415
294727
294864
295052
295086
295146
295428
295487
295560
295625
295702
295868
296055
296085
296120
296132
296230
296271
296368
296660
296664
296755
296778
296810
296941
297279
297299
297592
297620
297647
297685
297718
297774
297825
297841
297867
298070
298110
298535
298563
298636
298671
298677
298774
299196
299246
299264
299351
299386
299512
299612
299703
299926
299929
299952
299970
300033
300130
300195
300264
300409
300476
300497
300505
300637
300835
300837
301013
301038
301267
301285
301303
301535
301763
301873
301952
302035
302253
302490
302749
302910
302955
302990
303019
303070
303073
303103
303251
303262
303266
303584
303594
303869
303916
304101
304112
304126
304239
304282
304292
304665
304680
304921
305034
305597
305791
305884
305926
305926
306091
306191
306811
307029
307105
307130
307165
307214
307249
307307
307441
307538
307616
307797
307821
307851
307962
308176
308250
308420
308424
308445
308494
308857
309035
309072
309152
309398
309539
309779
310306
310575
310702
310855
310883
311345
311643
311652
311756
311844
311905
311939
311982
312052
312242
312393
312411
312529
312682
312869
312949
313002
313020
313653
313742
313746
313779
313911
313928
313976
314049
314090
314242
314278
314294
314531
314783
314813
314869
314930
315133
315252
315635
315658
315691
315977
316008
316036
316524
316638
316644
316981
317078
317127
317262
317336
317864
318259
318282
318369
318514
318545
318606
318734
318948
318997
319026
319485
319518
319749
320037
320066
320105
320116
320866
320893
320903
321001
321085
321166
321249
321443
321462
321587
321682
321860
321968
322158
322160
322253
322586
322589
322817
322859
323084
323200
323409
323432
323721
323754
323895
323906
324023
324252
324264
324319
324324
324479
324608
324673
324687
324792
324991
325019
325159
325719
325798
325855
326166
326196
326252
326278
326563
326730
326985
327096
327151
327186
327325
327392
327447
327644
327737
327852
327924
328097
328108
328175
328231
328266
328478
328530
328540
328726
328813
328870
328883
328932
329004
329266
329406
329489
329753
329966
329979
330046
330085
330171
330189
330232
330512
330563
330744
330808
330903
330978
331019
331032
331190
331434
331556
331599
331799
331920
332005
332165
332444
332515
332563
332748
332763
332828
333265
333323
333530
333535
333645
333909
333960
333989
334220
334338
334385
334647
334861
334862
334904
335086
335193
335202
335383
335688
335787
335948
336104
336150
336303
336355
336448
336464
336516
336628
336848
337222
337246
337435
337565
337613
337943
337959
338067
338079
338134
338190
338258
338553
338559
338578
338651
338863
339106
339123
339180
339220
339229
339301
339541
339644
339705
339720
339778
339834
339842
339902
340035
340166
340310
340650
340796
340843
340873
340888
341124
341142
341145
341167
341322
341338
341772
341874
342264
342296
342410
342474
343001
343285
343317
343405
343495
343527
343582
343823
343887
343887
343964
343981
344015
344055
344098
344455
344504
344638
344698
344700
344936
344958
345018
345185
345417
345808
346121
346224
346254
346318
346320
346517
346769
347005
347038
347127
347210
347212
347295
347310
347667
347741
348035
348166
348185
348351
348556
348611
348655
348703
348714
348997
349149
349153
349159
349340
349594
349937
350072
350096
350189
351126
351484
351567
351839
351932
352075
352163
352297
352340
352752
352877
353035
353102
353112
353251
353370
353531
353645
353648
353918
354117
354426
354532
355143
355209
355267
355470
355611
355787
355793
355886
356248
356255
356524
356566
356673
356852
356922
356991
357264
357283
357324
357386
357556
357617
357704
357773
357787
357849
358010
358140
358318
358454
358464
358575
358747
358775
358783
359020
359111
359396
359509
359527
359770
359833
360022
360046
360213
360362
360513
360515
360556
360605
360680
360722
360973
361504
361547
361627
361778
361835
361997
362370
362527
362718
362877
362960
363007
363068
363126
363698
363811
363829
363942
364109
364261
364307
364793
365000
365100
365165
365382
365415
365686
365880
366040
366074
366104
366274
366295
366380
366952
367412
367720
367743
367849
367993
368056
368096
368126
368496
368680
368820
368861
369252
369378
369397
369577
369703
369720
369818
369942
369964
369986
370179
370294
370490
370514
370599
370702
370784
371184
371228
371341
371373
371613
371621
371842
372236
372249
372260
372317
372643
372652
372687
372769
372885
373008
373046
373415
373699
373777
373801
373852
373892
374005
374224
374483
374587
374601
374787
374834
374948
375076
375451
375456
375647
375665
375752
375767
376152
376211
376220
376228
376382
376451
376673
376742
376747
376764
376857
376877
377530
377592
377626
377788
377829
377914
378330
378407
378425
378586
378769
379000
379046
379064
379488
379556
379644
379655
379735
379886
379911
380153
380558
380564
380569
380701
380831
380922
381100
381201
381246
381422
381476
381525
381525
381730
382089
382128
382172
382476
382600
382786
382800
383474
383477
383719
383937
383978
384004
384027
384583
384591
384691
384691
385015
385018
385158
385203
385230
385288
385306
385356
385387
385422
385559
385701
385733
385749
385822
386165
386365
386380
386689
386692
386752
386935
386951
386971
387127
387216
387295
387417
387733
387796
387968
388393
388527
388560
388705
388754
388980
389031
389124
389139
389456
389627
389759
389809
390069
390085
390099
390151
390233
390446
390457
390577
390658
390735
390820
390826
390895
390902
390932
390947
391009
391155
391289
391404
391728
391749
392023
392167
392304
392368
392927
392964
392983
393059
393123
393386
393522
393591
393707
393722
393808
393821
394140
394168
394256
394355
394552
394707
394734
394885
394986
394993
395198
395206
395737
395909
395997
396049
396050
396770
396984
397564
397919
398084
398145
398160
398205
398328
398399
398494
398494
398515
398625
398698
398827
399228
399283
399363
399441
399479
399528
399556
399708
399949
399979
400216
400580
400809
400999
401058
401094
401189
401428
401450
401452
401541
401692
401739
401836
401850
401892
402215
402601
402619
402678
402772
402988
403072
403100
403107
403286
403287
403566
403633
403637
403760
403991
404006
404066
404284
404384
404395
404424
404460
404574
404707
404810
405045
405218
405229
405235
405304
405311
405378
405445
405624
405634
405681
405910
405938
406545
406551
406574
406590
406700
406872
407275
407281
407356
407589
407659
407970
408331
408767
408968
409118
409248
409372
409423
409443
409468
409478
409583
409841
409967
410057
410328
410560
410732
410867
411185
411329
411426
411849
411942
412033
412374
412642
412644
412797
412980
412981
413194
413380
413456
413463
413467
413492
413492
413670
413751
413795
414062
414268
414272
414349
414352
414374
414410
414422
414472
415049
415058
415201
415235
415535
415590
415910
416236
416295
416423
416612
416638
416813
416911
417180
417320
417346
417595
417723
418078
418190
418440
418497
418513
418539
418792
418802
418956
419045
419084
419134
419151
419246
419288
419636
419676
419873
419948
420004
420444
420456
420775
421065
421189
421254
421383
421387
421445
421533
421691
421832
421923
421943
422276
422803
422885
423095
423514
423556
424062
424194
424696
424745
424776
424809
424837
424948
425011
425100
425170
425185
425285
425896
426033
426116
426133
426199
426469
426656
426897
426957
427001
427080
427384
427532
427557
427720
427877
428073
428079
428122
428266
428504
428516
428562
428687
428809
428918
429058
429103
429118
429228
429465
429503
429551
429558
429589
429594
429897
429930
430588
430596
430758
430790
430903
430970
431015
431041
431130
431283
431289
431351
431369
431408
431412
432044
432136
432181
432207
432249
432336
432478
432555
432589
432630
432703
432777
432797
432856
433010
433365
433442
433527
433544
433580
434017
434179
434200
434379
434459
434701
434780
434784
434811
434823
434981
434993
435110
435122
435279
435650
435762
436256
436262
436446
436810
436868
436994
437142
437162
437254
437258
437302
437324
437340
437474
437483
437545
437613
437914
437981
438017
438075
438187
438233
438343
438592
438838
438879
438970
439002
439032
439137
439190
439837
440130
440470
440486
440557
440668
440857
440878
441152
441218
441246
441265
441284
441392
441445
441512
441515
441534
441556
441876
442004
442203
442207
442323
442465
442624
442752
443099
443133
443175
443335
443372
443393
443598
443620
443635
443681
444003
444111
444172
444282
444542
444628
444676
444766
444976
445023
445611
445622
445687
445831
445965
445976
446036
446050
446053
446148
446469
446536
446586
446749
446850
446942
446966
447413
447815
447818
447818
447825
447888
447989
448084
448360
448460
448528
448707
448885
448928
448957
449393
449551
449624
449699
449727
450040
450071
450167
450215
450223
450433
450459
450671
451456
451533
451583
451633
451739
451743
451995
452063
452114
452232
452346
452365
452396
452405
452429
452480
452496
452679
452746
452921
453058
453084
453137
453191
453404
453523
453623
453699
453901
453908
454219
454405
454691
454835
454842
454843
454901
454938
455083
455619
455784
455831
456245
456266
456912
457151
457332
457411
457416
457576
457694
457929
457965
458112
458132
458146
458211
458347
458362
458616
458680
459013
459260
459385
459385
459679
459712
459747
459815
459949
460042
460151
460186
460195
460361
460476
460485
460597
460682
461097
461323
461359
461615
461678
461831
462128
462401
462489
462497
462558
462952
462978
463022
463082
463122
463155
463290
463645
463675
463720
463842
464172
464215
464500
464689
464709
464832
465131
465275
465344
465564
465870
466207
466562
466603
466976
467026
467220
467232
467244
467392
467426
467565
467918
467960
468018
468040
468173
468201
468219
468433
468508
468533
468595
468605
468682
469015
469075
469247
469618
469896
469941
470335
470445
470445
470449
470866
470915
470949
471227
471320
471361
471442
471476
471517
471834
472065
472110
472213
472217
472358
472433
472543
472638
472851
472853
472891
472990
472992
473052
473063
473100
473160
473166
473302
473619
473791
474028
474035
474307
474397
474575
474653
474725
474835
474893
474958
475201
475273
475467
475530
475589
475833
475913
475920
476105
476262
476337
476340
476365
476519
476564
476871
476896
476927
476988
477202
477210
477502
477831
477881
477896
478185
478242
478255
478337
478435
478519
478580
478689
479046
479050
479094
479112
479136
479240
479458
479526
479593
479873
479931
479979
480003
480144
480164
480189
480282
480333
480506
480535
480611
480808
480914
481183
481267
481416
481556
481843
481925
482030
482065
482151
482194
482555
482624
482693
483055
483186
483227
483265
483322
483372
483512
483724
483979
484253
484354
484362
484466
484874
484914
485214
485216
485716
485779
485932
485957
486004
486213
486345
486584
486787
486911
487081
487165
487753
487756
487956
488292
488295
488478
488529
488548
488623
488875
489244
489280
489301
489463
489542
489578
489813
489867
489871
490022
490562
490667
490756
490835
490894
490912
491311
491345
491354
491442
491524
491680
491765
491856
491952
492128
492393
492436
492642
493479
493580
493761
493905
494096
494108
494223
494224
494237
494296
494354
494418
494465
494509
494595
494612
494692
494780
494836
494850
494854
495078
495102
495242
495409
495677
496023
496096
496258
496275
496300
496590
496933
497189
497321
497344
497501
497509
497546
497676
497836
498024
498539
498648
498780
498990
499023
499278
499547
499586
499709
499778
499839
499906
499928
500104
500295
500467
500738
500939
500941
501031
501064
501109
501393
501417
501437
501650
501863
501901
501917
502013
502096
502211
502239
502344
502453
502479
502516
502526
502759
502783
502956
503183
503215
503396
503523
503576
503629
503803
504010
504058
504097
504195
504342
504425
504534
504661
504671
504678
504698
504721
504931
504932
505009
505063
505183
505226
505364
505390
505416
505628
505926
505930
506115
506366
506464
506596
506613
506688
506725
506743
506805
506995
507065
507270
507271
507365
507425
507460
507475
507497
507829
508022
508317
508363
508385
508390
508434
508506
508567
508576
508632
508711
508741
508753
508768
508920
509163
509666
509725
509965
509999
510020
510049
510122
510177
510220
510423
510438
510610
510695
510864
511071
511157
511179
511286
511530
511567
511700
511813
511968
512185
512192
512349
512899
512913
513261
513267
513354
513371
513373
513825
513890
514104
514115
514423
514465
514492
514906
515103
515342
515380
515410
515589
515595
515935
516060
516297
516426
516474
516494
516551
516665
516720
516844
516851
516894
517087
517262
517319
517361
517451
517522
517623
517660
517690
517729
517762
517798
517876
518066
518415
518573
518704
519254
519302
519302
519361
519532
519558
519565
519748
519885
519903
520055
520131
520233
520275
520409
520595
520621
520642
520810
520854
521268
521629
521720
521861
521925
521935
521986
521991
522200
522237
522365
522484
522607
522804
522830
522858
522882
522937
523132
523317
523461
523493
523528
523644
523807
524026
524029
524344
524691
524803
525469
525817
525895
526151
526373
526573
526810
527070
527491
527671
527701
527907
528084
528118
528122
528601
528912
529009
529307
529435
529627
529642
529676
529804
529876
529883
530038
530205
530298
530344
530410
530548
530551
530726
530931
531059
531188
531207
531310
531415
531442
531516
531531
531650
532218
532265
532274
532364
532488
532500
532543
532600
532607
532620
532625
532664
532712
532992
533050
533075
533113
533605
533860
533946
534160
534418
534419
534562
534644
534689
534757
534894
534980
535063
535115
535134
535253
535493
535698
535829
535874
536069
536149
536223
536243
536423
536725
537563
537598
537646
537694
537778
538164
538233
538286
538313
538504
538524
538567
538611
538839
538992
539055
539185
539264
539337
539509
539618
539723
539841
540104
540179
540425
540809
540919
540953
541366
541582
541638
541646
541694
541741
541893
542224
542241
542267
542326
542509
542609
542621
542846
542892
543365
543410
543521
543677
543689
543803
544002
544131
544245
544459
544614
544854
544862
545030
545038
545156
545276
545277
545480
545514
545757
545766
545815
545824
546007
546036
546071
546128
546430
546680
546789
547026
547033
547334
547362
547534
547662
547674
547691
547763
548055
548108
548221
548258
548474
548756
548990
549023
549049
549409
549424
549431
549471
549499
549525
549616
549780
549945
550045
550054
550058
550065
550148
550201
550322
550332
550527
550584
550708
550715
550755
550786
550881
550909
551191
551194
551319
551334
551351
551419
551554
551564
551699
551736
551754
551863
551942
552532
552941
553306
553420
553449
553464
553835
554005
554048
554050
554257
554347
554517
554569
554573
554638
555074
555381
555464
555607
555761
555826
555899
556017
556096
556402
556529
556577
557077
557143
557445
557546
557556
557565
557665
557693
558120
558388
558579
558707
559141
559463
559520
559635
559819
559852
560088
560137
560252
560338
560528
560737
560875
560933
561019
561249
561260
561261
561526
561530
561611
561647
561694
561760
561907
562041
562304
562436
562485
562537
562631
562633
562686
562702
562977
563058
563061
563082
563228
563230
563311
563449
563643
563736
563845
563870
564006
564213
564502
564583
564611
564673
564760
564820
564872
565012
565054
565196
565223
565230
565241
565287
565325
565559
565718
565774
565958
565968
566152
566194
566223
566243
566285
566291
566419
566674
566937
567079
567115
567120
567187
567190
567272
567275
567292
567373
567403
567465
567558
567619
567774
568021
568123
568300
568336
568351
568416
568443
568645
568746
568813
568816
569117
569143
569368
569512
569547
569623
569700
569802
569834
569934
570137
570264
570342
570605
570648
570680
570746
570841
570943
571084
571112
571588
571597
571760
572404
572549
572561
572659
572720
572844
573114
573358
573401
573422
573454
573460
573598
573809
574287
574302
574336
574361
574385
574467
575083
575595
575692
575866
575989
576012
576104
576257
576340
576543
576609
576639
576657
576684
577126
577135
577353
577366
577413
577428
577448
577460
577603
577663
577740
577795
577854
577893
577968
578335
578727
578762
578905
579046
579116
579212
579434
579716
580051
580063
580423
580444
580486
580550
580585
580768
580856
581118
581122
581257
581343
581533
581661
581773
582049
582107
582302
582453
582566
582654
582844
583100
583305
583313
583483
583523
583526
583598
583731
583772
583840
583922
584054
584068
584330
584366
584374
584690
584759
584840
584882
585266
585282
585409
585626
585697
585865
586016
586581
586738
587143
587263
587828
588100
588478
588483
588518
588558
588752
588848
589115
589207
589300
589377
590028
590070
590138
590295
590318
590355
590359
590406
590438
590454
590577
590652
590702
590705
590934
590936
591142
591172
591364
591390
591396
591836
591913
592213
592598
592813
592871
592931
593250
593354
593453
593500
593505
593529
594288
594459
594681
594910
594956
595003
595052
595064
595813
595906
596176
596182
596220
596563
596893
597186
597228
597330
597349
597719
597720
597734
598400
598446
598597
598760
598970
598990
599019
599039
599064
599212
599349
599500
599628
600071
600356
600689
600915
600966
601063
601255
601288
601917
601951
602086
602107
602179
602192
602444
602667
602831
602883
602893
602899
602943
602976
603078
603146
603173
603212
603422
603437
603618
603736
603774
603912
603941
604072
604098
604155
604408
604418
604428
604539
604805
605331
605339
605373
605628
605661
605705
605787
605886
605911
606105
606139
606505
606600
606933
607118
607182
607238
607297
607323
607470
607684
607708
607790
607858
607871
607896
607940
607961
608101
608613
608646
608853
609433
609796
609836
610092
610195
610363
610374
610681
610833
610921
611008
611217
611297
611326
611537
611549
611604
611652
611661
611705
611852
612036
612099
612108
612128
612282
612311
612455
612505
612775
612949
612971
613062
613066
613081
613119
613180
613188
613250
613410
613417
613605
613617
613741
613779
613800
613822
613860
613865
613988
614127
614219
614270
614308
614348
614355
614624
614690
614727
614920
615104
615115
615451
615481
615723
615728
616289
616398
616562
616688
617226
617435
617534
617635
617698
617709
618077
618453
618500
618542
618644
618738
618838
618906
619225
619375
619468
619615
619912
619918
619925
620351
620430
620443
620459
620569
620587
620587
620794
620837
620887
620988
621251
621374
621746
621907
622039
622046
622466
622489
622573
622576
622722
622770
622821
622846
622886
623079
623117
623126
623402
623592
623660
623706
623897
624065
624340
624549
624810
624867
625146
625275
625380
625430
625480
625896
625928
625943
625991
626015
626165
626414
626461
626594
626653
626839
626954
627058
627068
627272
627286
627289
627316
627317
627373
628063
628185
628270
628285
628752
628840
628999
629055
629126
629148
629391
629421
629538
629743
629772
629844
630112
630314
630363
630377
630396
630439
630478
630742
630893
631052
631543
632313
632342
632420
632479
632503
632619
632653
632830
632912
632992
633028
633094
633105
633200
633213
633264
633273
633299
633362
633386
633407
633460
633671
633747
633750
633790
634025
634107
634128
634492
634854
635276
635356
635389
635406
635461
635525
635642
635810
635867
636002
636181
636356
636569
636599
636611
636684
636724
636777
636794
637093
637132
637254
637277
637399
637486
637538
637689
637759
637863
638002
638038
638045
638082
638200
638408
638437
638447
638568
638907
639018
639073
639286
639347
639363
639389
639432
639508
639542
639929
639951
640041
640069
640254
640578
640820
640967
641265
641613
641665
641942
641961
642232
642320
642755
642821
642895
643200
643430
643538
643619
643778
643921
644012
644067
644094
644131
644360
644427
644437
644466
644651
644685
644831
644837
644840
645003
645015
645281
645301
645792
645814
646168
646494
646640
646808
646940
646990
647189
647513
647516
647560
647682
647928
648091
648464
648517
648531
648623
648716
648792
648852
648965
649119
649300
649493
649628
649767
649900
649901
649932
649987
650063
650101
650142
650403
650413
650612
650693
650715
650716
650767
650841
651012
651258
651299
651322
651402
651422
651505
651573
651749
651870
651970
652089
652129
652243
652395
652859
652867
652909
652946
652961
653385
653692
653721
653814
653932
654023
654167
654537
654603
654614
654625
654681
654736
654769
654789
654856
655002
655387
655482
655590
655591
655804
655968
656083
656110
656143
656490
656507
656653
656714
656759
656827
657010
657119
657152
657195
657297
657370
657531
657680
657821
657822
657861
657861
657876
657884
657941
657989
658277
658335
658341
658388
658668
658941
659063
659095
659129
659423
659490
659495
659706
659747
659958
659987
660037
660079
660326
660424
660531
660807
660908
661077
661173
661301
661313
661344
661362
661560
661574
661650
661753
661781
661945
661985
662216
662351
662446
662469
662627
662837
662868
662948
662959
662987
663301
663383
663525
663568
663583
663737
663750
663938
664033
664037
664041
664140
664145
664203
664342
664432
664458
664532
664574
664709
665273
666156
666263
666372
666600
666906
666978
667098
667197
667337
667388
667579
667623
667691
667787
667828
667919
668129
668202
668259
668301
668918
669010
669237
669254
669443
669541
669566
669592
669799
669965
670033
670091
670385
670728
670807
670871
670948
671212
671227
671286
671413
671897
671942
671943
672193
672300
672382
672387
672409
672434
672594
673035
673103
673233
673464
673482
673764
673800
673960
673996
674816
675047
675101
675114
675345
675394
675453
675782
675787
675866
675890
676093
676232
676436
676491
676818
676825
676958
677013
677095
677185
677887
677889
677947
678127
678266
678369
678678
678682
678690
678857
679091
679096
679153
679198
679409
679574
679646
679718
679816
679850
679949
679981
679991
680176
680211
680250
680358
680475
680497
680831
681620
681729
681896
682165
682268
682269
682385
682568
682758
682875
683012
683044
683061
683062
683137
683208
683272
683275
683431
683452
683947
683954
683965
684086
684090
684113
684140
684460
684501
684676
684683
684862
684936
684965
685066
685198
685277
685570
685590
685739
685975
685980
686036
686105
686161
686280
686389
686434
686619
686958
686958
687083
687120
687324
687570
687773
687802
687810
687820
687869
687878
687938
688013
688089
688422
688625
688737
689354
689355
689381
689582
689671
689714
689797
689876
690011
690240
690479
690715
690771
690917
690940
691143
691162
691244
691501
691535
691755
691946
691967
692311
692525
692557
692589
692626
692734
692842
692844
692881
692899
693102
693144
693518
693541
693774
693847
694108
694178
694368
694833
694920
694963
694964
695183
695291
695365
695538
695687
695908
696033
696118
696136
696278
696350
696362
696384
696452
696567
696671
696771
696776
696792
696938
696948
697335
697347
697439
697440
697483
698008
698061
698108
698166
698415
698563
698637
698977
699002
699035
699065
699102
699217
699299
699672
699724
699745
699786
700511
700717
700994
701002
701182
701257
701293
701462
701508
701594
701686
701701
701784
701816
702521
702564
702577
702580
702597
702786
702841
702863
702916
703006
703064
703075
703158
703228
703433
703525
703535
703559
703672
703885
704284
704331
704478
704960
705082
705125
705142
705520
705585
705650
705696
705759
705861
705923
705931
705988
706235
706248
706339
706368
706587
706769
706774
706817
706844
707079
707137
707484
707770
707798
708113
708183
708220
708425
708599
708600
708686
708726
708830
708928
709025
709410
709471
709719
709741
709808
709943
709984
710246
710404
710663
710706
710712
710971
711201
711220
711314
711479
711558
711656
712112
712157
712239
712284
712481
712492
712588
713080
713245
713306
713370
713615
713650
713717
713834
714073
714093
714268
714374
714693
714809
714871
714926
715304
715313
715577
715620
715632
715685
715705
715882
715952
715968
716224
716317
716757
716769
716825
716846
716862
717086
717287
717383
717438
717624
717640
717646
717742
717904
718074
718084
718213
718221
718282
718356
718404
718602
718948
719055
719269
719324
719410
719784
719814
719952
720079
720102
720242
720346
720467
720505
720655
720707
720925
720993
721398
721481
721518
721549
721672
721774
721946
721976
722068
722069
722160
722350
722435
722575
722606
722643
722767
723111
723161
723221
723658
723720
724160
724575
724722
724811
725027
725060
725191
725265
725614
725665
725811
725839
726082
726120
726420
726429
726549
726713
726959
727100
727116
727218
727224
727375
727917
727958
728068
728102
728178
728624
728701
728906
728942
729007
729303
729356
729453
729497
730368
730440
730497
730637
730687
730696
730743
730811
731003
731122
731135
731227
731365
731533
731913
731965
731998
732000
732057
732421
732668
732689
732840
732865
733009
733309
733325
733360
733794
733895
733900
734194
734361
734619
734884
735081
735104
735132
735310
735337
735767
735907
735983
736053
736161
736341
736798
737039
737176
737241
737394
737536
737656
737827
737913
737936
738076
738244
738333
738364
738402
738490
738848
738968
738976
739134
739256
739297
739446
739465
739562
739660
739793
739863
739871
739876
739916
739928
740093
740105
740127
740308
740337
740370
740472
740487
740708
740991
740994
741020
741457
741555
741587
741703
741743
741831
741959
742049
742182
742335
742802
742869
742891
742985
743108
743406
743657
743788
744004
744075
744156
744341
744436
744475
744533
744544
744572
744610
744773
744824
744900
744975
745061
745086
745451
745500
745720
745730
745949
746246
746451
746502
746728
746746
746797
747379
747525
747660
747707
747829
747959
748461
748474
748623
748634
749053
749142
749586
749637
749806
749820
750010
750085
750349
750523
750741
751232
751271
751422
751455
751518
751520
751642
751648
751774
752223
752277
752392
752592
752705
753068
753251
753286
753304
753675
753698
753839
753921
753994
754108
754243
754280
754372
754453
754537
754700
754765
754923
754950
755018
755089
755158
755160
755278
755465
755613
755819
755892
755903
756061
756095
756281
756405
756427
756702
756789
756833
756978
757056
757159
757261
757283
757320
757358
757442
757452
757571
757675
757717
757789
757791
757831
758079
758676
758809
758910
759032
759241
759696
759759
759965
760240
760359
760395
760508
760614
760803
760816
760838
760850
760905
761075
761352
761438
761688
761711
761741
761955
762089
762242
762801
762851
762866
762896
763400
763440
763496
763498
763587
763630
763683
763927
763936
763943
764001
764022
764064
764226
764300
764424
764454
764504
764518
764559
764621
764643
764831
765295
765356
765461
765528
765559
765879
766174
766371
766389
766400
766648
766729
766905
766905
767050
767064
767300
767709
767724
767729
767909
768101
768135
768220
768363
768461
768542
768663
768715
768723
768907
769047
769381
769439
769507
769546
769547
769679
769794
769808
769884
770015
770286
770645
770737
770841
770863
770885
771168
771184
771250
771670
771699
771768
772011
772082
772149
772207
772547
772896
773031
773044
773049
773260
773662
773704
773958
773965
774005
774138
774148
774294
774303
774352
774372
774484
774525
774558
774866
774972
775109
775193
775207
775256
775318
775399
775401
775466
775585
775604
775674
775978
776057
776078
776173
776213
776265
776464
776468
776517
776559
776744
776825
776862
776874
776959
777107
777228
777567
777637
778065
778081
778129
778509
778630
778734
778737
778777
778795
778865
779004
779061
779105
779265
779301
779340
779584
779695
779875
779888
779892
779972
780022
780118
780147
780484
780488
780920
780942
781279
781333
781339
781374
781620
781751
781783
781978
782101
782163
782362
782400
782736
782844
782975
783151
783177
783276
783364
783488
783809
784101
784183
784216
784232
784401
784609
784648
784687
784890
785045
785124
785182
785458
785523
786001
786120
786536
786723
786881
787007
787033
787129
787215
787387
787424
787487
787515
787567
787833
788101
788147
788214
788325
788948
788955
789084
789148
789169
789261
789309
789388
789451
789526
789672
790220
790247
790379
790626
790813
790818
790981
790998
791014
791036
791134
791193
791378
791396
791407
791451
791496
791637
791683
791766
791783
791946
792155
792252
792562
792686
792929
793196
793323
793450
793502
793571
793577
793652
793810
793923
794067
794308
794389
794580
794585
794662
795176
795604
795622
795654
795800
795812
795836
795856
796001
796011
796168
796227
796345
796379
796530
796918
797004
797099
797109
797143
797215
797281
797301
797465
797680
797880
797954
798006
798264
798367
798480
798669
799010
799212
799270
799385
799597
799630
799792
799820
799940
800066
800297
800380
800413
800636
800658
800665
800750
800768
800802
800885
801111
801128
801187
801440
801757
801761
801823
801916
801989
802217
802227
802256
802367
802377
802389
802396
802424
802687
802735
802859
802948
803188
803192
803377
803386
803468
803719
803866
803929
804122
804240
804420
804443
804455
804492
804517
804559
804580
804685
804869
804930
804937
804969
804969
805647
805696
806001
806232
806237
806292
806371
806414
806600
806851
807015
807093
807234
807296
807559
807562
807615
807782
807802
807997
808000
808127
808128
808149
808149
808557
808617
808864
808865
808878
808897
808934
809165
809253
809452
809881
809911
810296
810445
810666
810867
810883
811410
811497
811731
811801
811811
811883
812101
812279
812338
812441
812501
812590
812595
812816
812924
813159
813858
813920
813940
813969
814364
814441
814702
814721
814898
814914
814925
815067
815104
815184
815385
815554
815832
816163
816262
816265
816560
816615
816644
816691
816736
816851
816922
817099
817189
817536
817604
817618
817898
817946
818253
818305
818409
818624
818641
818734
818738
818840
818914
818923
819623
819856
820209
820248
820418
820467
820498
820561
820671
820706
820995
821016
821176
821240
821542
821557
821597
821633
821634
821657
821769
821771
821794
821857
821893
821975
822091
822448
822506
822577
822756
822794
822838
823083
823379
823393
823398
823410
823500
823651
823770
823884
824192
824236
824289
824291
824349
824432
824439
824631
824736
824941
825401
825818
825862
825910
826014
826278
826329
826404
826775
826790
826850
826872
827047
827480
827531
827678
827688
827735
827859
827893
827914
828030
828204
828256
828284
828353
828479
828599
828987
829360
829555
829641
829669
829934
830044
830431
830523
830644
830690
830794
830927
831389
831485
831596
831810
831884
831905
832161
832176
832290
832402
832549
832557
832713
832910
833355
833448
833549
833989
834336
834684
834841
835294
835589
835733
835816
836451
836475
836538
836543
836593
836679
836726
837044
837152
837244
837284
837327
837393
837503
837635
837825
837900
838063
838304
838369
838408
838650
838753
838887
838900
838977
839060
839217
839280
839367
839426
839460
839604
839825
839917
839952
840089
840091
840243
840254
840283
840310
840326
840586
840653
840791
840795
840830
840946
841147
841152
841232
841301
841383
841755
841775
841791
841844
842111
842122
842179
842193
842388
842615
842723
843223
843501
843583
843610
843813
843820
843908
844003
844064
844715
845167
845597
845811
846267
846278
846303
846360
846385
846391
846425
846602
846624
846662
846718
846730
846861
847068
847199
847358
847495
847668
847673
847681
847753
847996
848006
848052
848057
848066
848113
848267
848641
848716
848878
849246
849247
849504
849617
849776
849950
850050
850136
850358
850425
850481
850923
851003
851025
851098
851376
851436
851795
851842
851866
852162
852257
852389
852488
853067
853106
853262
853306
853307
853435
853637
853735
853945
854506
854689
855044
855092
855238
855447
855489
855565
855658
855955
856263
856288
856296
856761
856778
856982
856987
857078
857134
857199
857379
857393
857552
857645
857844
857866
858007
858786
858930
858945
859032
859074
859099
859255
859400
859617
859789
859974
860075
860094
860447
860880
860922
861049
861088
861344
861436
861845
862230
862284
862337
862354
862418
862482
862541
862817
862868
862936
863180
863301
863474
863671
863995
864073
864332
864389
864457
864499
864514
864614
864657
864657
864717
864741
864754
864839
864862
864881
865013
865037
865049
865067
865259
865405
865486
865513
865571
865621
865834
865913
866076
866206
866478
867199
867313
867459
867677
867920
868025
868053
868101
868180
868188
868348
868596
868709
868954
869066
869087
869155
869264
869522
869572
869884
870046
870084
870260
870626
870781
870802
870820
870881
870985
871043
871198
871653
871683
871763
871770
871836
871893
871955
872003
872040
872229
872254
872331
872356
872724
872825
872978
873017
873125
873143
873185
873418
873442
873529
873709
873819
873919
873930
874052
874409
874556
874642
874739
874741
874773
874862
874883
875240
875377
875485
875873
875904
875924
876117
876157
876262
876278
876279
876301
876390
876430
876962
876987
877197
877216
877342
877364
877450
877546
878132
878213
878339
878386
878412
878565
878632
878692
878757
878806
878809
878937
879121
879142
879285
879331
879365
879371
879471
879506
879523
879995
880095
880435
880834
880912
881096
881525
881798
882030
882045
882129
882138
882178
882187
882391
882478
882588
882635
883208
883384
883433
883726
883735
883803
883904
884077
884155
884192
884249
884263
884295
884473
884503
884669
884692
884722
884934
884943
885583
885815
885892
885895
885931
885991
886119
886264
886485
886909
887206
887518
887622
887765
888020
888088
888268
888364
888368
888375
888436
888457
888672
889000
889189
889234
889819
889863
889866
889950
889960
889983
890058
890086
890126
890166
890392
890425
890450
890544
890580
890738
891228
891422
891514
891848
892151
892242
892292
892484
893012
893106
893703
893739
893820
893844
893907
893994
894011
894389
894802
895004
895401
895412
895657
895818
896028
896271
896582
896795
896833
896952
897043
897119
897182
897206
897288
897312
897340
897344
897611
897674
897835
898276
898388
898400
898402
898532
898577
898673
899183
899212
899243
899350
899534
899840
899895
899910
899975
899998
900175
900347
900407
900461
900875
900889
900926
901195
901252
901255
901267
901582
901791
902076
902079
902346
902636
902727
902786
902812
903005
903046
903066
903090
903154
903182
903242
903327
903359
903556
903612
903676
903858
904021
904211
904326
904345
904432
904940
905004
905035
905283
905341
905718
905837
905898
905961
906169
906207
906259
906264
906285
906297
906439
906505
906624
906719
906757
906813
906818
907091
907186
907220
907535
907706
908040
908042
908110
908147
908277
908310
908409
908453
908482
908518
908540
908553
908868
908940
908970
909216
909292
909299
909386
909826
909865
910052
910075
910327
910702
910741
910837
910878
910961
911099
911509
911562
911564
911632
911702
911880
912224
912239
912284
912378
912413
912461
912550
912588
912593
912775
912779
912782
912856
913092
913113
913266
913278
913279
913362
913434
913458
913678
913768
914018
914326
914577
914743
914788
914908
915062
915135
915165
915212
915351
915404
915503
915592
915858
915859
915955
916055
916249
916389
916495
916762
916854
917049
917133
917232
917234
917494
917499
917519
917745
917762
917816
918175
918583
918922
919168
919230
919393
919609
919617
919628
919766
920413
920441
920480
920629
920635
920753
920851
920920
921322
921335
921372
921492
921527
921530
921616
921686
921936
922065
922197
922418
922454
922773
923008
923139
923158
923177
923391
923460
923484
923501
923729
923742
923946
924182
924335
924426
924570
924666
924694
924887
924910
924989
925154
925223
925227
925803
925817
926137
926147
926240
926273
926452
926463
926491
926709
926741
926800
926834
926970
927055
927322
927338
927371
927402
927601
927620
927667
927769
927771
927924
927986
928166
928192
928217
928316
928366
928485
928527
928605
928636
928647
928776
928846
929035
929163
929665
929676
929858
930670
930692
930744
930871
930951
930997
931333
931530
931590
931659
931783
931798
931839
931903
932000
932161
932291
932370
932485
932526
932746
932791
932812
932813
932972
933041
933567
933733
933919
934514
934630
934777
935517
935586
935890
936395
936430
936516
936777
936810
937093
937188
937222
937225
937334
937478
937534
937542
937552
937607
937728
938061
938386
938476
938566
938659
938853
938973
939071
939157
939289
939296
940382
940469
940508
940552
940731
940753
941107
941108
941118
941155
941361
941453
941503
941554
941643
941752
942010
942194
942358
942375
942389
942450
942590
942674
942775
942870
942878
942952
942964
943014
943107
943162
943176
943230
943471
943637
943678
943701
943704
943862
943864
944058
944158
944192
944403
944582
944607
944818
944989
944997
945048
945366
945420
945524
945629
945713
945767
946155
946214
946559
946618
946664
946750
946923
947076
947191
947274
947725
947753
947832
947942
948075
948150
948566
948581
948913
949239
949901
949966
950161
950169
950175
950236
950283
950298
950327
950337
950423
950720
950830
950936
951244
951270
951314
951456
951472
951926
952058
952058
952167
952224
952304
952320
952405
952427
952482
952606
953490
953807
953872
953985
954116
954122
954176
954178
954224
954446
954582
954604
954781
954784
954964
955015
955059
955098
955140
955337
955456
955536
955588
955633
955652
955665
956187
956279
956312
956416
956599
956652
956848
956871
956952
956966
957043
957292
957438
957462
957472
957515
957635
957863
957984
958376
958693
958707
958730
958859
958906
958917
958986
959017
959240
959799
959890
959914
960047
960049
960121
960362
960405
960421
960465
960605
960615
960794
960853
960988
961179
961286
961298
961577
961609
961687
961743
961911
962205
962464
962678
962691
962693
962739
962978
963028
963073
963220
963527
963591
963736
963743
963974
964189
964391
964402
964418
964626
964631
964815
964925
965348
965563
965768
965769
965857
965957
966016
966532
966639
967031
967101
967292
967399
967519
967887
967927
967964
968055
968258
968268
968268
968509
968511
968664
968759
968979
969075
969457
969694
969782
970120
970205
970233
970252
970341
970407
970426
970574
970690
970809
970823
971000
971021
971092
971338
971346
971534
971569
971636
971852
971910
972286
972524
972662
972873
972895
972936
972986
973302
973424
973429
973567
973569
973597
973687
973755
973773
973921
973947
973965
974138
974271
974620
974667
974672
974699
974758
974859
974895
974913
974931
974948
975151
975261
975295
975482
975731
975948
975978
976088
976098
976141
976158
976159
976162
976618
976733
976745
976820
977066
977316
977687
977755
977921
977933
978030
978033
978129
978526
978649
978963
979027
979201
979220
979277
979319
979489
979514
979566
979793
979810
979871
980079
980122
980123
980522
980574
980582
980634
980787
980838
980848
981089
981161
981568
981659
981698
981778
981797
981986
982215
982283
982472
982548
982609
982636
982675
982800
982847
982860
983108
983119
983539
983625
983652
983809
983816
983822
984101
984215
984262
984321
984670
984778
984818
984973
985200
985327
985471
985572
985613
985722
986074
986110
986130
986176
986203
986215
986249
986360
986365
986438
986483
986661
986759
986837
986982
987006
987055
987128
987135
987281
987402
987551
987744
987780
987871
988123
988300
988411
988497
988502
988536
988588
988626
988678
988777
988818
989097
989147
989431
989996
990035
990338
990339
990349
990394
990533
990964
991153
991371
991680
991802
992096
992130
992296
992622
992650
992843
992950
993257
993370
993397
993601
993647
993793
993807
993934
993980
994016
994161
994243
994358
994366
995070
995134
995184
995367
995377
995405
995510
995518
995752
995925
996010
996134
996194
996330
996340
996389
996739
996837
996897
997077
997160
997166
997307
997327
997384
997706
997736
997755
997769
997908
998039
998233
998547
998679
998791
998910
998988
999077
999661
999807
999850
999901
999954
