21
88
161
177
285
655
754
786
866
885
1021
1380
1427
1549
1614
1757
1793
1831
1918
1932
2009
2014
2143
2577
2666
2745
2780
2922
3100
3151
3154
3383
3415
3520
3629
4085
4114
4179
4317
4488
4804
4913
5124
5494
5687
5759
5924
6022
6185
6188
6231
6252
6293
6381
6435
6501
6839
7121
7142
7165
7224
7335
7367
7397
7482
7505
7549
7604
7651
7664
7748
7754
7818
7861
8155
8298
8307
8715
8805
8808
8935
8970
9021
9090
9157
9206
9355
9438
9481
9538
9861
9890
9904
10275
10465
10531
10617
10627
10664
10824
11094
11123
11363
11436
11489
11632
11644
11799
11909
12040
12362
12446
12455
12507
12554
12791
12821
12847
12857
13029
13247
13478
13763
13803
14422
14435
14438
14439
14669
14807
14813
14906
14989
15044
15209
15593
15663
15682
15746
16032
16054
16246
16251
16257
16276
16301
16445
16493
16722
16846
16923
16949
16959
16960
17016
17061
17306
17431
17697
17733
17745
17782
17824
17826
18099
18112
18123
18150
18160
18176
18237
18272
18285
18437
18563
18646
18762
18793
18902
18919
19013
19091
19128
19221
19262
19658
20142
20155
20189
20582
20655
20746
20812
20922
20938
21670
21692
22027
22090
22100
22130
22186
22216
22319
22332
22335
22378
22407
22417
22436
22529
22556
22612
22612
22648
22887
22931
23062
23085
23090
23098
23162
23204
23227
23242
23267
23329
23511
23645
23829
24253
24652
24763
24848
24891
25129
25151
25216
25308
25319
25349
25444
25530
25579
26028
26063
26173
26309
26851
26860
26968
27141
27240
27273
27466
27561
27915
28027
28074
28104
28204
28319
28339
28389
28724
29194
29237
29349
29751
30142
30163
30349
30352
30572
30612
30774
30800
30951
30992
31210
31236
31328
31676
31690
32014
32356
32437
32523
32532
32544
32551
33002
33152
33219
33284
33296
33320
33515
34082
34082
34282
34289
34625
34647
34663
34703
34786
34890
35021
35064
35118
35352
35601
35640
35699
35793
35797
35821
35955
35960
35972
35988
36116
36490
36509
36532
36908
37120
37217
37373
37762
38018
38025
38027
38062
38260
38319
38523
38562
38599
38615
38634
38670
38877
38891
38988
39091
39099
39190
39246
39341
39405
39437
39460
39527
39725
39819
39844
39851
40152
40217
40375
40422
40707
40917
40931
41033
41130
41163
41192
41233
41260
41367
41431
41516
41779
41791
41896
42092
42163
42213
42234
42297
42326
42450
42596
42666
43241
43302
43342
43384
43466
43495
43687
43709
43750
43925
44212
44216
44220
44393
44422
44517
44522
44531
44567
44766
44784
44794
44816
45009
45084
45235
45267
45319
45346
45364
45468
45594
45595
45680
45724
45734
45791
45806
45849
45859
45890
45939
46037
46197
46204
46565
46571
46625
46706
47065
47484
47552
47626
47647
47680
47724
47930
48066
48113
48286
48471
48563
48594
48699
48866
48912
49008
49035
49066
49098
49149
49212
49277
49363
49373
49396
49419
49631
49753
49802
49845
49874
49958
49980
50123
50206
50231
50395
50534
50567
50606
50624
50750
50897
51184
51204
51386
51445
51608
51642
51906
51977
52242
52565
52662
52968
53074
53461
53542
53662
53944
53986
54029
54204
54252
54278
54297
54327
54425
54451
54728
54734
54843
54992
55002
55094
55148
55240
55422
55522
55621
55633
55716
55759
55889
56019
56352
56490
56542
56606
56712
56788
56878
56919
57057
57148
57292
57301
57577
57754
57775
57880
57903
58013
58077
58297
58322
58370
58733
58805
58935
59095
59121
59130
59227
59419
59445
59605
59674
60003
60040
60157
60303
60388
60466
60674
60706
61175
61349
61425
61773
61860
62050
62161
62306
62532
62550
62623
62690
62804
62898
62901
62965
63032
63214
63250
63252
63407
63483
63507
63835
64007
64038
64065
64200
64317
64355
64478
64678
64777
64973
65253
65421
65440
65473
65732
65802
65923
65977
66004
66227
66264
66416
66428
66559
66597
66901
67315
67327
67377
67441
67536
67546
67799
67953
68010
68114
68239
68276
68316
68596
68634
68925
69029
69039
69171
69243
69443
69533
69681
69737
69892
69901
69956
70005
70368
70381
70626
70672
70689
70921
71012
71077
71110
71224
71226
71642
71648
71679
71715
71919
71948
71976
72010
72023
72122
72290
72388
72418
72507
72567
72662
72690
72865
73005
73118
73238
73501
73793
73800
74104
74112
74140
74164
74195
74384
74448
74450
74510
74539
74706
74752
74960
75028
75035
75163
75251
75344
75369
75656
75659
75691
75714
76281
76323
76390
76497
76845
76938
77054
77100
77123
77252
77350
77764
77821
77830
77898
77952
78307
78346
78423
78629
79047
79154
79225
79302
79402
79517
79562
79720
79737
79778
79841
79853
80018
80191
80285
80363
80385
80392
80399
80517
80631
80657
80668
80850
80927
81176
81289
81350
81518
81754
81968
82211
82308
82883
83024
83164
83239
83265
83273
83363
83366
83548
83680
83699
83991
84073
84073
84109
84229
84238
84242
84278
84681
84742
84775
84858
84947
85050
85051
85131
85288
85425
85441
85449
85719
85729
85754
85809
85904
86028
86159
86273
86443
86497
86706
86755
86758
86935
86966
87197
87422
87485
87592
87709
87732
87885
87979
88661
88662
88703
88857
88903
89005
89073
89083
89129
89195
89196
89282
89341
89377
89469
89521
89647
89695
89723
89900
89946
90056
90240
90322
90346
90982
90989
90995
91053
91160
91203
91252
91706
91829
91985
92110
92219
92317
92497
92622
92625
92758
93015
93045
93134
93330
93373
93500
93552
93668
93729
93917
93924
94178
94188
94737
94755
94842
94965
94971
94974
94974
94979
95226
95306
95447
95497
95513
95568
95623
95921
95967
96086
96119
96289
96308
96429
96480
96512
96599
96672
96960
97150
97227
97372
97471
97574
97624
98001
98815
99309
99430
99520
99759
99886
100006
100177
100246
100257
100319
100443
100509
100548
100573
100638
100745
100784
101228
101370
101392
101420
101447
101460
101524
101634
101917
101968
102146
102224
102266
102284
102305
102371
102430
102433
102952
103208
103536
103538
103903
104133
104322
104404
104567
104633
104669
104669
104709
104822
104822
104993
104995
105005
105386
105527
105537
105654
105656
105730
105748
105751
105785
105943
106002
106014
106400
106613
107017
107048
107086
107343
107626
107763
107826
107842
108027
108267
108281
108450
108539
108591
108710
108742
108873
108879
108891
108995
108998
109016
109133
109321
109374
109446
109533
109585
109641
109734
109955
110186
110206
110229
110332
110479
110780
110970
110973
111118
111193
111326
111370
111671
111868
111875
111878
112311
112435
112446
112454
112889
113072
113223
113363
113400
114031
114096
114176
114341
114401
114644
114779
115081
115419
115501
115556
115624
115630
115701
115787
115821
116044
116067
116098
116101
116229
116666
116745
116825
116906
116983
117213
117240
117279
117301
117407
117512
117639
117779
117794
117844
117852
117909
117916
117966
118308
118371
118546
118620
118789
118789
118874
118941
119423
119434
119615
119876
119892
119937
120050
120061
120157
120238
120514
120514
120684
120700
120710
121055
121134
121175
121312
121376
122337
122683
122685
122744
122903
122963
122989
122992
123066
123120
123199
123247
123292
123387
123719
123758
123895
124048
124078
124641
124675
124780
124795
124927
124955
124993
125084
125161
125174
125197
125268
125272
125296
125396
125425
125449
125578
125621
125628
125655
125684
125690
125828
126004
126005
126044
126098
126165
126292
126388
126467
126559
126738
126897
126937
126963
127032
127116
127193
127259
127310
127488
127494
127504
127511
127931
128051
128082
128182
128356
128603
129039
129140
129320
129443
129539
129601
129671
129837
130053
130085
130431
130467
130724
130736
130819
131099
131152
131695
131861
132204
132263
132273
132422
132601
132838
132845
132848
132971
133031
133076
133097
133193
133320
133322
133632
133660
133846
133893
133952
134049
134058
134180
134263
134511
134548
134792
134830
135331
135468
135683
135862
135881
135889
135896
135929
136097
136101
136229
136343
136584
136767
136944
137012
137027
137059
137088
137126
137367
137408
137467
137484
137583
137701
137713
137774
137822
138128
138153
138433
138808
138968
139106
139137
139159
139184
139373
139486
139664
139790
139908
139951
140003
140018
140170
140182
140353
140420
140466
140528
140548
140573
140601
140635
140687
140736
140911
140995
141198
141210
141601
141735
142029
142240
142477
142589
143033
143345
143394
143539
143559
143669
143672
143731
143917
144037
144089
144117
144288
144334
144479
144507
144523
144766
144813
144820
144896
144939
145209
145348
145492
145536
145635
145643
145793
145813
145924
145984
146057
146092
146098
146130
146493
146561
146598
146616
146674
146903
147061
147176
147252
147307
147317
147374
147389
147487
147499
147520
147524
147540
147560
147623
147660
147997
148068
148255
148290
148326
148430
148690
148751
149256
149272
149437
149509
149589
149957
149971
149973
150329
150341
150356
150457
150495
151038
151315
151457
151630
151716
152018
152074
152185
152248
152257
152263
152366
153134
153157
153453
153960
153999
154069
154136
154185
154199
154286
154430
154738
154917
155266
155310
155344
155432
155584
155747
155828
155846
155878
156020
156190
156211
156294
156353
156584
156706
156877
157014
157042
157085
157255
157317
157323
157566
157589
157688
157710
157835
157891
158165
158201
158298
158376
158390
158427
158428
158478
158515
158572
158624
158837
158852
159215
159472
159514
159592
159643
159643
159725
159811
159869
159906
160073
160180
160702
160948
160961
161170
161171
161356
161394
161461
161574
161648
161774
162000
162064
162170
162413
162533
162702
162756
162788
162836
162924
162938
162984
163061
163210
163362
163442
163478
163573
163826
163958
163975
164015
164021
164147
164268
164291
164338
164564
164599
164709
164833
164978
165096
165136
165273
165543
165548
165991
166182
166538
166813
166863
166866
166875
166930
166936
166944
167098
167312
167351
167353
167375
167409
167520
167601
167620
167725
167735
167744
167768
167827
167836
167968
168001
168092
168186
168295
168714
168717
168788
168810
169093
169221
169270
169480
169591
169812
170078
170167
170282
170358
170418
170426
170613
170660
170683
170702
170718
170720
170821
170960
170971
171058
171184
171270
171280
171289
171323
171407
171559
171637
171729
171745
172170
172178
172315
172527
172609
172652
172780
172846
172870
173024
173086
173238
173420
173504
173556
173574
173611
173958
174127
174231
174299
174406
174700
174849
174946
175235
175264
175289
175350
175405
175478
175638
176156
176429
176460
176714
176728
176930
177179
177384
177466
177624
177865
177870
177898
177994
178076
178076
178211
178321
178363
178711
178720
178867
178995
179024
179029
179045
179116
179344
179358
179421
179470
179552
179610
179653
180132
180276
180370
180426
180468
180581
180632
180892
181069
181087
181098
181227
181546
181598
181782
182010
182200
182208
182268
182314
182347
182368
182383
182668
182789
182825
182850
182940
183124
183348
183395
183434
183479
183486
183708
183758
183845
183863
183956
184038
184112
184508
184550
184694
185019
185262
185483
185495
185549
185844
185870
185876
185936
185969
186028
186156
186355
186391
186527
186621
186687
186981
187027
187033
187185
187217
187305
187857
187935
187951
188254
188295
188347
188403
188427
188751
189064
189080
189231
189372
189516
189520
189561
189634
189712
189745
189757
189766
189795
189919
189926
190010
190015
190167
190191
190306
190410
190414
190973
191113
191348
191362
191416
191465
191628
191652
192072
192167
192192
192409
192490
192501
192517
192519
192584
192679
192769
192967
193035
193261
193287
193341
193474
193577
193865
193947
194312
194346
194512
194524
194610
194721
194844
194854
195055
195080
195093
195126
195671
195685
195747
195902
195912
195960
196378
196583
196598
196610
196614
196632
196691
196770
196951
197075
197359
197386
197458
197643
197705
197852
198116
198121
198157
198220
198230
198317
198324
198419
198434
198579
198584
198644
198660
198945
198952
198959
198993
199166
199257
199537
199560
199619
199795
199845
200008
200062
200073
200105
200141
200242
200369
200415
200420
200424
200845
200902
200917
201023
201147
201457
201474
201560
201633
201726
201893
201960
201972
202138
202288
202320
202378
202382
202382
202459
202589
202601
202891
202953
202960
203138
203486
203580
203707
203974
204135
204352
204456
204549
204682
204856
204947
205020
205078
205148
205401
205402
205725
206099
206121
206178
206409
206892
206893
206949
207161
207249
207430
207468
207639
207799
207836
207899
207940
207989
208092
208152
208182
208324
208439
208458
208642
208779
209145
209209
209219
209289
209293
209305
209309
209355
209489
209635
209958
210339
210365
210442
210474
210512
210538
210679
210692
210835
210869
210987
211022
211053
211173
211336
211425
211553
211594
211764
211927
212063
212368
212488
212509
212545
212697
212703
212733
212798
212987
213004
213018
213141
213155
213163
213196
213227
213309
213334
213418
213500
213527
213858
214087
214226
214894
215148
215272
215280
215315
215486
215628
215719
215764
215780
215804
215894
216068
216075
216224
216310
216418
216594
216678
216700
216751
216890
216939
216942
216957
216999
217111
217473
217609
217737
217904
217999
218004
218015
218068
218333
218445
218536
218622
218673
219043
219384
219459
219464
219723
219740
219753
219785
219887
220155
220241
220502
220774
220798
220803
220806
220968
221063
221079
221125
221171
221202
221302
221399
221439
221439
221565
221624
221652
221683
221853
221888
221903
221918
221926
221939
222104
222528
222600
222619
222676
222770
222803
222826
223096
223414
223453
223726
223732
223878
223958
224051
224141
224181
224366
224432
224481
224585
224595
224671
224696
224706
224934
224935
224942
225115
225164
225226
225454
225480
225551
225763
225906
226142
226372
226615
226664
226871
226881
226923
227133
227135
227229
227301
227376
227461
227526
227538
227680
227709
227788
227824
227879
228011
228151
228207
228382
228398
228518
228614
228667
228689
228781
228856
228871
229068
229156
229196
229283
229292
229515
229746
229761
229785
229806
229870
229999
230210
230257
230328
230358
230425
230569
230635
230758
230760
230815
230822
230830
230865
230973
231065
231403
231529
231658
231734
231817
231992
232132
232195
232480
232502
232539
232673
232899
232998
233305
233321
233534
233640
233981
234027
234152
234183
234249
234446
234520
234577
234792
234934
235047
235308
235378
235534
235546
235723
235740
235905
235926
235938
236036
236091
236131
236200
236218
236219
236265
236266
236289
236294
236429
236467
236585
236589
236922
237009
237146
237174
237183
237258
237280
237300
237669
237885
238163
238216
238248
238363
238465
238512
238686
238855
238859
238923
239055
239226
239374
239445
240135
240431
240501
240664
240728
240855
240928
240968
241140
241183
241522
241911
241916
241961
242017
242035
242077
242089
242203
242296
242525
242571
242645
242964
243000
243024
243050
243077
243121
243465
243572
243674
243838
243839
243855
244051
244058
244145
244216
244250
244263
244287
244661
244823
244838
245257
245469
245501
245534
245638
245651
245694
245835
245966
246252
246429
246448
246450
246585
246853
247027
247054
247574
247626
247720
247819
247868
248018
248028
248142
248194
248309
248313
248555
248598
248647
248715
248927
249152
249218
249548
249550
249722
249822
249876
249889
249910
249998
250123
250196
250288
250301
250358
250366
250957
251028
251616
251684
251832
252103
252240
252271
252291
252304
252308
252589
252872
253295
253372
253664
253912
253923
254187
254385
254461
254721
254780
254783
254829
254983
255059
255186
255197
255337
255613
255696
255834
255969
256029
256124
256153
256258
256301
256368
256433
256644
256739
256755
256980
256985
257086
257117
257175
257223
257517
257562
257676
257703
257754
257847
257847
258287
258523
258570
258583
258847
259248
259270
259334
259383
259449
259454
260000
260176
260368
260560
260566
260656
260731
261195
261628
261816
261885
262045
262583
262749
262794
262848
262914
262965
262984
262994
263498
263528
263620
263911
264023
264289
264367
264548
264607
264987
264993
265013
265107
265155
265191
265563
265572
265754
265837
265867
266046
266114
266213
266285
266323
266674
266704
266797
267122
267124
267220
267310
267353
267728
267734
267855
267923
267929
268026
268263
268344
268370
268544
268855
268872
269017
269075
269113
269447
269583
269866
269885
270053
270122
270269
270530
270609
270711
270715
270968
271093
271215
271221
271431
271539
271790
272017
272064
272286
272305
272367
272392
272629
272648
272908
272923
273257
273283
273430
273457
273483
273523
273685
273694
273702
274027
274031
274156
274162
274233
274338
274371
274373
274475
274611
274645
274768
274772
274911
274911
275085
275302
275353
275433
275487
275559
275847
275963
275963
276059
276134
276177
276213
276354
276628
276686
276913
276947
277080
277098
277116
277165
277171
277264
277317
277329
277333
277565
277709
278133
278186
278219
278227
278250
278276
278336
278591
278651
278673
278770
278972
279092
279126
279140
279367
279503
279713
279777
279914
279915
280045
280241
280322
280463
280499
280538
280551
280955
280956
281137
281200
281205
281346
281360
281707
281748
281993
282080
282165
282457
282631
282772
282887
282931
282944
283013
283198
283253
283272
283843
283895
284248
284317
284330
284505
284507
284516
284687
284709
284729
284748
284793
284909
284941
284977
285206
285236
285850
285886
285913
285935
285942
285949
286007
286141
286245
286553
286846
286909
287208
287585
287697
287718
287721
287726
287922
287993
288367
288439
288464
288469
288470
288510
288521
288821
288959
289020
289321
289561
289634
289901
290075
290083
290196
290221
290386
290516
290672
290721
290738
290812
291026
291232
291348
291387
291388
291664
291742
291785
291833
291846
291881
292101
292170
292178
292633
292858
293214
293501
293648
293659
293801
293833
293892
293946
294005
294027
294136
294259
294387
294393
294457
294646
294759
294759
295181
295196
295287
295587
295628
295650
295716
295722
295804
295913
295922
296133
296560
296609
296613
296627
296641
296647
297001
297224
297353
297714
297734
297746
297811
297842
297898
297990
298076
298155
298187
298282
298577
298684
298688
298903
298904
299344
299372
299604
299732
299766
299843
299978
299994
300102
300205
300330
300361
300362
300392
300520
300538
300850
300999
301068
301335
301363
301582
301770
301785
301831
301952
302197
302277
302301
302336
302433
302452
302490
302495
302607
302638
302652
302772
302858
302933
303039
303292
303369
303539
303674
303690
303730
303739
303777
303806
304195
304245
304421
304582
304652
304797
305053
305124
305254
305289
305356
305429
305532
305534
305661
305669
305683
305709
305783
305799
305902
305945
306077
306156
306249
306382
306570
306967
307221
307256
307479
307508
307508
307575
307657
307701
308054
308107
308124
308243
308312
308358
308375
308402
308456
308606
308609
308612
308905
308916
308921
308933
309145
309190
309283
309358
309739
309945
310240
310450
310748
310751
310946
311026
311243
311319
311319
311322
312064
312071
312126
312281
312436
312466
312510
312720
312895
313116
313214
313230
313268
313411
313559
313779
314084
314232
314248
314350
314412
314435
314561
314728
314765
314903
314961
315040
315061
315091
315117
315317
315379
315408
315605
315675
315687
315771
315868
316008
316030
316163
316189
316408
316424
316450
316653
317048
317077
317132
317199
317348
317707
317823
318048
318385
318397
318557
318758
318821
318827
318883
319045
319054
319076
319254
319478
319627
319759
319981
320011
320014
320027
320087
320225
320418
320482
320600
320618
320732
320878
320906
320957
320999
321115
321316
321342
321390
321436
321682
321692
321732
321831
321936
322039
322045
322094
322147
322158
322266
322363
322494
322627
322846
322866
322965
322980
323158
323197
323290
323343
323421
323435
323483
323509
323593
323705
323786
323848
323850
323921
324064
324149
324179
324260
324261
324380
324412
324506
324692
324755
324790
324827
324845
325129
325316
325378
325414
325524
325625
325657
325665
325668
325812
325903
326181
326625
326632
326686
326857
326918
327026
327217
327228
327236
327297
327299
327305
327360
327417
327445
327573
327667
327690
327723
327734
327939
328397
328427
328444
328491
328550
328954
329080
329084
329129
329129
329203
329310
329330
329452
329506
329517
329717
329774
329805
329934
330021
330057
330254
330284
330315
330328
330425
330457
330562
330590
330647
330810
330956
331029
331189
331303
331336
331734
331925
332104
332137
332185
332194
332275
332390
332636
332729
332865
333164
333228
333285
333423
333504
333531
333575
333665
333750
333835
334012
334083
334337
334463
334531
334532
334624
334942
335070
335087
335111
335142
335289
335339
335482
335743
335815
335847
335888
336007
336061
336497
336567
336573
336738
336789
336897
337203
337622
337636
337689
337743
337809
337843
337847
337923
338078
338137
338153
338257
338334
338343
338586
338601
338961
339096
339110
339127
339141
339152
339191
339397
339499
339627
339825
339860
339947
339950
340094
340125
340154
340160
340237
340344
340488
340599
340754
340791
340815
340869
341123
341140
341220
341273
341292
341297
341345
341429
341450
341453
341500
341639
342024
342031
342071
342205
342277
342278
342312
342408
342456
342497
342804
342898
342906
342957
342957
343045
343214
343250
343353
343452
343503
343522
343561
343674
343811
343882
343913
344086
344321
344340
344575
344635
344657
344784
344861
344904
345043
345165
345169
345494
345668
345672
345897
346024
346110
346474
346617
346705
346779
346788
346792
347336
347502
347643
347739
347948
348043
348063
348206
348220
348372
348415
348550
348671
348674
348838
348883
349029
349242
349244
349455
349465
349508
349732
349849
349862
350017
350057
350318
350370
350532
350622
350912
350956
351060
351087
351120
351628
351772
351798
351860
351945
352011
352015
352249
352328
352420
352443
352659
352891
352895
352921
353207
353349
353445
353580
353640
353717
353988
354085
354158
354166
354196
354214
354346
354644
354782
354812
354844
355099
355229
355250
355363
355531
355997
356028
356240
356388
356495
356613
356738
356895
356987
357018
357093
357265
357297
357343
357356
357518
357636
357714
357771
357771
357805
357910
358026
358168
358260
358359
358504
358612
358625
358698
358751
358908
358919
359108
359465
359510
359585
359711
359874
359979
360090
360166
360192
360376
360692
360737
360737
361056
361163
361350
361371
361379
361401
361402
361639
361669
361678
361754
361777
361850
361982
361983
362112
362142
362208
362244
362364
362378
362405
362510
362568
362578
362601
362616
362818
362881
362905
362940
362988
363050
363052
363068
363175
363286
363328
363606
363619
363740
363771
363777
363890
364044
364302
364329
364403
364451
364534
364619
364729
364742
364811
364837
364911
365073
365422
365462
365510
365518
365570
365674
365758
365780
365824
365870
366002
366018
366074
366469
366562
366697
366699
366785
366899
367006
367299
367340
367427
367444
367508
367575
367886
367998
368093
368221
368288
368377
368507
368643
368727
368759
368789
368832
369383
369539
369595
369671
369757
369836
370042
370124
370136
370189
370257
370333
370377
370486
370676
370826
370909
370925
371043
371136
371162
371245
371278
371440
371476
371684
371763
371903
371992
372137
372269
372586
373033
373072
373254
373332
373486
373555
373808
373888
373940
374004
374068
374111
374122
374206
374362
374435
374586
374586
374832
374846
375069
375137
375181
375223
375239
375353
375378
375742
375823
375827
375989
376024
376077
376120
376190
376360
376393
376725
376853
376870
376937
377026
377035
377189
377199
377222
377465
377587
377621
377663
377711
377716
377842
377893
378017
378110
378134
378177
378293
378384
378640
378711
378741
378763
378885
379041
379180
379739
379745
379790
380059
380182
380183
380296
380459
380487
380570
380717
380799
381044
381109
381293
381533
381624
381868
381883
381906
382001
382035
382081
382193
382277
382346
382398
382480
382707
382749
382795
382975
383045
383074
383187
383299
383522
383637
383804
383930
383968
383994
384044
384109
384268
384306
384394
384618
384738
384853
384906
384940
384955
385050
385055
385118
385125
385249
385472
385490
385952
386156
386260
386289
386403
386584
386780
386801
387049
387069
387080
387238
387244
387602
387806
387812
388021
388023
388064
388067
388084
388315
388550
388657
388805
388826
388869
388870
388915
388978
389020
389033
389151
389164
389226
389356
389366
389464
389654
389785
389933
390065
390219
390219
390267
390314
390355
390360
390441
390487
390634
390741
390850
390891
391107
391351
391402
391425
391450
391580
391756
391765
391919
392033
392042
392057
392236
392606
392663
392684
392960
393289
393353
393624
393638
393641
393864
393945
394031
394337
394361
394363
394658
394743
394855
394905
395143
395173
395256
395327
395390
395397
395558
395618
395638
395977
396010
396063
396374
396481
396658
397416
397466
397467
397479
397594
397863
397881
398001
398036
398371
398543
398682
398690
398703
398704
398736
398797
398890
398983
399099
399174
399328
399608
399812
400067
400101
400232
400377
400470
400724
401444
401447
401551
401572
401576
401627
401766
401839
402199
402249
402307
402777
402858
402875
403099
403270
403673
403718
403868
403911
404368
404431
404451
404455
404570
404624
404680
404687
404794
404861
404871
404916
404984
405213
405214
405404
405615
405652
405656
405791
405824
405951
406191
406341
406352
406409
406703
406712
406807
406955
407225
407395
407418
407419
407618
407646
408019
408194
408300
408369
408441
408479
408489
408623
408674
408846
409087
409187
409215
409278
409516
409905
409913
409996
410033
410121
410165
410201
410263
410404
410407
410408
410656
410901
410948
411220
411360
411372
411420
411805
411907
411945
412037
412303
412368
412375
412498
412589
412642
412673
412692
412821
412856
412887
412914
412949
413000
413103
413107
413182
413341
413451
413471
413637
413674
413994
414139
414150
414249
414250
414298
414370
414760
415038
415096
415298
415492
415586
415719
415816
415820
415928
416023
416075
416194
416294
416440
416531
416634
416785
417135
417279
417316
417398
417409
417412
417452
417661
417718
417735
417810
417925
417988
418016
418041
418157
418236
418369
418512
418635
418656
418838
418923
418940
419011
419055
419368
419385
419424
419656
419722
419823
419836
419896
420040
420246
420274
420363
420495
420690
420695
420820
421118
421242
421257
421408
421590
421738
421751
421989
422293
422296
422456
422523
422554
422600
422712
422775
422954
422989
423085
423227
423294
423308
423505
423696
423815
424024
424127
424205
424241
424285
424487
424736
424775
424885
424978
424978
424978
425073
425260
425667
425688
425696
425799
425828
425945
425966
426100
426564
426631
426897
427233
427248
427409
427483
427583
427827
427895
427976
428122
428249
428323
428349
428576
428671
429179
429361
429585
429966
430524
430543
430686
430873
430990
431046
431062
431254
431317
431344
431429
431522
431590
431594
431801
431882
431935
432074
432166
432176
432271
432620
432741
432822
432829
432848
432907
432929
433046
433124
433316
433345
433391
433415
433539
433701
433837
433838
433861
433936
433960
434039
434358
434589
434683
434739
434815
434839
434958
435152
435268
435748
435784
435914
435960
436067
436206
436227
436314
436443
436635
436691
436762
436932
436966
437341
437490
437571
437635
437718
437763
437783
437862
438204
438309
438407
438531
438664
438674
438819
439407
439529
439748
439796
439836
440162
440286
440391
440404
440414
440421
440558
440713
440719
440839
441031
441129
441686
442136
442341
442388
442497
442670
442886
443150
443279
443400
443547
443719
443738
443773
443794
443795
443955
444093
444579
444582
444618
444639
445424
445737
445992
446222
446242
446325
446450
446456
446777
446859
446863
446903
447194
447269
447324
447443
447548
447676
447677
447919
448133
448139
448252
448268
448292
448374
448410
448463
448524
448654
448673
448676
448776
449058
449068
449092
449102
449215
449307
449320
449479
449564
449610
449700
449702
449821
450172
450326
450371
450372
450653
451207
451313
451364
451513
451802
451964
452036
452061
452221
452250
452289
452289
452303
452362
452450
452477
452644
452685
452795
452850
453074
453191
453332
453380
453396
453432
453799
454070
454412
454518
454536
454618
454802
454853
454889
455091
455194
455402
455620
455639
455668
455670
455692
455707
455769
455808
455926
455991
456251
456260
456319
456977
457069
457231
457283
457534
457551
457606
457708
457759
457772
457813
457814
457916
457945
457957
458145
458391
458631
458772
458782
458897
458942
459012
459262
459370
459513
459533
459593
459859
459861
459976
460040
460148
460289
460314
460406
460475
460642
460726
460779
460842
461153
461296
461301
461338
461644
461698
461839
461940
462027
462286
462401
462463
462569
462658
462930
462942
462955
463020
463068
463315
463329
463409
463638
463925
464010
464067
464104
464114
464215
464248
464391
464470
464501
464578
464578
464716
464750
464847
464881
464958
465088
465153
465226
465258
465263
465298
465410
465543
465603
465661
465757
465908
466094
466224
466241
466285
466467
466485
466487
466491
466523
466628
466761
466761
466764
467061
467264
467315
467321
467510
467532
467807
467895
468531
468535
468886
469114
469161
469167
469304
469399
469769
469938
470084
470162
470224
470593
470732
471117
471134
471332
471496
471589
471786
471946
471986
472136
472268
472295
472585
472623
472778
472866
473008
473028
473040
473163
473187
473259
473323
473368
473517
473703
474273
474360
474423
474444
475181
475311
475565
475650
475836
475846
475929
476078
476397
476574
476656
476774
476776
476885
476922
477101
477240
477294
477414
477518
477572
477584
477603
477722
477752
478023
478175
478211
478256
478497
478506
478528
478695
478889
479031
479181
479199
479300
479412
479417
479719
479796
479892
479935
480039
480074
480319
480537
480685
480748
480867
480872
480909
480912
480955
480983
481063
481066
481079
481086
481182
481256
481303
481469
481514
481704
481876
481932
481996
482297
482388
482400
482428
482437
482703
482972
483031
483059
483069
483134
483161
483254
483260
483477
483751
483809
483916
483946
484055
484272
484276
484375
484422
484459
484485
484510
484653
484656
484683
485079
485173
485311
485521
485598
485657
485806
485829
486027
486132
486140
486287
486294
486346
486495
486801
486855
486902
486907
486986
487085
487337
487508
487661
487674
487723
487750
488119
488162
488190
488216
488534
488846
488949
489132
489240
489301
489314
489376
489408
489409
489417
489562
489631
489684
489692
489767
489886
490070
490075
490166
490225
490247
490288
490365
490372
490390
490602
490619
491013
491068
491217
491253
491255
491299
491324
491709
491808
491856
491952
492124
492474
492575
492610
492771
492779
492798
492911
492957
492967
492969
492982
493020
493812
493901
494103
494117
494278
494303
494317
494399
494561
494607
495069
495183
495915
495988
496081
496142
496656
496726
496898
497106
497110
497135
497164
497288
497313
497383
497642
497975
497976
498156
498352
498553
498732
498852
498887
499051
499073
499216
499383
499439
499611
499749
499960
500158
500221
500278
500334
500522
500551
500698
500958
500970
501049
501158
501296
501361
501817
501855
502014
502203
502644
502684
502840
503142
503157
503234
503238
503565
503608
503738
503786
503797
503823
504113
504114
504158
504441
504739
504772
504813
504990
504993
505018
505085
505138
505141
505178
505559
505810
505811
506003
506155
506233
506510
506609
506641
506789
507116
507395
507416
507422
507550
507591
508019
508148
508231
508259
508365
508675
508866
509244
509418
509437
509707
509738
509888
510049
510228
510435
510478
510498
510667
510681
510688
510748
510862
510995
510998
511015
511018
511195
511598
511630
511682
511778
511796
511990
512028
512139
512213
512216
512321
512424
512679
512762
512788
512827
512863
512920
513038
513307
513428
513617
513694
513742
513766
513795
513906
513963
514312
514339
514415
514880
514902
515271
515304
515593
515605
515607
516160
516273
516290
516350
516428
516441
517135
517624
517723
517732
517804
517826
517876
517936
517973
518002
518016
518031
518173
518190
518452
518454
518582
518846
518888
518932
519536
519536
519699
520083
520225
520245
520293
520389
520574
520761
520799
520865
520892
521511
521533
521584
521751
522067
522089
522130
522147
522193
522700
523045
523427
523484
523521
523734
523794
523943
523974
524137
524268
524433
524459
524519
524876
524878
524956
525011
525079
525222
525276
525351
525399
525670
525704
525770
525815
525870
525922
525935
525972
526044
526169
526229
526257
526284
526338
526523
526598
526684
526926
527073
527096
527285
527355
527449
527525
527713
527822
527823
528013
528206
528583
528642
528662
528706
528951
529255
529345
529356
529377
529413
529573
529748
529754
529852
529914
530046
530095
530163
530258
530716
531108
531394
531433
531435
531896
532157
532295
532357
532582
532707
532804
533125
533213
533251
533464
533471
533493
533494
533494
533710
533814
533982
533990
534110
534407
534505
534568
534683
534687
535048
535122
535211
535212
535380
535434
535447
535507
535541
535605
535681
535803
535815
535882
535955
536003
536101
536203
536359
536523
536718
536757
536840
536936
537186
537205
537270
537390
537548
537589
537737
537879
538058
538116
538116
538145
538232
538244
538289
538363
538445
538467
538607
538669
538770
538784
538887
539034
539044
539180
539183
539434
539713
539800
540111
540147
540451
540716
540892
540963
540975
541007
541144
541144
541237
541392
541758
542160
542254
542322
542368
542510
542527
542573
542681
542702
542738
542829
543208
543236
543370
543469
543535
543603
543647
543694
543854
544004
544038
544054
544073
544147
544234
544270
544334
544554
544658
544677
544697
544838
544919
544962
544985
545224
545229
545246
545450
545760
545791
546047
546094
546125
546131
546324
546416
546427
546569
546642
546923
546973
547209
547262
547291
547319
547584
547731
547784
547957
547986
548462
548675
548683
548946
548958
549251
549328
549660
549675
549782
549885
550051
550539
550644
550880
551009
551157
551255
551335
551577
551736
551797
552057
552059
552245
552658
552742
552971
553203
553213
553268
553393
553527
553778
553817
553871
553965
554011
554064
554170
554302
554304
554533
554603
554677
554746
554791
554799
554809
554930
555234
555305
555360
555518
555646
555733
556152
556156
556249
556335
557128
557164
557306
557334
557508
557698
557707
557783
557806
557875
557941
557965
557983
557983
558181
558221
558288
558438
558499
558540
558703
558713
558837
559133
559284
559345
559378
559385
559416
559560
559833
559865
560041
560060
560098
560165
560277
560294
560322
560399
560420
560538
560640
560890
560983
561272
561312
561350
561547
561849
562198
562221
562269
562467
562573
562669
562765
562787
563147
563183
563292
563644
563863
563877
563896
564073
564096
564154
564405
564536
564547
564672
564769
564994
565162
565269
565415
565456
565685
565725
565727
565970
566093
566209
566230
566242
566456
566589
566719
566794
566877
566885
567053
567079
567175
567200
567348
567401
567415
567461
567528
567760
567808
567945
568200
568261
568284
568514
568540
569015
569119
569140
569184
569290
569318
569659
569741
569757
570328
570352
570377
570686
570701
570728
570878
571109
571444
571468
571494
571657
571708
571914
571962
572092
572531
572556
572596
572675
572929
572959
573318
573427
573435
573508
573521
573535
573688
573690
573802
573830
573968
574240
574257
574265
574274
574421
574682
574698
574732
574861
574984
575084
575164
575268
575582
575832
575849
576009
576052
576103
576129
576141
576316
576541
576848
576882
576960
576962
577004
577045
577215
577379
577437
577477
577555
577726
577789
577971
578222
578253
578312
578339
578391
578622
578979
579074
579115
579121
579198
579315
579324
579337
579438
579468
579537
579612
579899
579912
579976
580010
580070
580157
580163
580212
580278
580353
580400
580422
580552
580563
580611
580806
580808
581008
581098
581216
581310
581330
581350
581417
581431
581451
582039
582290
582309
582421
582460
582463
582552
582586
582712
582756
582849
582957
583025
583169
583662
583740
583743
583813
583853
583938
584074
584113
584226
584265
584311
584430
584834
584839
585210
585240
585343
585398
585433
585447
585502
585671
585822
585915
585925
586049
586757
586957
587029
587264
587336
587436
587503
587532
587596
587600
587608
587899
588022
588070
588102
588142
588234
588275
588288
588489
588576
588630
588700
588961
589109
589480
589606
589839
589858
590017
590047
590056
590138
590164
590164
590248
590302
590373
590445
590495
590538
590701
590715
590784
590803
590888
591066
591069
591264
591454
591504
591905
591980
592063
592172
592384
592505
592536
592555
592610
592676
592696
592754
592760
592914
593172
593241
593250
593454
593523
593698
593720
593818
593962
594050
594127
594132
594182
594245
594257
594303
594530
594790
594790
594870
594871
595156
595197
595208
595284
595325
595577
595641
595649
595651
595680
595783
595829
595833
595971
595982
596018
596062
596070
596279
596347
596353
596385
596685
596916
596938
596969
596973
596978
597002
597046
597127
597165
597840
597900
598163
598240
598312
598462
598539
598961
598989
599086
599374
599385
599434
599449
599508
599518
599682
599719
599865
599904
599927
600392
600417
600432
600519
600615
600633
600682
601379
601419
601428
601513
601815
601829
601846
601857
602170
602551
602656
602720
602720
602957
602993
603016
603041
603161
603178
603230
603242
603247
603274
603304
603447
603448
603544
603614
603929
603934
603953
604321
604381
604673
604751
604776
604806
604960
605132
605200
605272
605280
605338
605378
605772
605896
605961
606123
606123
606156
606188
606298
606399
606542
606572
606839
607077
607145
607196
607437
607514
607705
608040
608042
608200
608220
608241
608301
608541
608551
608853
609044
609178
609215
609249
609316
609357
609454
609610
609759
609894
609911
609956
609994
610002
610083
610120
610217
610318
610645
610728
610939
611071
611557
611566
612124
612131
612234
612497
612592
612648
612703
612754
612832
612861
612869
612989
613090
613168
613214
613348
613579
613643
613728
613893
613989
614055
614200
614203
614263
614327
614549
614549
614608
614697
614747
614870
615000
615297
615299
615512
615571
615610
615667
615782
615868
615981
616057
616163
616170
616260
616266
616346
616363
616388
616417
616524
616525
616685
616728
616839
616852
617086
617356
617451
617510
617638
617875
617955
617970
618035
618040
618109
618190
618223
618319
618324
618503
618571
618596
618767
618820
619037
619060
619126
619167
619184
619318
619366
619379
619428
619508
619630
619736
619915
619943
619951
620358
620611
620691
621076
621287
621354
621447
621460
621543
621595
621649
621968
622066
622177
622190
622551
622761
622856
622967
622988
623001
623167
623227
623314
623382
623424
623451
623458
623498
623550
623624
623767
623883
623963
624053
624601
624698
624785
624906
625146
625159
625375
625519
626312
626427
626459
626507
626528
626748
626914
626988
627063
627150
627160
627262
627662
627793
627829
627839
627904
627931
628235
628383
628806
629263
629775
629844
629870
629945
629998
630047
630152
630890
631241
631271
631299
631303
631556
631808
631925
632178
632341
632394
632444
632503
632566
632585
632665
632725
632993
632999
633009
633162
633195
633223
633278
633340
633455
633725
633812
633861
633978
634111
634144
634267
634366
634436
634447
634494
634733
634740
634947
634957
635028
635210
635285
635386
635454
635577
635649
635768
635830
635860
635948
635950
636592
637109
637305
637405
637443
637480
637491
637662
637727
637744
637967
638066
638311
638325
638453
638459
638666
638706
638946
639020
639023
639027
639148
639203
639223
639428
639568
639597
639645
639794
640017
640221
640265
640375
640506
640582
640636
640666
640739
641145
641216
641275
641398
641512
641521
641608
641655
642031
642178
642271
642332
642382
642556
642562
642591
642783
642790
642823
642984
643077
643138
643183
643247
643307
643460
643582
643582
643688
643761
644082
644132
644149
644275
644505
644507
644528
645049
645136
645154
645591
645622
645669
645671
645930
646012
646015
646086
646155
646155
646170
646215
646340
646340
646348
646408
646447
646454
646538
646596
647135
647156
647272
647303
647306
647887
648113
648194
648320
648422
648543
648772
648775
648826
648846
648885
649077
649147
649302
649383
649395
649420
649518
649793
649999
650040
650060
650272
650274
650390
650515
650754
650813
650971
651016
651203
651218
651220
651282
651518
651526
651603
651746
651858
651894
651924
652029
652177
652182
652198
652337
652351
652405
652559
652664
652748
652774
652940
653070
653130
653207
653247
653265
653313
653358
653452
653608
653747
653870
653950
654035
654107
654115
654271
654305
654312
654443
654455
654543
654583
654673
654767
654879
654906
654978
655059
655067
655109
655430
655432
655443
655504
655633
655721
655898
656021
656151
656207
656282
656296
656432
656436
656755
656846
656972
657011
657021
657090
657127
657168
657229
657249
657289
657572
657582
657704
657744
657845
657857
658033
658192
658232
658250
658296
658370
658397
658483
658513
658971
658989
659031
659127
659170
659197
659251
659432
659621
659623
659710
659784
659786
660005
660042
660101
660123
660267
660491
660758
660855
660868
660922
661113
661166
661237
661355
661456
661551
661577
661609
661667
661688
661865
661870
661885
661922
662072
662134
662367
662470
662487
662558
662608
662674
663342
663374
663375
663490
663630
663642
663763
663935
664214
664246
664263
664350
664375
664497
664597
664680
664846
664864
665005
665227
665323
665465
665584
665731
665743
665790
665895
666124
666196
666274
666400
666476
666747
666794
666795
666849
666954
667014
667145
667196
667285
667299
667476
667517
667587
667634
667935
668260
668407
668655
668687
668890
669046
669115
669236
669336
669390
669504
669546
669817
669992
670163
670183
670218
670222
670518
670759
670865
670913
670944
671345
671390
671423
671662
671672
671945
672187
672245
672323
672326
672428
672591
672610
672748
672796
672871
672905
673062
673068
673096
673184
673340
673369
673432
673442
673445
673458
673488
673516
673941
674016
674236
674436
674560
674748
674817
674878
674895
675002
675069
675450
675866
675920
675996
676049
676100
676120
676251
676386
676441
676498
676608
676735
676830
677171
677374
677393
677471
677499
677582
677688
677699
677729
677934
678028
678222
678318
678333
678493
678745
678816
678824
678840
678987
679001
679200
679236
679366
679395
679572
679660
679749
679965
679969
679982
680278
680629
680631
680697
680816
680819
680915
681047
681078
681278
681281
681482
681554
681574
681624
681909
681959
682031
682133
682171
682216
682347
682355
682448
682496
682498
682592
682734
682981
683026
683055
683168
683253
683556
683578
683624
683629
683891
683965
684026
684105
684168
684204
684506
684633
684921
685035
685048
685152
685273
685564
685714
685760
686155
686160
686229
686460
686518
686921
686936
687311
687485
687662
687826
687850
687863
688142
688215
688438
688458
688592
689441
689485
689551
689560
689576
689640
689645
689841
690144
690162
690245
690488
690610
690631
690660
690750
690825
690924
690979
691238
691292
691323
691486
691817
691830
692052
692088
692213
692233
692301
692441
692677
693032
693198
693408
693469
693484
693570
693777
693857
693868
693880
694042
694090
694174
694183
694320
694482
694680
694735
694884
694902
694979
694980
694981
694993
695175
695195
695245
695675
695787
696358
696377
696464
696696
697026
697121
697188
697214
697279
697486
697529
697577
697579
697772
697856
697921
697926
698055
698056
698071
698110
698131
698301
698305
698325
698500
698557
698598
698655
698738
698753
698770
698993
699010
699085
699184
699335
699406
699487
699673
699809
699873
699979
700146
700194
700329
700371
700418
700436
700442
700458
700460
700590
700620
700696
700751
700998
701036
701066
701400
701531
701539
701549
701663
701744
701821
701866
702057
702065
702173
702391
702559
702827
702882
702964
702995
703008
703037
703209
703213
703410
703492
703528
703542
703947
704084
704113
704149
704537
704546
704595
704661
704788
705028
705119
705241
705314
705352
705395
705504
705574
705701
705781
705857
706123
706231
706449
706738
706779
706812
706880
707028
707389
707521
707761
707880
708084
708123
708165
708190
708198
708213
708301
708364
708381
708474
708771
708904
708946
709193
709302
709311
709364
709602
709757
709937
709944
709980
709984
710026
710105
710156
710244
710263
710270
710342
710547
710653
710656
710795
710903
711206
711417
711491
711643
712094
712105
712246
712291
712332
712505
712646
712746
712872
712935
713044
713070
713343
713510
713773
713797
714007
714049
714111
714313
714403
714504
714509
714523
714529
714566
714580
714612
714659
714814
714998
715233
715303
715321
715406
715552
715997
716017
716147
716405
716776
716853
716858
716882
716902
716957
717097
717345
717348
717576
717771
717788
717873
717965
717986
718053
718192
718298
718339
718408
718556
718617
718639
718693
718845
718999
719232
719237
719411
719473
719502
719601
719786
719907
720202
720254
720270
720663
720717
720835
720971
721113
721197
721404
721461
721500
721682
721706
722330
722448
722596
722911
722920
722997
723009
723209
723294
723357
723465
723697
723787
723970
724002
724039
724090
724125
724367
724592
724593
724691
724702
724763
724793
724958
725004
725057
725143
725265
725375
725417
725669
725856
725986
726029
726176
726410
726594
726726
726945
726977
727067
727200
727488
727527
727699
727960
728393
728400
728416
728634
729033
729049
729143
729249
729452
729454
729508
729556
729631
729634
729778
730080
730191
730272
730340
730378
730391
730542
730919
731128
731303
731382
731532
731535
731662
731819
731905
731919
731933
731977
732061
732125
732127
732288
732337
732385
732404
732565
732592
732701
732813
732851
732932
733010
733041
733082
733101
733197
733431
733433
733479
733500
733543
733696
734150
734556
734623
734625
734779
734807
734844
734915
734972
735019
735176
735353
735460
735494
735495
735800
735833
736022
736024
736129
736210
736223
736258
736344
736438
736570
737101
737430
737440
737613
737659
737869
737898
738005
738063
738116
738283
738297
738299
738387
738486
738570
738782
738894
738911
738955
739010
739380
739432
739444
739927
740284
740374
740566
740703
740714
740957
741557
741916
742001
742072
742147
742242
742298
742407
742575
742688
742699
742838
742972
742999
743133
743207
743333
743610
743646
743777
743785
743892
743918
743926
744046
744050
744462
744543
744667
744783
744790
744896
744927
745097
745223
745255
745298
745306
745311
745437
745729
746131
746321
746423
746517
746731
746756
746788
746805
746834
746857
746863
746956
746960
747095
747209
747304
747321
747458
747472
747891
747902
748093
748122
748170
748330
748420
748500
748505
748653
748749
748768
748848
748873
748953
749110
749116
749635
749752
749752
749810
749936
750140
750548
750808
750981
751077
751228
751460
751464
751481
751488
751755
751757
751876
751893
752116
752132
752165
752166
752203
752255
752374
752434
752439
752536
752639
752845
752923
753201
753295
753298
753304
753360
753518
753554
753801
753812
753903
754116
754162
754341
754443
754526
754712
754726
754915
754929
754970
755103
755135
755175
755333
755463
755536
755560
755571
755606
755824
756360
756376
756484
756503
756519
756530
756550
756710
756929
756951
757019
757122
757271
757388
757510
757572
757702
757899
757908
758226
758263
758300
758316
758433
758548
758709
758835
758894
758911
758999
759272
759288
759324
759355
759413
759419
759582
759585
759593
759711
759751
759835
759929
760293
760433
760514
760568
760757
760864
760888
760931
761017
761084
761167
761345
761368
761381
761526
761593
761801
761933
761939
761965
762050
762131
762217
762317
762342
762601
762602
762718
763125
763280
763866
764295
764312
764321
764597
764647
764648
764648
764651
764740
764905
764966
764986
765096
765201
765745
765859
765866
765880
765893
765928
765960
766007
766093
766193
766201
766235
766310
766346
766534
766566
766624
766657
766759
766848
766876
766900
766967
767061
767141
767141
767188
767285
767378
767397
767398
767737
767892
767899
768157
768178
768246
768387
768393
768472
768702
768759
768899
768920
769082
769182
769244
769303
769501
769701
770168
770280
770324
770413
770529
770532
770566
770602
770616
770640
770825
771002
771093
771205
771360
771418
771533
771912
771957
771981
772042
772128
772241
772304
772427
772486
772825
772843
772871
773015
773129
773174
773274
773280
773304
773313
773648
773762
773802
774000
774188
774371
774528
774530
774801
774922
775016
775085
775111
775336
775399
775521
775538
775692
775695
775714
775722
775991
776128
776215
776242
776329
776489
776577
776918
776978
777091
777146
777217
777417
777458
777503
777777
777900
778023
778026
778231
778393
778548
778560
778599
778614
778753
778885
778914
778986
779154
779470
779484
779550
779567
779673
779809
779879
779885
779913
779982
780228
780365
780399
780410
780417
780586
780644
780716
780854
781121
781124
781149
781258
781281
781398
781514
781529
781552
781658
781755
782019
782250
782300
782698
782739
783008
783193
783257
783285
783524
783544
783830
783900
784088
784117
784176
784188
784272
784461
784644
784758
784804
784834
784856
784889
785011
785071
785167
785177
785409
785441
785559
785754
785906
786097
786098
786259
786289
786327
786490
786655
786659
786776
786841
786856
786950
786979
787102
787226
787238
787313
787322
787425
787432
787681
787706
787913
788021
788215
788268
788319
788353
788476
788488
788554
788849
789156
789551
789592
790548
790702
790811
790908
790958
791246
791478
791607
791645
791684
791708
791803
791914
792082
792317
792446
792507
792814
792856
792969
792980
793038
793049
793080
793104
793253
793529
793575
793586
793779
793780
793877
793926
793944
794083
794135
794338
794354
794370
794508
794567
794889
795016
795041
795045
795059
795084
795224
795274
795281
795397
795428
795616
795632
795660
795747
795750
795761
795849
796010
796059
796096
796573
796799
796800
796902
797043
797119
797139
797234
797372
797486
797491
797568
797732
797780
797912
798259
798404
798487
798601
798677
798711
798809
798852
798868
798892
799049
799057
799093
799238
799256
799411
799505
799731
799806
800132
800194
800202
800268
800565
800608
800729
800840
800846
800966
801040
801196
801202
801344
801361
801436
801473
801549
801681
801691
801825
801830
801941
801950
802074
802088
802643
802728
802908
803003
803107
803347
803716
803723
803907
803911
803987
803997
804010
804260
804484
804536
804796
804809
805323
805427
805519
805617
805754
805762
806083
806098
806214
806247
806263
806341
806443
806443
806549
806593
806663
806938
807040
807150
807304
807334
807359
807707
808007
808150
808196
808510
808644
808684
808763
808904
809069
809101
809143
809416
809590
810016
810041
810193
810255
810349
810426
810446
810455
810490
810531
810594
810826
810954
811005
811025
811343
811380
811446
811453
811526
811576
811654
811730
811869
812082
812144
812149
812347
812394
812637
812653
812731
812759
812832
812954
813031
813251
813362
813522
813697
813779
813936
813984
814139
814327
814636
814753
814761
814793
814830
814889
814903
814949
815050
815169
815189
815312
815395
815521
815582
815585
815709
815798
815813
815873
815997
816051
816070
816070
816564
816776
816838
816949
817203
817271
817285
817573
817662
817840
817861
817903
818073
818141
818220
818563
818667
818731
818797
818852
818855
818954
819106
819146
819345
819376
819560
819651
819691
819714
819927
819948
820075
820100
820200
820446
820472
820549
820607
820770
820827
820880
821241
821280
821435
821438
821442
821442
821542
821589
821622
821644
821769
821880
821951
821977
822006
822061
822117
822446
822521
822566
822808
823064
823152
823206
823262
823323
823344
823382
823539
824159
824176
824272
824333
824535
824624
824718
824744
824776
825054
825147
825216
825354
825380
825611
825617
825676
825780
825851
825859
825949
825963
826120
826125
826245
826428
826541
826625
826644
826648
826966
827017
827028
827569
827603
827707
827763
827857
827979
827983
828018
828162
828210
828292
828369
828662
829006
829081
829648
829863
829933
829937
830054
830567
830723
831139
831171
831182
831185
831507
831586
831605
831607
831639
831772
831954
832205
832257
832435
832591
832615
832872
832884
832907
833422
833533
833562
833665
833739
833780
833979
833998
834182
834207
834370
834808
834832
834961
834964
835137
835420
835510
835903
836000
836236
836246
836308
836318
836357
836658
836738
836868
837122
837142
837244
837649
837670
837689
837719
837880
837898
837987
838076
838145
838192
838232
838273
838362
838382
838575
838731
838782
838850
839088
839164
839470
839568
839986
840002
840339
840488
840557
840659
840701
841113
841150
841202
841547
841594
841687
841774
841816
842029
842166
842398
842633
842744
842830
842902
842912
842931
842938
842996
843030
843034
843089
843149
843217
843522
843678
843939
843999
844067
844249
844256
844306
844408
844504
844513
844555
844692
844828
844916
844921
844988
845203
845288
845394
845540
845659
845674
845840
846126
846127
846352
846375
846385
846544
846678
846833
847041
847148
847252
847287
847290
847816
847839
847889
847962
847976
848054
848116
848363
848441
848662
848666
848722
848753
848754
848934
848978
848991
849007
849062
849486
849556
849572
849710
849994
850029
850239
850297
850438
850500
850527
850822
850882
850938
850964
851232
851287
851493
851700
851729
851749
851751
851989
852026
852218
852504
852514
852593
852744
852860
852890
853004
853356
853412
853508
853598
853630
853683
853790
853835
854152
854319
854380
854523
854677
854684
854863
854991
855017
855273
855342
855407
855541
855667
855672
855690
855692
855883
855933
855935
855976
856013
856098
856131
856303
856361
856471
856617
856719
857100
857101
857329
857334
857458
857566
857649
857694
857796
857899
858022
858162
858231
858495
858517
858552
858843
858933
859080
859384
859434
859767
860072
860076
860120
860163
860168
860190
860233
860262
860275
860399
860602
860778
860999
861133
861214
861240
861277
861398
861478
861679
861769
862024
862068
862311
862360
862426
862452
862718
862860
862873
862900
863449
863551
863569
863582
863840
863899
863908
863961
864088
864118
864340
864410
864417
864501
864556
864674
864713
864861
865002
865045
865061
865073
865104
865128
865175
865246
865258
865451
865456
865475
865510
865555
865652
866024
866070
866260
866422
866695
866799
866984
867006
867078
867110
867228
867263
867546
867547
867566
867684
867796
868205
868346
868379
868396
868611
868694
868722
868808
869108
869171
869562
869860
869894
869900
870195
870350
870393
870646
870660
870694
870751
870771
870784
870912
871041
871047
871140
871168
871211
871309
871528
871579
871658
872093
872209
872247
872266
872335
872335
872347
872374
872393
872440
872694
872729
872745
872844
872944
873201
873284
873493
873645
873689
874731
874743
874752
874883
874889
875032
875158
875222
875298
875356
875380
875458
875484
875592
875853
875951
876000
876019
876038
876245
876325
876490
876775
877048
877236
877244
877538
877598
877837
877847
878066
878413
878556
878590
878692
878719
878803
878827
878836
878941
879171
879295
879325
879421
879432
879457
879675
879903
879952
880328
880435
880612
880661
880689
880733
880891
880931
881013
881013
881111
881114
881363
881575
881689
881690
881944
882023
882099
882171
882214
882274
882276
882324
882332
882367
882402
882417
882680
882702
882808
882842
882919
882957
882997
883010
883042
883147
883190
883353
883486
883541
883907
883976
884114
884245
884532
884602
884729
884823
884900
884932
884948
884976
885096
885166
885240
885396
885788
885818
886004
886079
886082
886177
886202
886274
886427
886523
886560
886953
887047
887210
887230
887346
887347
887556
887797
887896
887919
888109
888313
888519
888525
888592
888706
888982
889126
889131
889180
889194
889365
889375
889725
890003
890029
890096
890677
890776
890988
891073
891217
891314
891404
891625
891747
891831
891834
891873
891877
891890
892161
892186
892202
892342
892618
892622
892686
892692
893225
893311
893411
893412
893466
893588
893704
893732
893849
893983
894216
894219
894578
894635
894786
894921
894948
894958
895036
895224
895417
895422
895490
895497
895578
895769
895789
895883
896261
896503
896735
896850
896913
896936
896972
897041
897179
897431
897467
897489
897572
897771
897772
897773
897883
898080
898138
898146
898160
898211
898399
898446
898745
898829
898912
899184
899232
899234
899293
899315
899429
899484
899597
899822
899852
899934
900143
900227
900268
900573
900725
900756
900808
900895
901079
901149
901335
901579
901592
901702
901882
901920
902048
902172
902202
902310
902391
902406
902523
902538
902583
902915
903101
903217
903276
903299
903333
903336
903345
903422
903460
903647
903879
903964
903970
904043
904092
904155
904163
904196
904374
904469
904528
904532
904559
904600
904720
904745
904907
905193
905201
905207
905235
905256
905421
905717
905780
905871
906119
906617
906772
907297
907514
907516
907555
907558
907563
907669
907838
908184
908296
908355
908405
908441
908643
908646
908952
909121
909291
909298
909318
909635
909761
909763
909808
909861
909881
909911
909998
910001
910015
910241
910388
910410
910506
910604
910630
910670
910752
910929
910964
911174
911258
911264
911365
911373
911422
911523
911610
911631
911891
911928
911956
912000
912152
912314
912346
912487
912498
912535
912877
912959
912970
913075
913127
913169
913194
913296
913331
913376
913468
913513
913621
913664
913705
913938
914108
914200
914483
914855
914952
914954
915121
915242
915439
915471
915569
915615
915635
915749
915803
915818
915856
916004
916047
916064
916065
916077
916177
916217
916230
916346
916549
916831
916928
917091
917453
917706
917750
917903
918134
918288
918338
918355
918466
918599
918625
918842
918870
918997
919003
919055
919148
919208
919390
919477
919537
919612
919825
919898
920002
920163
920267
920277
920414
920462
920567
920619
920654
920857
920931
920956
920960
921076
921078
921190
921221
921417
921754
921868
922182
922445
922580
922593
922736
922764
922798
923398
923450
923491
923518
923539
923644
923858
923943
923980
923986
924139
924323
924425
924453
924459
924702
924730
924793
924865
924922
924990
925116
925229
925407
925787
925827
925904
925921
925935
926024
926244
926692
926710
926853
927522
927527
927589
927663
927685
927842
927871
927937
927951
928001
928095
928177
928280
928285
928313
928412
928445
928701
928764
928887
929064
929120
929132
929183
929248
929259
929305
929348
929369
929505
929531
929550
930021
930160
930182
930368
930385
930433
930476
930602
930685
931017
931021
931326
931534
931551
931666
931734
931812
931836
932035
932042
932365
932373
932501
932532
932717
932781
932792
933006
933165
933745
933886
933987
934188
934277
934300
934354
934374
934750
934806
935135
935206
935339
935662
935929
936034
936189
936303
936314
936605
936625
936764
936875
937189
937312
937559
937581
937620
937640
938218
938613
938653
938714
938721
938752
938930
939119
939171
939172
939291
939298
939337
939461
939550
939681
940243
940321
940549
940716
940732
941278
941325
941444
941531
941559
941683
941761
941867
941972
942129
942351
942434
942488
942566
942606
942635
942696
942810
943029
943056
943059
943072
943140
943410
943464
943557
943604
943934
943976
944137
944298
944331
944837
945368
945372
945507
945619
945649
945651
945948
946040
946301
946356
946408
946459
946592
946701
946792
946925
946950
946976
947064
947095
947137
947162
947396
947423
947529
947539
947657
947667
947725
947731
947754
947773
948080
948240
948364
948391
948456
948505
948508
948868
948901
948940
949054
949065
949102
949183
949267
949353
949392
949412
949428
949432
949635
949651
949747
949954
950604
950669
951010
951041
951092
951107
951155
951183
951351
951471
951710
951884
951914
951936
952010
952109
952587
952668
952684
952687
953091
953358
953399
953502
953582
953830
954039
954125
954207
954242
954249
954306
954329
954338
954685
954815
954841
954872
954880
955064
955108
955202
955378
955440
955583
955844
955856
956257
956313
956355
956507
956797
956879
957075
957123
957185
957268
957272
957326
957336
957509
957630
957676
957771
958046
958348
958495
958604
958795
958824
958851
959164
959285
959605
959868
959896
960021
960124
960169
960277
960453
960646
960674
960754
960852
960894
960943
961001
961053
961290
961371
961452
961472
961553
961571
961905
962096
962198
962274
962412
962490
962667
962877
962879
963497
963837
963854
963869
963901
963984
964128
964411
964526
964664
964666
964715
964828
965008
965174
965217
965519
965530
965536
965545
965565
965661
965688
965874
965898
966286
966305
966321
966333
966354
966403
966653
966680
966698
966757
967037
967062
967147
967311
967359
967413
967495
967666
967766
967836
967837
967905
968023
968034
968061
968144
968407
968559
968583
968696
968887
968890
968920
968925
969002
969097
969162
969174
969312
969351
969417
969419
969649
970052
970111
970143
970170
970229
970372
970388
970440
970554
970680
970780
971130
971247
971284
971287
971590
972079
972167
972181
972252
972356
972564
972612
972636
972714
972867
972967
973051
973080
973236
973317
973375
973444
973486
973583
974045
974045
974212
974221
974346
974439
974445
974485
974585
974610
974850
975034
975079
975121
975174
975177
975251
975545
975545
976002
976013
976061
976111
976386
976620
976625
976820
976851
976882
977394
977427
977479
977592
977671
978245
978249
978399
978403
978683
978716
978962
979012
979061
979110
979250
979447
979633
980019
980032
980079
980172
980176
980242
980286
980560
980600
980777
980865
981033
981053
981309
981326
981334
981441
981568
981592
981648
982186
982411
982443
982520
982553
982557
982653
982749
983039
983095
983389
983433
983489
983508
983542
983575
983667
983751
983862
983953
983954
984111
984182
984376
984473
984715
984811
984873
984971
984979
985046
985150
985151
985228
985312
985366
985407
985703
985737
985850
985902
985987
986096
986110
986191
986307
986354
986416
986461
986472
986476
986476
986567
986575
986576
986599
986630
986731
986769
986997
987002
987109
987140
987296
987605
987605
987648
987873
988179
988213
988222
988499
988754
988969
989046
989108
989185
989187
989287
989704
989783
989863
990120
990355
990401
990640
990641
990644
990732
991062
991114
991161
991209
991228
991486
991699
991891
992068
992083
992086
992271
992300
992560
992705
992741
993100
993157
993318
993406
993538
993609
993842
993866
994174
994319
994640
994701
995092
995109
995576
995979
996018
996138
996143
996348
996399
996454
996490
996803
996980
997169
997302
997377
997447
997541
997619
997897
998184
998343
998461
998695
998733
998734
998798
998812
998863
998879
999112
999178
999222
999323
999437
999840
999889
