907
1188
3492
7862
9039
9385
10171
10638
10952
11449
13377
13705
13872
17216
18271
19163
20503
20685
21992
23404
23711
24167
26866
30620
32917
40178
40184
40234
40278
40946
41133
42341
42762
44368
44534
44803
46364
49810
50317
52870
53677
54556
56593
57574
58558
61772
63171
63978
64346
65752
69581
71296
71980
73356
73809
76111
76187
77012
78197
80650
81684
81959
82832
84345
84452
84490
84612
85211
85787
86734
87448
87906
87990
88113
89931
91603
91618
91638
92109
92689
92801
92889
92978
93807
94446
94972
95080
95206
96096
98366
98678
104389
104449
105015
105641
106254
112386
113994
114720
115409
115970
115973
116609
117024
117195
118191
118447
119974
120120
121476
122534
122613
123843
123914
125476
125750
126009
126663
127154
128870
129038
129355
129708
130017
131879
132538
133482
134895
136522
138757
140418
140501
141768
141942
142192
142632
144169
145131
145571
146437
146532
148605
148801
150183
150441
150458
152071
152252
152692
152712
154056
156289
156715
157124
158185
159878
160372
160810
161456
162005
162308
164304
165624
166795
167551
167662
167754
167886
168730
169201
169462
170852
170880
172102
173298
174268
174668
174712
175654
177359
178470
179365
180919
182774
183616
183620
184374
187796
188329
189236
189440
189802
190762
191208
192760
193472
193695
193932
194826
196541
196966
197698
199348
199349
200326
200799
201088
202141
202750
203323
205536
211163
212097
212533
213483
213562
214569
214773
216112
216135
216446
216817
217451
218074
219763
219827
220832
221284
221414
221682
221758
222758
222988
224622
226261
227554
227597
228467
230355
230689
231148
232544
232984
233036
233822
233956
234008
234311
235229
235525
238620
239653
240959
242247
244584
246762
247911
248318
249942
250200
250597
251486
253136
253914
255423
256239
256746
258495
260643
260801
261985
267863
270262
270774
274753
275841
276192
276622
277926
279242
279557
280511
281281
282245
283186
284022
284374
284638
285941
287499
288868
289201
289316
289335
291182
295596
299216
299385
300013
300881
303725
304022
304294
304752
305495
307767
308042
309625
310558
311202
312709
313675
313778
315166
315238
316069
317006
317330
318035
319151
319943
320502
321989
324220
324242
324244
324754
325191
325221
326650
327735
329298
332031
332223
332999
334977
335462
338035
339154
339655
340760
340936
341428
341666
341896
342038
343049
343286
343828
344938
345820
347049
352161
352200
352956
353302
361378
363527
364062
364182
364645
366770
370331
370536
370733
370759
372476
372886
374909
375267
377646
377934
379851
380130
382057
382670
384632
384865
385622
386254
386994
389550
389655
389797
392177
392915
393200
395900
396440
396772
397768
397906
398152
398926
400393
400877
400922
401071
403344
404399
404489
410321
412462
413118
415286
415536
416241
416429
417862
418828
419322
420988
421334
423957
424177
425489
426806
427050
429951
430028
430132
430337
431062
433498
434641
435110
435643
436895
437619
437941
440498
440702
441160
441685
442195
442205
443340
443444
443770
444972
446569
446643
447005
447747
450403
453568
454327
455573
455580
456266
457507
458923
458928
461175
462865
463547
463570
463737
464200
465568
465791
466084
467433
468459
469801
470918
471599
472077
472207
473126
473200
475072
475363
476571
478973
479120
479315
479361
481583
481840
483939
484004
487056
487387
487892
488683
489196
489664
490782
492782
493187
493669
495209
497562
500253
500291
501876
502303
502827
503014
503165
503244
504782
508532
509033
510301
510712
511942
513077
513140
514552
516015
516828
517451
517626
518384
522686
523267
524275
524950
527072
527142
527466
528544
529744
530253
530401
531275
531948
532245
532628
534049
534290
534653
535115
536367
537257
538014
538391
540046
540791
540915
543701
545740
546204
546862
547427
547886
549151
550230
550299
551455
552045
552953
553337
554159
555289
556050
556185
556675
557833
557945
559470
560089
561383
563288
564397
564461
564476
564477
567328
567723
568597
569008
569526
569526
569533
570617
570901
573258
574458
574614
576889
577151
580589
583414
584245
587672
587913
588562
588737
589668
590183
590899
591343
591700
592464
592492
592654
594765
594783
594981
595174
595305
595473
596102
596789
599829
601001
601057
602938
604821
607684
608055
610065
611372
611852
612435
613009
614200
615484
615734
616532
616957
617733
618705
621191
621572
622081
622983
623750
625226
626394
626775
628368
629069
629674
631919
632131
632274
632662
637636
639021
640392
640537
640826
641215
643180
644092
644168
644183
644434
644704
648165
649478
649963
650522
650611
650614
650985
651187
652522
652688
654296
654349
656378
657073
658581
659102
660316
663324
663591
664368
666138
668726
671625
671932
672583
675135
676748
677165
678437
678617
681518
683104
683499
683551
684242
686898
688484
688718
688806
689072
691370
691571
692757
694649
696076
696901
698373
699971
701031
701085
702375
703024
703481
703805
706094
707346
707578
709103
711120
712121
712248
712796
713785
716977
717218
717486
717832
718049
720073
720500
721715
722982
723121
723337
724336
725020
726147
726303
727372
727409
728339
729056
730734
730809
733290
733466
736135
737579
740064
740236
740605
741429
742376
744592
746115
747348
747366
747954
748739
748946
749078
750049
751834
752794
753146
753649
756251
757433
757583
757765
759273
759352
760586
761191
761974
763416
764080
765809
766038
766493
767089
769507
770320
771520
772036
772579
773289
773727
774183
774528
775405
776164
776473
776828
776862
777133
779750
781941
784519
786666
787143
787450
788871
789854
790459
790789
792529
792574
795284
796331
796731
799180
799503
799635
800663
803204
803249
804029
805744
806168
812584
812792
814790
817140
818649
819047
821161
821415
823868
824367
824863
825394
827488
827617
831022
831168
833494
833550
833614
834523
835516
836275
836398
836676
837467
838969
839492
840198
841571
842063
843332
843819
843837
844000
848647
849257
849748
850624
852171
852592
852605
852816
853117
853211
853245
853656
853778
854674
855382
855922
857746
857760
857786
857907
859953
860705
861244
862332
862390
863555
863851
864454
864870
865693
869609
870843
872420
872481
873090
874153
876503
876543
877236
877771
878361
880096
880215
881764
881833
882767
883016
885510
887208
888044
888500
888660
888920
889600
891906
892458
892724
893928
894021
896593
899862
900391
902634
903403
904409
907183
907989
909561
909680
912901
913128
913148
914509
914763
915225
916013
916468
918547
921113
922106
922719
925753
928645
930033
930546
931878
932718
933599
934098
934764
935062
936118
936357
936735
937518
937549
938031
938284
939835
940593
940659
942671
943989
944643
945355
947161
950113
951965
952508
952999
956508
956652
956734
957028
957435
958190
958882
959650
960203
962178
964093
964965
966181
966400
966401
968649
969161
974471
974484
975554
975740
975781
976322
978552
981316
981522
982358
984577
985026
986478
987586
988103
988714
991417
993130
994736
995460
995637
995666
995771
996979
997067
999882
