94
147
165
279
291
613
615
697
728
785
793
845
870
888
898
1234
1527
1645
1728
1793
1848
1919
2000
2098
2393
2398
2439
2538
2743
3176
3254
3306
3310
3393
3405
3464
3580
3593
3597
3763
4065
4094
4238
4333
4374
4412
4461
4510
4654
4654
4664
4805
4841
5063
5130
5216
5269
5309
5644
5663
5718
5894
5971
5981
6290
6392
6462
6540
6563
6656
6721
6796
6831
7167
7341
7370
7463
7644
7833
7909
8004
8007
8100
8183
8188
8322
8410
8541
8910
8933
9063
9101
9277
9354
9428
9453
9455
9552
9607
9693
9712
9805
10043
10135
10154
10230
10396
10417
10417
10570
10601
10612
10704
10808
11144
11166
11187
11233
11378
11390
11545
11615
12123
12191
12309
12359
12385
12588
12665
12881
12900
12992
13003
13115
13139
13149
13210
13217
13335
13357
13640
13774
13845
14129
14198
14215
14533
14579
14631
14664
14725
14830
14944
15054
15092
15121
15131
15149
15225
15273
15334
15396
15403
15423
15454
15579
15700
15821
15856
15988
16372
16379
16454
16938
17008
17232
17284
17342
17548
17612
17671
17672
17882
17910
17975
18098
18105
18208
18343
18517
18568
18589
18752
19035
19060
19061
19186
19192
19217
19564
19818
19865
19957
20365
20481
20639
20906
20957
20974
20980
21018
21109
21195
21252
21252
21288
21416
21549
21799
21934
22002
22018
22092
22205
22377
22417
22659
22690
22718
22827
22896
23045
23150
23267
23715
23893
23938
24136
24248
24281
24329
24347
24420
24452
24709
25266
25322
25505
25596
25603
25725
25751
25858
25987
26023
26128
26175
26220
26374
26563
26573
26685
26748
26868
26932
26979
27152
27416
27443
27490
27515
27617
27624
27718
27854
28360
28570
28770
28772
28832
29003
29193
29325
29340
29359
29640
29672
29769
29840
29904
29911
29947
29984
29990
30178
30334
30347
30432
30493
30610
30652
30739
30937
31017
31124
31228
31343
31445
31587
31625
31828
32070
32120
32185
32188
32343
32367
32452
32560
32680
32706
32754
32813
32829
32852
33093
33102
33274
33394
33514
33551
33557
33592
33655
33659
33661
33693
33824
33824
34069
34073
34193
34199
34245
34371
34459
34642
34654
34680
34852
35026
35383
35439
35878
35919
35939
35948
35977
36237
36374
36392
36533
36711
36737
36741
36752
36792
36826
37039
37069
37120
37222
37242
37508
37595
37610
37648
37704
37773
37854
37891
38116
38501
38522
38581
38747
38795
38851
38909
39120
39194
39408
39420
39533
39537
39696
39761
39832
39863
39893
40053
40144
40180
40199
40351
40787
40837
40978
41106
41106
41220
41229
41234
41544
41729
41937
41999
42117
42140
42207
42216
42296
42373
42785
43193
43231
43639
44064
44213
44274
44336
44410
44456
44508
44528
44588
44762
44830
44837
44895
45024
45157
45441
45533
45656
45679
45689
45718
45737
45906
45916
46117
46174
46174
46226
46331
46366
46387
46427
46452
46484
46535
46598
46702
46734
47142
47149
47173
47360
47525
47586
47623
47676
47682
47683
47871
47918
47976
47983
48080
48129
48186
48399
48594
48681
48761
48791
49298
49374
49380
49444
49768
49782
50348
50414
50466
50518
50677
50810
50875
50887
50989
51075
51101
51233
51281
51306
51424
51597
51724
51797
51814
52060
52085
52172
52190
52235
52265
52313
52392
52414
52647
52691
52860
52922
53041
53177
53197
53299
53322
53385
53485
53541
53584
53888
54179
54367
54368
54511
54633
54710
54806
54945
55189
55248
55257
55342
55384
55389
55546
55578
55586
55806
55879
56065
56112
56135
56323
56347
56522
56526
56599
56608
56700
56711
56875
56925
56928
56956
56998
57147
57334
57385
57529
58037
58069
58295
58351
58368
58392
58405
58449
58463
58620
58701
58825
58892
59401
59598
59647
59659
59790
59879
59926
60657
60693
60903
60918
61031
61037
61311
61314
61457
61469
61638
61659
61809
61860
62135
62329
62438
62458
62498
62931
63030
63160
63170
63175
63200
63242
63352
63462
63559
63626
63885
63894
64018
64214
64264
64276
64625
64683
65251
65428
65430
65610
65687
66078
66311
66387
66421
66462
66710
67184
67259
67332
67428
67505
67574
67579
67661
67683
67709
67714
67744
67755
67834
67894
67978
67983
68005
68310
68339
68408
68468
68639
68875
68875
69000
69057
69158
69198
69336
69461
69562
69656
69694
69813
69966
69997
70289
70302
70350
70491
70511
70630
70720
70779
70794
70833
70836
70925
71081
71144
71175
71190
71242
71251
71452
71482
71504
71514
71531
71680
71708
71970
72011
72154
72283
72769
72775
72814
72833
72860
72889
73090
73143
73147
73216
73227
73247
73254
73362
73417
73424
73548
73739
73779
73858
73975
74237
74557
74609
74627
74784
74885
74996
75196
75420
75638
75783
75879
75908
75951
76036
76095
76119
76239
76324
76364
76392
76432
76786
76850
76850
76906
77003
77074
77469
77656
77704
77919
77929
78040
78311
78405
78450
78452
78527
78609
78740
78822
78922
78922
79138
79157
79160
79207
79221
79246
79269
79291
79385
79386
79474
79645
79687
79712
79798
79859
80022
80027
80177
80185
80282
80338
80542
80600
80616
80704
80871
80989
81081
81107
81121
81150
81285
81298
81312
81320
81369
81451
81491
81510
81557
81605
81625
81697
81789
81813
81876
82029
82045
82129
82203
82221
82250
82267
82288
82339
82370
82387
82463
82649
82794
83006
83209
83213
83342
83428
83518
83570
83626
83657
83754
83772
83779
83798
83831
83915
84116
84156
84346
84352
84380
84471
84541
84555
84588
84725
84842
84852
84955
84999
85088
85296
85304
85327
85470
85491
85903
86070
86130
86173
86483
86520
86789
86807
86958
87003
87018
87085
87469
87727
87736
87953
87976
88000
88160
88170
88267
88288
88391
88511
88605
88847
88867
89036
89158
89199
89312
89429
89448
89468
89610
89813
89831
89904
90016
90050
90242
90292
90536
90555
90640
90775
90822
90963
91024
91050
91097
91153
91482
91536
91567
91641
91656
91773
92035
92110
92181
92203
92216
92219
92248
92348
92509
92704
92802
92933
93102
93154
93160
93374
93412
93499
93704
93772
93815
93972
94011
94032
94263
94372
94426
94496
94549
94655
94664
94720
94807
94810
94850
94892
95018
95084
95101
95283
95340
95408
95689
95692
95907
96171
96249
96387
96392
96404
96428
96440
96495
96793
96831
96972
96980
96981
97015
97053
97065
97169
97378
97400
97639
97655
97713
97938
97947
97963
98267
98323
98331
98390
98470
98481
98563
98594
98679
98814
98830
98912
98995
99034
99047
99658
99774
99776
99798
99818
99988
100020
100090
100105
100229
100293
100299
100440
100498
100629
100665
100712
100830
100890
101353
101401
101487
101612
101670
101673
101732
101807
101985
102047
102140
102166
102221
102684
102694
102936
103056
103220
103278
103316
103366
103401
103691
103701
103746
103818
103832
104199
104269
104364
104436
104621
104762
104843
105021
105161
105256
105267
105289
105463
105567
105706
105852
105916
106096
106483
106629
106648
106651
106787
106830
106882
106926
106944
106993
107100
107171
107269
107472
107551
107743
107758
107784
107803
107824
108037
108101
108232
108290
108428
108431
108504
108511
108727
109021
109059
109122
109298
109349
109427
109557
109621
110131
110166
110202
110236
110308
110424
110667
110723
110944
111056
111089
111364
111437
111508
111533
111562
111640
111675
111728
111732
111750
111751
111832
111922
111926
111988
112010
112190
112225
112383
112472
112556
112695
112918
113007
113132
113284
113300
113730
113751
113799
113886
113928
114200
114355
114815
114830
114845
114947
114977
115036
115318
115426
115461
115668
115778
115906
115921
115962
115993
116146
116204
116333
116341
116491
116682
116783
117053
117100
117123
117191
117212
117249
117256
117258
117271
117271
117475
117798
117801
117918
117938
117954
118015
118491
118552
118586
118614
118782
118813
119022
119185
119204
119352
119506
119522
119540
119786
119864
120006
120032
120042
120147
120207
120273
120350
120497
120520
120631
120849
120919
121035
121209
121263
121310
121523
121677
121771
121808
121835
121836
121852
121886
122305
122317
122812
122836
122895
122919
123032
123054
123063
123089
123089
123096
123248
123776
124002
124067
124277
124278
124325
124495
124557
124727
124776
124947
124953
125260
125367
125638
125713
125778
125819
125891
125908
126088
126101
126138
126343
126496
126783
126800
126835
126964
126987
127006
127064
127168
127289
127329
127539
127566
127617
127693
127726
127807
128130
128218
128496
128506
128518
128995
129090
129323
129384
129386
129445
129566
129825
130108
130178
130200
130213
130226
130234
130352
130645
130898
130958
131316
131494
131609
131693
131746
131786
131884
132033
132033
132366
132535
132659
132918
132941
133180
133233
133238
133334
133383
133541
133554
133571
133701
133733
133815
133838
134003
134034
134136
134228
134306
134389
134401
134450
134455
134473
134661
134923
134938
134958
135102
135263
135415
135419
135464
135704
135825
136178
136275
136330
136337
136392
136425
136444
136588
136607
136670
136771
136902
136963
137067
137158
137198
137252
137381
137396
137635
137717
137758
137788
137810
137849
137875
138127
138130
138141
138162
138203
138296
138356
138547
138646
138681
138770
138832
138857
138869
138964
139177
139352
139425
139571
139586
139774
139922
139983
140024
140095
140149
140624
140890
140920
140958
141259
141438
141502
141512
141834
141847
141897
142070
142221
142297
142440
142481
142680
142687
142780
142868
142954
143046
143085
143220
143410
143464
143476
143620
143753
143788
143819
143867
144171
144240
144336
144364
144392
144398
144456
144549
144561
144754
144900
145232
145791
145847
145875
145996
146094
146162
146250
146260
146484
146488
146528
146542
146604
146636
146776
146923
146924
146975
147067
147206
147224
147364
147424
147513
147768
147823
148202
148223
148270
148291
148398
148510
148640
148957
148968
148980
149117
149145
149171
149186
149245
149417
149640
149733
149768
149812
150147
150183
150187
150189
150211
150268
150636
150681
150712
150827
150898
151035
151068
151074
151197
151251
151497
151587
151607
151670
151834
151853
151961
151995
152081
152149
152179
152180
152256
152295
152341
152477
152480
152563
152682
152944
152998
152998
153009
153187
153254
153340
153416
153556
153587
153651
154009
154044
154188
154261
154283
154283
154380
154429
154577
154599
154713
154784
154797
154808
154848
154852
155053
155060
155107
155197
155292
155433
155594
155737
155767
155811
155834
155882
156133
156174
156622
156641
156661
156907
157013
157031
157046
157086
157199
157265
157302
157307
157372
157512
157539
157652
158073
158078
158252
158640
158657
158895
158921
159183
159306
159325
159399
159412
159468
159612
159847
159873
159911
159951
160020
160028
160079
160176
160294
160368
160494
160538
160588
160982
160984
161073
161077
161103
161187
161220
161264
161308
161368
161446
161582
161924
162024
162198
162200
162282
162311
162348
162423
162459
162524
162629
162654
162775
163053
163056
163085
163128
163341
163370
163387
163421
163453
163775
163805
163824
163939
163976
164028
164088
164136
164261
164343
164403
164406
164482
164719
164804
164984
165004
165009
165229
165247
165275
165401
165470
165492
165571
165699
165728
166004
166107
166184
166261
166361
166458
167035
167049
167115
167162
167235
167444
167720
167845
168012
168065
168290
168293
168372
168384
168619
168672
168690
168768
168770
168796
168815
168959
169004
169234
169394
169524
169601
169606
169617
169640
169719
169898
170400
170446
170529
170697
170747
170826
170929
170989
170992
171009
171034
171093
171153
171282
171644
171694
171768
171912
171913
171927
172067
172136
172154
172164
172216
172609
172625
172939
173090
173155
173378
173429
173616
173664
173668
173992
174319
174377
174627
174658
174721
174751
174758
174913
175311
175347
175392
175443
175533
175552
175769
175789
175839
175898
175932
176106
176215
176884
176945
177037
177039
177180
177196
177241
177353
177446
177648
177814
177860
177947
178136
178212
178297
178298
178303
178380
178403
178408
178770
178823
178831
178972
179001
179015
179211
179310
179383
179422
179674
179696
179698
179751
179773
180046
180374
180414
180497
180551
180629
180992
181329
181339
181386
181445
181495
181522
182083
182231
182307
182467
182514
182673
182702
182703
182797
182800
182947
182951
183063
183107
183399
183446
183631
183862
183975
183976
184159
184161
184292
184299
184403
184417
184489
184537
184630
184641
184643
184862
185042
185344
185376
185478
185624
185642
185707
185719
185726
185728
186156
186297
186309
186404
186671
186721
186801
186922
187008
187082
187130
187165
187485
188160
188269
188297
188367
188392
188427
188635
188697
188761
188894
189007
189137
189275
189387
189540
189590
189689
189738
189744
189849
189873
189970
190212
190332
190374
190584
190735
190787
190837
191377
191426
191437
191552
191711
191790
191802
191995
192156
192235
192378
192506
192548
192584
192597
192948
193014
193036
193544
193723
193821
193839
194049
194149
194208
194212
194346
194457
194481
194675
194737
194862
194952
195012
195138
195194
195374
195588
195752
195794
195897
195956
196194
196268
196369
196375
196719
196971
197042
197103
197238
197242
197654
197786
197809
198099
198169
198217
198298
198314
198331
198344
198503
198543
198664
198909
198937
198965
199084
199280
199284
199629
199795
200115
200277
200354
200455
200732
200843
201037
201077
201105
201117
201418
201419
201503
201599
201615
201747
201771
201942
202082
202178
202516
202612
202627
202867
202903
203170
203470
203633
203777
203787
203798
203870
203899
203917
204026
204099
204264
204341
204397
204792
204793
204894
205095
205231
205260
205374
205415
205451
205459
205516
205562
205927
206095
206207
206362
206368
206429
206595
206611
206879
207003
207019
207087
207332
207414
207561
207688
207954
208120
208155
208324
208378
208435
208576
208579
208684
208785
208834
208920
208959
208969
209043
209092
209281
209402
209486
209660
209746
209991
210255
210444
210489
210520
210581
210701
210821
211047
211056
211101
211157
211167
211344
211603
211947
212161
212169
212268
212481
212511
212580
212587
212688
212937
213062
213087
213123
213447
213599
213841
213873
214178
214402
214411
214432
214584
214628
214664
214676
214722
214805
214839
214920
214946
214963
215014
215031
215219
215224
215231
215262
215516
215520
215601
215718
215775
215869
215878
216276
216388
216441
216493
216555
216557
216819
216900
217102
217152
217209
217263
217267
217378
217388
217392
217397
217495
217571
217636
217895
218016
218034
218046
218051
218110
218165
218213
218295
218309
218322
218493
218578
218970
219057
219075
219111
219135
219267
219336
219434
219508
219654
219751
219868
219897
220067
220169
220203
220206
220431
220698
220755
220871
221074
221085
221085
221191
221204
221394
221406
221515
221535
221543
221694
221738
221842
222095
222136
222177
222225
222298
222299
222337
222384
222589
222605
222624
222733
222743
222839
222935
222966
223036
223128
223184
223367
223441
223451
223550
223608
223730
223976
224046
224201
224356
224361
224571
224619
224646
224734
224746
224782
224925
225043
225108
225399
225493
225587
225680
225804
225819
225933
225951
226057
226284
226311
226512
226536
226592
226632
226785
226795
226879
226916
227030
227074
227096
227125
227212
227269
227327
227407
227663
227739
227749
227834
227907
228150
228150
228233
228435
228456
228479
228787
228787
228864
228902
229031
229155
229177
229217
229308
229311
229352
229406
229486
229554
229613
229615
229646
229766
229852
229951
230004
230072
230076
230487
230543
230661
230808
230924
230967
231040
231150
231177
231178
231325
231402
231409
231435
231666
231742
231857
231993
232027
232268
232345
232487
232506
232521
232649
232734
232772
232810
232815
232940
232989
233058
233135
233224
233361
233460
233519
233581
233742
233755
234395
234569
234764
234799
234875
234889
234947
234970
235024
235098
235121
235250
235263
235273
235499
235658
235805
235837
235892
236035
236035
236134
236162
236243
236360
236362
236391
236394
236426
236552
236604
236728
236987
237244
237360
237447
237681
237725
237752
237771
238013
238023
238283
238323
238425
238440
238620
238897
239039
239102
239154
239357
239416
239492
239583
239703
239766
239901
239911
239951
240168
240241
240284
240291
240375
240431
240477
240607
240612
240665
240806
240829
240835
240846
240930
241045
241067
241099
241106
241119
241224
241401
241404
241680
241941
242110
242126
242304
242311
242361
242564
242651
242700
242743
242953
243297
243363
243431
243459
243459
243577
243640
243825
243840
244030
244112
244118
244245
244270
244292
244295
244298
244378
244400
244415
244437
244451
244474
244559
244624
244762
244795
244958
245149
245208
245231
245240
245401
245591
245909
245932
245989
246117
246117
246171
246225
246264
246306
246409
246620
246722
246724
246731
246759
246797
246808
246871
247023
247108
247129
247204
247315
247436
247532
247692
247827
247899
247940
247948
248009
248255
248507
248582
248624
248764
248925
249215
249294
249435
249609
249611
249814
249942
250024
250091
250134
250234
250320
250599
250980
251025
251041
251099
251175
251182
251185
251435
251618
251790
251951
251963
251991
252007
252028
252089
252089
252173
252243
252260
252391
252401
252418
252489
252658
252663
252813
252978
253274
253298
253570
253611
253631
253634
253667
253730
253843
253902
254034
254046
254055
254175
254358
254376
254385
254443
254484
254514
254527
254548
254556
254557
254637
254640
254644
254716
254757
254778
254851
254919
255070
255090
255120
255121
255151
255221
255236
255245
255249
255523
255558
255637
255673
255826
255843
256070
256168
256230
256271
256429
256652
256747
256764
256773
257074
257234
257267
257301
257312
257723
257757
257803
257821
257836
257892
257894
258013
258049
258201
258254
258336
258364
258397
258613
258682
258703
258732
258935
259001
259179
259543
259656
259664
259831
259842
259969
260002
260063
260578
260637
260770
260771
260914
260937
260966
261006
261145
261237
261625
261652
261764
261817
261844
261883
262013
262077
262221
262253
262292
262337
262558
262601
262674
262722
262768
262957
263172
263404
263476
263551
263576
263642
263710
263869
263871
263877
263903
264190
264289
264321
264455
264519
264551
264582
264618
264628
264637
264717
264726
264767
264789
264932
264995
265076
265088
265160
265178
265382
265442
265502
265521
265650
265734
265784
265855
266294
266539
266678
266728
266739
266819
266879
267078
267120
267376
267419
267771
267773
267944
267951
268341
268428
268451
268598
269096
269114
269234
269306
269387
269419
269545
269620
269710
269846
269899
269975
270013
270155
270170
270174
270330
270462
270561
270598
270743
271017
271095
271132
271224
271264
271340
271345
271350
271524
271673
271736
271766
272012
272169
272973
272998
273033
273068
273214
273253
273284
273293
273331
273529
273588
273623
273801
273835
273854
273902
273907
273927
274013
274095
274493
274527
274545
274579
274769
274893
274902
274906
274979
275162
275229
275374
275382
275693
275828
275932
276429
276742
276752
276914
277250
277255
277356
277614
277667
277682
277850
278228
278261
278448
278533
278682
278749
278818
278870
278926
278964
278989
279133
279183
279244
279371
279402
279506
279780
279817
279924
280208
280246
280269
280382
280517
280525
281265
281438
281484
281629
281647
281889
281970
282046
282392
282402
282463
282498
282579
282627
282762
282807
282819
282935
282936
283144
283187
283229
283290
283377
283414
283482
283643
283724
283724
283731
283793
283974
283993
284151
284168
284197
284234
284235
284334
284346
284383
284910
284925
285125
285180
285232
285254
285262
285299
285393
285466
285641
285831
285850
285958
286114
286673
286876
286943
287024
287138
287196
287244
287304
287534
287607
287645
287653
287695
287896
287906
287946
288088
288229
288545
288592
288718
288816
289279
289358
289405
289406
289442
289461
289555
289784
290005
290024
290028
290231
290266
290345
290420
290519
290554
290649
290813
290844
291283
291351
291807
291930
291969
292353
292745
292777
293021
293088
293125
293214
293406
293459
293994
294328
294443
294483
294579
294685
294695
294775
294816
294860
294905
294912
294962
295080
295161
295212
295748
295874
295965
296101
296138
296168
296207
296376
296410
296434
296449
296467
296475
296596
296688
296691
296739
296964
297176
297447
297722
297744
297897
297957
298011
298021
298223
298226
298265
298323
298519
298572
298724
298753
298807
298919
298989
299054
299228
299260
299291
299323
299468
299541
299572
299811
299834
299901
299977
300265
300321
300349
300390
300402
300474
300560
300641
300684
300941
301028
301032
301151
301166
301266
301389
301702
301724
301759
301852
301961
302119
302128
302411
302476
303022
303122
303180
303192
303355
303412
303456
303463
303564
303599
303799
303885
304056
304069
304084
304240
304258
304264
304326
304705
304723
304798
304911
304920
304954
304963
305098
305107
305599
305775
305778
306022
306045
306143
306193
306243
306530
306586
306803
306911
306978
306995
307084
307201
307578
307591
307654
307699
307815
307834
308166
308372
308412
308450
308507
308660
308737
308754
308914
309107
309171
309327
309394
309418
309434
309473
309545
309717
309896
309905
309948
310390
310467
310564
310569
310586
310614
310651
310720
310765
311148
311222
311268
311303
311338
311497
311704
311733
311753
312161
312239
312348
312413
312512
312513
312630
312837
312864
312933
313355
313684
313759
313883
313953
314089
314128
314136
314247
314362
314636
314839
314923
315078
315242
315339
315458
315527
315670
315697
315717
315777
315956
316258
316296
316309
316363
316501
316534
316589
316648
316786
316821
316857
316986
317100
317179
317214
317240
317372
317542
317677
317698
317732
317785
317804
318118
318161
318278
318308
318327
318424
318446
318540
318601
318696
318844
318943
319094
319352
319375
319388
319797
319914
319924
319942
320181
320206
320254
320266
320311
320373
320487
320524
320538
320897
321019
321036
321288
321379
321385
321426
321491
321520
321595
321653
321866
321897
321935
321983
321997
322158
322762
322895
322946
323045
323052
323078
323292
323364
323367
323455
323585
323760
323832
323944
323963
324009
324191
324208
324237
324249
324403
324446
324458
324542
324642
324689
324768
324773
325081
325392
325593
325925
326136
326530
326655
326815
326876
327267
327277
327312
327359
327379
327593
327909
327944
328169
328198
328206
328271
328319
328340
328451
328581
328614
328720
328723
328808
328936
328984
329078
329087
329184
329209
329340
329381
329622
329709
329743
329896
329913
329934
330020
330037
330052
330106
330298
330352
330539
330561
330789
330840
330926
331030
331110
331205
331233
331378
331492
331624
331863
332146
332445
332574
332642
332699
332734
332764
332899
333360
333576
333621
333641
333737
333787
334022
334128
334138
334278
334281
334539
334632
334707
334719
334744
334921
335390
335520
335650
335679
335728
335744
335770
335860
335896
335906
336001
336004
336265
336270
336553
336566
336709
336737
336829
336892
336923
337026
337034
337118
337216
337269
337585
337589
337793
337844
337872
337993
338173
338285
338599
338683
338703
338707
338719
338967
338994
339678
339742
339742
339770
339857
339889
339890
339988
340305
340487
340515
340519
340529
340668
340707
340711
340978
341017
341032
341155
341342
341398
341400
341661
341832
341859
341990
341999
342054
342184
342217
342219
342333
342370
342385
342546
342598
342656
342788
342850
342862
342912
342916
342920
342926
343292
343377
343408
343418
343515
343604
343670
344069
344093
344106
344270
344790
344886
344944
344949
345023
345072
345190
345230
345492
345526
345661
345680
345741
345757
345778
345793
345814
345995
346129
346206
346274
346306
346498
346583
346686
346697
346704
346793
346953
347011
347173
347346
347416
347475
347498
347543
347546
347578
347733
347932
348014
348200
348299
348345
348452
348474
348503
348645
348747
348799
348825
348946
348986
349129
349282
349360
349526
349564
349599
349903
350086
350137
350192
350244
350330
350522
350550
350597
350945
350978
351154
351284
351324
351468
351734
351846
352127
352385
352479
352576
352622
352969
353166
353338
353461
353478
353506
353519
353656
353771
353907
353908
353914
353953
354110
354178
354301
354511
354538
354816
354866
355018
355213
355555
355661
355802
355886
356419
356426
356517
356532
356537
356613
356722
356812
357128
357150
357337
357378
357401
357591
357721
357757
357876
358173
358422
358534
358552
358737
358765
359052
359335
359480
359721
359744
359812
359871
359897
360125
360130
360131
360212
360257
360349
360365
360535
360759
361027
361052
361950
362068
362142
362156
362161
362165
362193
362254
362503
362561
362740
362757
362805
363146
363176
363180
363218
363393
363444
363612
363735
364041
364056
364161
364185
364254
364382
364436
364506
364602
364720
364865
364942
365080
365289
365538
365559
365573
365591
365607
365997
366001
366088
366190
366310
366379
366523
366566
366571
366672
366717
366754
366803
366950
366964
367160
367206
367219
367236
367241
367374
367421
367616
367746
367780
367795
367914
367920
367950
368026
368033
368034
368143
368353
368558
368690
369063
369154
369222
369228
369298
369393
369590
369645
369726
369897
370210
370227
370241
370277
370324
370484
370615
370618
370722
370809
370882
370917
371022
371226
371245
371298
371396
371601
372105
372133
372181
372241
372492
372610
372732
372790
372861
372896
372947
372999
373073
373076
373229
373295
373363
373666
373712
374203
374438
374753
374993
375184
375257
375478
375918
375954
375979
376139
376158
376204
376228
376240
376421
376450
376659
376664
376753
376824
376882
376892
376950
377009
377126
377162
377375
377570
377586
377611
377704
377708
377714
377748
377918
377962
377980
378045
378049
378176
378323
378411
378427
378453
378820
378942
379047
379144
379277
379375
379892
379949
379999
380405
380521
380572
380654
380834
380872
381035
381224
381898
381898
382069
382123
382406
382613
382815
382838
382999
383028
383140
383346
383375
383853
383911
383937
384026
384207
384288
384424
384608
384663
384721
384757
384766
385064
385751
385776
385796
385828
386020
386252
386252
386448
386465
386584
386700
386921
386974
387018
387199
387201
387245
387665
387706
388216
388334
388378
388639
388699
388896
389153
389264
389351
389786
390035
390207
390299
390386
390655
390656
390723
390751
390778
390821
390884
390998
391091
391220
391233
391350
391500
391617
391624
391744
391800
391945
392101
392118
392148
392176
392396
392479
392636
392655
392714
392725
392751
392832
392842
392899
392951
393175
393230
393289
393362
393437
393735
393822
394072
394109
394180
394336
394352
394383
394416
394519
394533
394657
394657
394757
394782
395048
395148
395185
395336
395494
395611
395962
396048
396267
396327
396334
396350
396654
396830
397002
397206
397211
397382
397394
397412
397581
397597
397610
397619
397785
397902
397967
397973
398307
398364
398888
398902
398999
399245
399517
399732
399892
400445
400587
400619
400728
400850
400919
400927
401045
401156
401324
401325
401527
401904
401981
402171
402200
402245
402263
402620
402697
402738
402824
402844
402910
402917
402934
403038
403041
403150
403168
403203
403230
403316
403419
403529
403550
403572
403741
403749
403758
403983
404042
404215
404255
404295
404313
404363
404516
404549
404564
404759
405008
405015
405135
405455
405995
405998
406091
406129
406269
406294
406298
406357
406394
406463
406552
406647
406678
406864
406870
406943
407035
407161
407205
407360
407405
407448
407469
407495
407533
407783
407796
407842
407907
407911
407982
408104
408115
408165
408281
408389
408712
408795
408818
409088
409126
409147
409321
409466
409524
409737
409790
409820
409927
409942
410365
410495
410594
410768
410791
410866
410912
411302
411476
411534
411654
411820
411949
411971
412255
412479
412507
412593
412599
412661
412826
413088
413132
413394
413447
413637
413778
414014
414054
414139
414543
414669
414694
414738
414739
414746
414892
415183
415297
415318
415365
415460
415474
415558
415580
415584
415594
415653
415669
415690
415757
415876
416088
416166
416207
416249
416373
416389
416397
416398
416408
416537
416562
416792
416975
417157
417213
417241
417253
417385
417733
418015
418032
418093
418212
418264
418318
418327
418368
418505
418562
418586
418672
418690
418752
418866
418992
419030
419063
419306
419360
419369
419443
419515
419977
420171
420204
420216
420287
420317
420353
420484
420779
420853
421013
421060
421273
421396
421405
421476
421520
421568
421630
421752
421950
422060
422124
422186
422239
422316
422325
422431
422574
422989
423341
423358
423373
423390
423410
423432
423457
423476
423482
423483
423775
423842
423879
424124
424133
424178
424258
424447
424481
424623
424649
424701
424712
424713
424733
424813
425160
425329
425398
425406
425452
425452
425471
425485
425675
425718
425864
426156
426195
426236
426316
426374
426382
426525
426526
426663
426729
426814
426833
426913
426949
427264
427296
427344
427364
427525
427544
427805
427825
428104
428308
428490
428519
428834
429181
429260
429426
429543
429706
429792
429874
429927
430009
430106
430170
430264
430421
430455
430468
430624
430754
430789
431249
431428
431463
431696
431941
432114
432218
432222
432236
432545
432707
432719
432760
432768
432855
432999
433110
433178
433188
433216
433326
433429
433495
433713
433776
434073
434144
434175
434245
434661
434677
434705
434715
434719
434739
434779
434815
434963
435020
435098
435190
435196
435234
435339
435499
435509
435547
435791
436274
436343
436369
436532
436535
436645
436712
436753
436755
436819
436889
437030
437048
437133
437154
437392
437398
437421
437490
437503
437679
437755
437788
438165
438196
438209
438230
438421
438525
438593
438608
438720
438779
438966
438984
439393
439420
439479
439490
439822
439980
440016
440113
440139
440209
440241
440260
440273
440314
440314
440351
440396
440495
440626
440640
440663
440860
440898
440909
440932
441086
441090
441308
441326
441654
441985
442059
442436
442638
442852
442902
442931
442962
442988
443037
443296
443363
443439
443468
443472
443519
443605
443607
443704
443724
443815
444081
444282
444309
444533
444630
444705
445123
445501
445559
445657
445660
445707
445836
445910
445939
446035
446071
446086
446089
446193
446292
446383
446513
446600
446651
446799
446872
446999
447039
447359
447402
447480
447529
447604
447634
447703
447917
447963
448190
448234
448247
448267
448328
448570
448579
448748
448782
448785
448815
448833
448851
449184
449415
449497
449642
449789
449986
450330
450415
450522
450655
450732
450748
450835
450920
451014
451152
451188
451269
451315
451344
451578
451602
451621
451920
451947
452059
452127
452148
452168
452517
452551
452588
452623
452683
452818
452843
452879
452918
452954
452972
453002
453103
453107
453165
453176
453198
453235
453249
453306
453548
453576
453652
453716
453752
453764
453886
454027
454230
454365
454395
454426
454587
454647
454747
454753
454828
455016
455029
455099
455240
455535
455730
455797
455948
456046
456066
456084
456192
456298
456458
456499
456534
456647
456974
457046
457079
457087
457172
457272
457322
457397
457484
457590
457695
458014
458352
458616
458624
458632
458637
458767
459016
459157
459333
459346
459363
459419
459430
459464
459596
459833
459845
459892
459899
460030
460166
460180
460199
460292
460474
460707
460749
460850
461013
461030
461247
461374
461414
461439
461553
461568
461645
461673
461797
462009
462096
462157
462209
462337
462496
462598
462854
463100
463101
463164
463228
463319
463577
463589
463642
463645
463784
463874
464051
464119
464173
464261
464313
464366
464562
464633
464663
464758
464802
465291
465345
465359
465549
465589
465701
466011
466062
466109
466243
466263
466295
466316
466319
466370
466397
466575
466587
466795
466838
466853
466870
466892
466907
467130
467133
467190
467342
467449
467482
467530
467676
467689
467730
467756
467825
467927
468025
468033
468278
468305
468472
468503
468622
469120
469189
469308
469638
469639
469703
469715
469742
470050
470251
470346
470393
470422
470529
470534
470629
470656
470682
470908
471057
471209
471455
471894
472159
472287
472309
472381
472387
472409
472442
472594
472680
472858
472898
473126
473174
473340
473550
473644
473778
473792
473813
473814
473895
473909
473988
474024
474059
474101
474151
474261
474265
474301
474394
474445
474480
474637
474653
474659
474719
474784
474825
474883
474949
474970
475023
475094
475277
475305
475492
475503
475664
476070
476098
476223
476314
476322
476325
476351
476588
476742
476910
476920
476953
477087
477227
477276
477313
477343
477560
477582
477640
477658
477899
478011
478092
478160
478265
478295
478644
478700
478862
478884
479134
479305
479409
479590
479618
479698
479773
479806
479841
479900
480081
480177
480243
480412
480500
480571
480629
480660
480688
480793
480872
480945
480953
481024
481069
481098
481150
481442
481583
481708
481714
482015
482093
482095
482175
482202
482269
482387
482400
482452
482563
482673
482698
482813
482933
483153
483424
483435
483487
483515
483545
483549
483666
483839
483866
483964
484098
484227
484277
484471
484509
484519
484617
484673
484723
484816
485084
485109
485617
485653
485653
485666
485668
485715
485745
485935
486012
486104
486190
486196
486336
486455
486487
486614
486655
486687
486689
487080
487165
487263
487313
487418
487446
487832
487909
488095
488170
488172
488173
488179
488220
488499
488794
488898
489246
489280
489304
489419
489438
489493
489532
489564
489567
489680
489800
489948
490020
490175
490442
490470
490556
490585
490620
490629
491080
491171
491198
491379
491387
491402
491778
492043
492057
492142
492216
492250
492284
492463
492476
492532
492559
492708
492762
492767
493045
493066
493125
493147
493253
493512
493520
493684
493925
493991
494040
494134
494173
494271
494358
494412
494475
494620
494640
494780
494783
494803
494859
494912
494975
495034
495066
495204
495358
495441
495475
495510
495718
495785
495817
495859
496024
496035
496037
496115
496311
496312
496492
496529
496676
496778
496825
496833
496917
496925
497004
497033
497156
497185
497304
497313
497906
497909
497989
498030
498160
498169
498222
498225
498366
498420
498624
498809
498961
498976
498997
499015
499182
499215
499236
499273
499544
499791
499794
499909
500042
500105
500141
500311
500449
500540
500563
500571
500660
500714
500718
500807
501094
501184
501190
501196
501401
501445
501475
501485
501852
502411
502469
502520
502531
502628
502664
502790
502859
502933
502946
502949
502998
503021
503024
503077
503082
503173
503624
503646
503647
503701
504091
504124
504280
504415
504447
504469
504489
504617
504643
504702
504720
504890
504940
504948
505008
505026
505160
505433
505467
505593
505716
505785
505862
505881
505919
506002
506011
506037
506167
506170
506195
506206
506252
506413
506529
506813
506820
506957
506993
506997
507025
507091
507108
507119
507217
507341
507342
507384
507391
507403
507472
507480
507494
507614
507657
507670
507845
507894
507897
507912
508127
508178
508271
508319
508410
508511
508590
508596
508651
508792
508800
508930
508994
509152
509310
509332
509398
509660
509776
509899
510090
510290
510319
510469
510535
510556
510674
510712
510715
510793
510837
510981
511304
511326
511568
511710
511728
511756
511926
512007
512054
512244
512255
512285
512303
512421
512477
512483
512509
512583
512612
512707
512877
512987
513165
513254
513296
513312
513405
513538
513610
513718
513971
513995
514107
514351
514352
514357
514385
514669
514772
514886
514952
514988
515008
515077
515129
515254
515274
515306
515444
515675
515681
515750
515759
515776
515851
515968
515990
516646
516844
517385
517522
517529
517632
517807
517861
517876
517926
518015
518200
518225
518231
518536
518557
518608
518696
518725
518932
519021
519119
519206
519274
519315
519465
519690
519714
519717
519944
520006
520031
520303
520333
520504
520684
520733
520889
520980
521000
521127
521141
521156
521226
521324
521459
521515
521560
521685
521688
521845
522110
522136
522166
522186
522209
522267
522331
522536
522612
522626
522920
522973
523121
523439
523522
523634
523829
523938
524060
524125
524246
524270
524454
524508
524633
524638
524699
524731
524931
525047
525112
525184
525310
525394
525951
525997
526420
526492
526725
526809
526901
527078
527208
527236
527275
527353
527355
527612
527679
527762
527829
527859
527882
527965
528007
528176
528234
528436
528495
528497
528552
528553
528628
528801
528881
528965
529029
529049
529305
529313
529375
529529
529544
529555
529684
529705
529714
529726
529930
530151
530246
530338
530388
530419
530627
530673
530823
530849
531083
531127
531255
531300
531381
531430
531667
531924
531958
531971
532024
532153
532209
532237
532349
532371
532397
532755
532924
533070
533138
533152
533277
533318
533454
533463
533654
533844
533867
534158
534394
534540
535036
535108
535245
535371
535468
535620
535740
536079
536164
536356
536480
536517
536594
536747
537094
537229
537298
537394
537540
537566
537860
537916
537948
538029
538070
538121
538298
538628
538817
538834
538937
538992
539047
539251
539313
539327
539539
539558
539624
539902
540046
540306
540385
540385
540521
540644
540687
540691
540959
541026
541127
541142
541196
541233
541237
541403
541509
541807
542156
542261
542275
542317
542331
542830
542930
542952
543355
543432
543465
543606
543822
543916
543921
543955
544249
544314
544352
544598
544736
544800
544919
545039
545204
545343
545365
545375
545392
545427
545469
545471
545539
545733
545836
546069
546203
546394
546487
546647
546711
546733
546744
546793
547276
547279
547626
547715
547943
547956
547975
548092
548144
548328
548413
548700
548737
548743
548815
548836
548847
548958
549020
549092
549143
549242
549583
549590
549593
549624
549685
549710
549797
549892
549942
550215
550250
550255
550284
550396
550504
550692
551274
551274
551335
551352
551377
551379
551476
551510
551593
551629
551650
551657
551766
551949
552028
552209
552241
552291
552317
552319
552429
552575
552622
552721
552803
552823
552897
553000
553277
553358
553454
553522
553663
553697
554130
554134
554150
554166
554206
554219
554335
554359
554392
554415
554482
554617
554647
554697
554981
555107
555201
555275
555312
555415
555440
555456
555475
555680
555835
555844
555866
556168
556182
556283
556307
556351
556362
556415
556509
556544
556597
556656
556675
556680
556769
556774
556778
556906
557079
557216
557448
557703
557772
557924
558087
558247
558343
558507
558635
558682
558693
558988
559050
559050
559060
559122
559128
559194
559278
559335
559421
559459
559625
559657
559681
559775
560054
560083
560092
560275
560291
560374
560438
560444
560520
560701
560778
560862
560893
561011
561025
561135
561263
561484
561492
561601
561665
561722
561934
561992
562043
562147
562155
562214
562339
562340
562625
562752
562797
562930
562937
562983
562995
563150
563232
563288
563301
563315
563318
563375
563417
563544
563655
563711
563774
563905
563990
564080
564229
564281
564445
564985
565067
565229
565347
565357
565456
565511
565627
566001
566043
566113
566276
566501
566548
566553
566641
566715
566746
566765
566770
567028
567275
567313
567459
567538
567662
567779
567795
567866
567988
568002
568013
568140
568430
568470
568672
568766
569089
569152
569180
569298
569303
569339
569345
569467
569534
569662
569864
569943
570077
570166
570176
570249
570329
570370
570468
570550
570634
570663
570695
570750
570877
570900
571003
571065
571159
571537
571587
571700
571713
571769
571788
571889
571897
571959
572105
572134
572150
572163
572319
572325
572857
572923
572939
573097
573171
573391
573458
573552
573639
573885
573966
574159
574382
574386
574431
574461
574575
574672
575090
575210
575235
575316
575352
575423
575446
575650
575746
575774
575851
575965
576139
576203
576327
576346
576381
576432
576524
576606
576686
576728
577005
577025
577190
577568
577578
577699
577914
577975
578274
578339
578341
578387
578400
578449
578491
578519
578701
579059
579081
579134
579183
579239
579346
579764
579894
579932
579986
580003
580021
580084
580317
580684
580788
581119
581167
581351
581367
581394
581445
581470
581499
581516
581567
581670
581787
582035
582118
582147
582478
582510
582569
582580
582664
582723
582795
583006
583113
583295
583323
583327
583337
583440
583481
583587
583589
583700
583795
583828
584088
584105
584132
584155
584327
584329
584390
584460
584690
584694
584866
585142
585158
585349
585409
585413
585453
585499
585554
585961
585997
586279
586503
586507
586556
586558
587000
587002
587227
587491
587509
587556
587606
587707
587828
587828
587830
587893
588002
588137
588139
588284
588344
588369
588699
588943
589029
589284
589328
589493
589670
589845
589979
590099
590270
590273
590348
590747
591007
591061
591115
591133
591313
591429
591438
591612
591768
591977
592002
592047
592077
592190
592269
592391
592395
592794
592878
592899
593064
593097
593107
593113
593176
593300
593351
593423
593523
593588
593593
593788
593889
593900
593925
593954
594035
594124
594140
594218
594277
594357
594361
594904
594920
595050
595165
595172
595195
595208
595444
595534
595543
595750
595783
595833
595892
595911
596074
596116
596126
596273
596312
596370
596393
596429
596717
596763
596771
596803
596828
596829
596846
597043
597119
597161
597180
597394
597472
597730
597732
597798
597888
598045
598180
598189
598190
598220
598297
598389
598538
598543
598551
598729
598731
598756
598836
598893
598893
598927
598981
598990
599292
599331
599407
599413
599479
599787
599991
600074
600112
600179
600180
600372
600427
600526
600840
601099
601176
601194
601252
601266
601296
601456
601506
601594
601597
601746
601999
602164
602320
602457
602646
602717
602731
602786
602854
602939
603006
603245
603294
603325
603335
603423
603461
603549
603795
603802
603849
603910
604047
604321
604368
604415
604493
604516
604589
604631
604783
604944
605146
605387
605606
605787
605800
605864
605954
606000
606030
606033
606061
606483
606543
606635
606757
606903
606962
606978
607052
607188
607302
607425
607434
607549
607603
608041
608319
608433
608687
608717
608728
608757
608926
609034
609100
609144
609177
609197
609320
609334
609438
609670
609923
610157
610518
610549
610601
610633
610784
610840
611095
611196
611206
611337
611346
611374
611545
611558
611582
611728
611844
611853
611933
612010
612052
612365
612711
612758
612819
612873
612903
613002
613312
613447
613449
613465
613479
613600
613673
613750
614023
614046
614086
614096
614153
614256
614286
614325
614410
614480
614503
614557
614832
614915
614970
615000
615111
615141
615149
615561
615737
615804
615870
615921
615921
616576
616699
616883
617177
617396
617527
617635
617644
617645
617706
617756
617853
617901
618090
618111
618129
618331
618428
618558
618615
618700
618707
618741
618795
619134
619186
619307
619397
619407
619471
619481
619501
619715
619816
620288
620470
620475
620552
620560
620687
620797
621105
621304
621390
621591
621738
622063
622201
622203
622215
622302
622469
622594
622686
622780
623072
623138
623139
623280
623536
623604
623622
623753
623817
623818
624032
624077
624162
624200
624284
624309
624397
624474
624521
625131
625136
625181
625186
625465
625556
625563
625616
626071
626126
626155
626190
626230
627092
627114
627123
627129
627170
627281
627348
627369
627394
627413
627420
627423
627442
627543
627552
627668
627702
627722
628172
628271
628358
628651
628799
628975
628990
629210
629219
629384
629524
629551
629603
629713
629785
629986
629995
630016
630024
630331
630408
630432
630471
630676
630856
630923
630986
631235
631307
631569
631778
631819
631824
631824
631829
631988
632005
632010
632086
632105
632141
632189
632296
632306
632376
632560
632943
633007
633081
633193
633286
633401
633547
633726
633772
633797
634041
634090
634189
634237
634464
634498
634521
634621
634738
634955
634958
635075
635084
635090
635164
635241
635246
635313
635337
635339
635370
635447
635467
635656
635751
635854
635880
635936
636145
636186
636439
636578
636589
636677
636760
637040
637063
637136
637164
637177
637186
637271
637335
637362
637557
637635
637760
637765
637858
637943
637951
638003
638112
638156
638190
638228
638322
638510
638555
638599
638714
638737
638820
638934
639019
639184
639317
639388
639461
639463
639602
639643
639844
639862
640138
640140
640176
640232
640347
640431
640479
640543
640560
640618
641016
641024
641067
641266
641463
641519
641545
641593
641633
641716
641900
641987
642035
642376
642479
642568
642831
642875
642989
642994
643070
643163
643295
643422
643481
643492
643508
643753
643812
643902
644001
644067
644069
644098
644267
644379
644451
644457
644577
644616
644626
644636
644824
645119
645136
645164
645181
645181
645292
645301
645394
645413
645415
645490
645513
645585
645801
645848
645884
645910
645933
646021
646051
646119
646134
646250
646301
646332
646378
646438
646455
646492
646554
646639
646760
646956
647168
647254
647287
647361
647439
647584
647753
647802
647893
648043
648188
648263
648274
648276
648548
648638
648731
648734
648926
649137
649214
649417
649455
649473
649589
649805
649852
649879
649982
650149
650177
650199
650313
650330
650338
650361
650480
650671
650825
651084
651096
651131
651203
651224
651235
651257
651636
651799
651960
652050
652232
652335
652517
653061
653141
653163
653261
653270
653317
653357
653412
653465
653498
653509
653611
653855
653954
654060
654062
654199
654352
654368
654620
654903
654950
655014
655120
655161
655164
655391
655486
655576
655663
655774
655817
655875
655922
656023
656082
656121
656208
656272
656296
656472
656636
656653
656938
657054
657175
657276
657312
657357
657476
657482
657527
657547
657629
658010
658027
658068
658084
658225
658244
658313
658405
658734
658799
659085
659280
659290
659457
659547
659565
659761
659767
659803
659854
659998
660074
660162
660176
660436
660565
660583
660793
660806
660856
660874
660943
661048
661122
661200
661272
661390
661572
661727
661925
661931
662066
662082
662256
662347
662355
662439
662496
662532
662667
662830
663035
663049
663186
663339
663366
663381
663433
663471
663477
663517
663519
663763
663853
664063
664128
664648
664706
664779
664879
664914
665024
665064
665077
665126
665143
665168
665297
665308
665406
665518
665650
665742
665824
665837
665892
665997
666059
666091
666221
666264
666265
666287
666320
666331
666429
666637
666646
666713
666817
666929
666931
666954
667124
667215
667264
667320
667539
667606
667665
667869
668016
668042
668072
668164
668301
668345
668392
668472
668520
668790
668874
669139
669158
669228
669274
669309
669324
669443
669490
669511
669532
669677
669730
669743
669797
669828
669863
669929
669932
670294
670342
670342
670357
670442
670449
670551
670660
670792
670827
671094
671132
671160
671360
671569
671631
671788
671895
671920
672257
672481
672595
672866
672961
672993
673101
673104
673195
673406
673430
673437
673571
673613
673905
674045
674401
674598
674644
674665
674805
674937
675151
675223
675319
675338
675386
675419
675501
675523
675551
675569
675705
675853
676110
676111
676168
676179
676403
676580
676840
676857
677230
677262
677285
677314
677537
677605
677667
677739
678237
678249
678306
678360
678429
678680
678863
678902
678909
679156
679193
679205
679421
679425
679478
679499
679611
679830
679856
679955
679965
679993
680414
680534
680536
680646
680782
680813
680907
681026
681030
681087
681397
681465
681471
681547
681688
681742
681783
681789
681837
682029
682374
682719
682769
682797
682859
682871
682901
682963
683003
683520
683554
683571
683785
683862
684115
684349
684368
684431
684500
684516
684587
684645
684787
684845
685032
685039
685087
685205
685258
685403
685521
685650
685671
685849
686038
686453
686463
686529
686557
686779
686828
686875
686995
687052
687064
687273
687303
687353
687414
687460
687648
687710
687721
687909
687931
688028
688143
688341
688381
688432
688588
688649
688732
688939
689081
689102
689171
689229
689399
689484
689486
689487
689666
689817
689864
689983
690000
690012
690181
690276
690428
690838
690854
690858
691040
691062
691092
691342
691376
691547
691570
691584
691590
691608
691613
691622
691762
691772
691802
692029
692065
692229
692383
692431
692561
692607
692801
692972
693214
693281
693384
693394
693508
693550
693604
693615
694013
694045
694055
694135
694245
694281
694283
694460
694558
694613
694633
694633
694859
694938
695028
695143
695259
695341
695397
695437
695456
695461
695579
695644
695809
695837
695847
695967
696002
696046
696098
696168
696214
696391
696450
696483
696488
696531
696629
696673
696731
696936
697007
697011
697028
697132
697267
697423
697519
697598
697675
697711
697738
698036
698099
698216
698234
698275
698409
698421
698515
698618
698619
698679
698697
698783
699104
699107
699153
699258
699574
699703
699822
699845
699847
699876
699987
700007
700010
700018
700114
700124
700180
700255
700325
700366
700467
700580
700603
700638
700646
700701
700826
701069
701186
701370
701372
701433
702046
702118
702262
702320
702405
702453
702714
702854
702930
702996
703435
703483
703820
703853
703925
703946
704069
704080
704163
704179
704180
704188
704273
704323
704329
704451
704676
704754
704763
704821
704988
705226
705296
705342
705368
705409
705559
705576
705578
705747
705894
705942
706017
706070
706095
706138
706154
706365
706630
706657
706695
706916
706932
706951
706972
707102
707323
707402
707419
707541
707598
708059
708151
708297
708360
708420
708885
708911
708984
709162
709183
709202
709259
709819
709908
709913
709923
710002
710064
710242
710336
710590
710665
710698
710713
710771
710843
710891
710956
710983
711195
711221
711333
711369
711583
711609
711657
711681
711878
712108
712169
712180
712227
712269
712326
712348
712462
712728
712780
712864
712916
713051
713078
713084
713122
713177
713506
713561
713598
713632
713695
713697
713761
713935
714150
714377
714504
714514
714864
714868
714903
715068
715476
715565
715607
715870
716072
716080
716325
716501
716763
716792
716807
716869
716899
717051
717058
717106
717217
717244
717468
717505
717714
717822
717835
717874
718383
718494
718560
718735
718750
718785
718968
718970
719052
719162
719424
719589
719670
719692
719760
719777
719782
719813
720289
720370
720453
720516
720557
720569
720855
721003
721356
721473
721564
721782
721952
721955
721999
722047
722153
722262
722279
722342
722367
722438
722555
722572
722595
722616
722797
722922
723107
723120
723310
724008
724110
724120
724176
724274
724284
724394
724677
724681
724683
724702
724720
724735
724954
725412
725415
725566
725647
725942
725994
726317
726490
726697
726754
726913
726927
726940
727039
727103
727366
727413
727481
727598
727709
727809
728323
728331
728362
728449
728460
728528
728534
728761
728854
728895
728971
729030
729215
729368
729428
729536
729638
729722
729855
729947
730005
730142
730383
730680
730774
730980
731010
731071
731154
731814
731855
731957
732151
732203
732487
732802
732921
732966
732971
733021
733167
733270
733350
733454
733536
733606
733671
733683
733863
733969
734006
734021
734101
734320
734427
734438
734807
734877
734954
734982
735004
735035
735102
735138
735198
735231
735266
735336
735401
735457
735481
735487
735528
735652
735727
735804
735819
736137
736273
736285
736472
736483
736797
736876
737173
737384
737404
737476
737528
737622
737655
737706
737735
737736
737999
738307
739044
739081
739085
739142
739180
739193
739239
739283
739456
739470
739603
739782
739893
739942
740092
740238
740352
740365
740691
740751
740822
740830
741017
741022
741124
741218
741234
741686
741825
741879
741886
741906
741977
741980
742103
742240
742312
742323
742399
742553
742568
742586
742597
742648
742854
742909
743016
743047
743090
743172
743179
743310
743409
743414
743453
743457
743488
743566
743721
743806
743897
743931
743948
744039
744133
744244
744309
744385
744445
744502
744569
744686
744749
744802
745277
745437
745460
745501
745521
745587
745653
745810
745872
746166
746173
746204
746315
746484
746584
746614
746764
746825
746825
746843
746916
747005
747103
747105
747113
747246
747251
747307
747473
747587
747731
747807
747859
747921
748045
748056
748131
748206
748503
748509
748537
748806
748829
748871
748994
749086
749208
749355
749479
749547
749584
749638
749758
749796
749871
749878
749930
749959
749999
750240
750376
750417
750481
750512
750649
750668
750754
750900
751048
751358
751402
751498
751525
751998
752003
752287
752356
752361
752366
752616
752617
752666
752722
752745
753073
753140
753165
753171
753364
753474
753559
753714
753813
753925
754102
754816
754847
754870
754934
754943
754965
754973
754983
755165
755291
755305
755316
755324
755461
755771
756001
756280
756514
756554
756618
756657
756664
756696
756786
756863
756864
756990
757078
757095
757240
757276
757346
757389
757648
757738
757901
757938
757953
757989
758089
758112
758328
758435
758614
758627
758831
758861
758880
758904
758924
758995
759014
759198
759241
759509
759722
759885
759989
760135
760231
760462
760475
760558
760621
760628
760748
760971
760975
761149
761244
761261
761431
761766
761894
761945
762057
762076
762157
762218
762231
762348
762393
762419
762663
762665
762716
762725
762730
762775
762837
762885
763000
763175
763301
763381
763491
763590
763751
763911
763916
764033
764069
764140
764152
764267
764423
764429
764469
764611
764843
764873
764917
765079
765212
765463
765516
765625
765729
765847
765871
766073
766134
766434
766521
766610
766670
766683
766696
766727
766740
766939
767000
767002
767107
767163
767340
767342
767421
767448
767473
767480
767605
767716
767722
767945
768009
768255
768255
768590
768675
768693
768807
768841
768846
768849
768896
768914
768948
769002
769015
769019
769128
769177
769254
769274
769310
769524
769650
769800
769805
769813
769862
769900
769920
769920
770092
770185
770378
770382
770635
770658
770805
770825
770840
770938
771122
771404
771456
771457
771687
771783
771904
772209
772213
772237
772382
772507
772652
772806
773117
773188
773189
773210
773342
773378
773466
773498
773615
774019
774086
774106
774398
774600
774685
774810
774845
774922
775006
775117
775150
775183
775206
775233
775323
775460
775483
775501
775502
775808
775854
775856
775946
776374
776428
776575
776583
776741
777185
777185
777249
777467
777677
778063
778413
778415
778478
778486
778513
778535
778831
779017
779110
779220
779263
779358
779463
779507
779539
779588
779643
779713
779759
779768
779828
779941
780013
780375
780470
780473
780499
780511
780681
780873
781128
781212
781267
781436
781497
781682
781819
781863
781909
781918
782143
782238
782360
782410
782506
782549
782669
782864
782883
782995
783252
783312
783363
783476
783694
783836
784171
784320
784711
784812
784816
784885
784924
784946
784948
784958
784974
785259
785351
785497
785539
785649
785657
785943
786071
786246
786410
786612
786724
786804
786837
786870
786904
786958
786967
786993
787077
787084
787084
787125
787433
787505
787692
788028
788123
788227
788257
788341
788459
788578
788798
788832
788864
788898
789090
789244
789260
789296
789439
789618
789647
789961
790150
790178
790293
790473
790891
790916
790964
791012
791092
791271
791326
791520
791656
791824
791848
792000
792072
792202
792232
792305
792344
792417
792467
792664
792714
792725
792732
792965
792991
793029
793087
793111
793181
793183
793318
793344
793466
793534
793741
793770
794135
794148
794155
794224
794273
794274
794345
794428
794715
794751
794906
795020
795155
795371
795453
795456
795520
795593
795748
795757
795904
795912
796073
796108
796241
796364
796521
796640
796862
797225
797332
797378
797379
797443
797702
797870
798063
798112
798447
798477
798551
798781
798854
799024
799105
799121
799128
799171
799299
799481
799637
799744
799778
799791
799799
799916
799919
799956
799977
800042
800083
800148
800211
800272
800315
800352
800353
800389
800458
800515
800527
800542
800901
800903
800993
801004
801385
801418
801462
801645
801646
801653
801659
801832
801926
802225
802385
802394
802481
802584
802625
802627
802853
802908
802946
802952
802994
802998
803164
803250
803385
803559
803797
803823
803941
803947
804056
804219
804242
804322
804391
804441
804559
804761
804922
804923
805027
805146
805312
805345
805420
805479
805742
805742
805754
805827
805971
805996
806005
806312
806370
806435
806445
806724
806745
807021
807066
807091
807205
807219
807390
807413
807476
807507
807602
807776
807829
807970
808104
808311
808354
808566
808654
808803
809032
809119
809262
809294
809358
809363
809581
809596
809731
810220
810375
810623
810699
810987
811041
811139
811149
811195
811231
811273
811449
811729
811790
811816
811902
811960
812163
812182
812401
812411
812416
812461
812549
812587
812671
812683
812730
812732
812756
812785
812831
812914
812968
813049
813223
813672
813692
814171
814183
814397
814407
814513
814597
814616
814676
814745
814753
814811
814881
815016
815050
815093
815117
815258
815356
815394
815645
815664
815715
815729
815799
815843
816023
816232
816503
816516
816541
816544
816857
817017
817047
817117
817128
817138
817162
817473
817508
817611
817629
817639
817704
817752
817970
818028
818183
818221
818221
818269
818286
818348
818395
818505
818642
818656
818724
818860
818898
819093
819094
819097
819204
819208
819382
819487
819581
819712
819888
819908
820034
820053
820143
820152
820163
820209
820394
820465
820490
820569
820583
820731
820819
820869
820921
820942
821075
821107
821202
821273
821298
821316
821355
821428
821714
821755
822038
822135
822297
822358
822456
822516
822528
822553
822587
822599
822699
823123
823279
823295
823357
823458
823563
823681
823738
823807
823819
823902
823935
823952
824012
824262
824280
824591
824701
824722
824736
824762
824877
825074
825231
825284
825433
825461
825469
825471
825478
825744
825820
825868
825915
825921
825957
826063
826109
826246
826301
826311
826386
826483
826524
826525
826574
826676
826682
826783
826885
827279
827354
827483
827621
827718
827749
827908
827989
828120
828344
828454
828473
828536
828651
828888
828889
828901
828985
829313
829320
829449
829537
829676
830054
830087
830172
830386
830516
830610
830641
830957
831042
831180
831308
831587
831625
831685
831741
831846
831907
832009
832132
832156
832157
832205
832232
832234
832271
832368
832456
832465
832523
832576
832666
832914
833434
833535
833537
833725
833917
833943
833947
833994
834014
834024
834155
834165
834287
834500
834596
834780
834831
834873
835023
835056
835137
835395
835546
835564
835638
835844
835941
836045
836153
836258
836310
836365
836561
836606
836638
836644
836714
836838
836851
836936
836954
836974
837180
837205
837321
837491
837612
837704
837754
838142
838223
838241
838321
838398
838513
838599
838783
838885
838899
838928
838990
839143
839176
839298
839472
839478
839694
839891
839967
840043
840188
840538
840601
840855
840922
841623
841782
841899
841982
842014
842107
842133
842149
842240
842333
842376
842488
842520
842620
842795
842888
842969
843075
843081
843106
843154
843279
843386
843558
843558
843689
843734
843808
843902
844113
844192
844371
844514
844630
844700
844717
844970
845120
845165
845301
845316
845543
845550
845650
845743
845816
846265
846324
846406
846559
846595
846832
846866
846969
847166
847245
847290
847401
847437
847528
847536
847624
847870
847985
848083
848084
848579
848588
848624
848889
848931
849010
849122
849344
849503
849678
849715
849758
849838
849869
849986
850084
850172
850277
850316
850318
850441
850512
850629
850652
850873
850892
851120
851212
851377
851397
851615
851660
851987
852094
852150
852229
852232
852259
852309
852482
852573
852651
852741
852850
853086
853338
853640
853669
853731
853759
853766
854140
854143
854153
854246
854310
854437
855037
855089
855202
855303
855361
855585
855667
855668
855786
855810
855849
856011
856020
856134
856187
856346
856401
856514
856551
856562
856638
856643
856708
856826
856845
857302
857544
857609
857641
857878
857898
857946
858043
858314
858372
858413
858424
858443
858490
858650
858742
858843
858851
858873
858914
859059
859169
859251
859345
859351
859420
859502
859616
859713
859877
859997
860058
860135
860208
860314
860395
860493
860507
860641
860944
860998
861022
861074
861181
861256
861446
861484
861513
861633
861713
861716
861731
861749
861992
862188
862211
862231
862424
862432
862481
862518
862544
862673
862767
863033
863098
863191
863557
863588
863631
863651
863655
863712
863816
863932
863956
864013
864073
864096
864136
864140
864214
864518
864573
864585
864654
864692
864753
864829
865091
865230
865244
865363
865591
865964
866131
866159
866161
866248
866316
866322
866357
866489
866542
866562
866621
867101
867154
867185
867391
867448
867582
867622
867747
867927
868049
868083
868185
868607
868662
868705
868834
868914
868929
868963
868988
869071
869099
869374
869472
869534
869617
869622
869735
870066
870093
870297
870315
870489
870501
870519
870585
870636
870781
871061
871097
871144
871300
871329
871450
871486
871726
871750
871974
872166
872238
872451
872514
872572
872685
873136
873330
873333
873426
873469
873607
873663
873844
873873
874099
874219
874376
874397
874472
874709
874757
874997
875040
875117
875401
875481
875487
875662
875700
875771
875848
876039
876069
876156
876504
876576
876660
876721
876767
876804
876851
876885
876937
877026
877058
877105
877185
877303
877362
877441
877461
877714
877759
877786
878133
878152
878208
878236
878260
878274
878315
878392
878419
878446
878553
878570
878693
878815
878834
879063
879155
879344
879615
879835
879870
880015
880140
880282
880294
880404
880543
880629
880755
880761
880835
880872
881057
881154
881233
881325
881326
881412
881807
881874
882153
882379
882525
882582
882697
882814
882933
883053
883407
883477
883838
883860
884026
884050
884130
884211
884310
884341
884481
884532
884561
884765
884881
884985
885006
885024
885262
885285
885362
885394
885587
885728
885987
886012
886031
886048
886064
886165
886185
886497
886660
886700
886817
886838
886939
886956
887009
887185
887232
887254
887497
887512
887704
887775
887825
887874
887882
888166
888218
888307
888365
888404
888443
888523
888715
888789
888835
888909
888909
888950
889003
889127
889154
889165
889336
889596
889815
889829
889834
889851
889882
889901
890034
890183
890194
890282
890381
890526
890611
890653
890746
890813
890821
891011
891144
891272
891302
891317
891351
891368
891439
891526
891740
891817
891914
891989
891992
892052
892108
892183
892215
892261
892458
892642
892675
892775
892863
893213
893334
893375
893478
893572
893701
893710
893757
893782
893806
893827
893828
894192
894193
894204
894353
894457
894487
894587
894635
894787
894822
894836
894873
895149
895174
895227
895307
895464
895500
895543
895710
895747
895761
895887
895893
895897
895992
896188
896190
896212
896385
896401
896447
896459
896555
896799
896885
896907
897011
897205
897415
897500
897551
897754
898062
898146
898311
898314
898383
898450
898583
898697
898736
898764
898853
898858
898939
898942
899018
899019
899077
899252
899268
899302
899375
899384
899429
899721
899751
899755
899852
900074
900183
900210
900235
900382
900478
900482
900556
900683
900733
900843
901038
901125
901165
901406
901501
901581
901671
901690
901850
901889
902102
902159
902214
902578
902701
903076
903293
903397
903457
903458
903466
903601
903641
903661
904042
904224
904397
904442
904633
904739
904745
904809
904863
904866
904999
905089
905112
905251
905412
905509
905584
905631
905766
905820
905867
905976
906153
906184
906222
906276
906316
906405
906524
906564
906630
906771
906888
906918
906974
906977
906992
907059
907128
907178
907228
907240
907302
907367
907777
907834
907896
907977
908202
908443
908528
908699
908793
909165
909187
909228
909255
909401
909654
909677
909783
909784
909861
909862
910041
910369
910615
910628
910702
911006
911110
911149
911245
911403
911416
911684
911754
911843
911934
912124
912540
912682
912751
912779
912870
912894
913128
913226
913259
913312
913626
913853
913920
914072
914077
914096
914287
914334
914417
914470
914485
914585
914851
915004
915130
915326
915404
915506
915523
915615
915644
915667
915722
915773
916043
916063
916109
916229
916330
916355
916390
916517
916552
916557
916604
916814
917058
917072
917226
917277
917294
917364
917388
917614
917697
917786
918023
918282
918444
918751
918753
918928
918991
919024
919264
919346
919389
919394
919566
919761
919790
919839
919937
920081
920111
920272
920365
920463
920497
920584
920587
920733
920877
920929
920935
921174
921254
921359
921593
921676
921706
921810
921924
921958
922054
922185
922358
922407
922575
922625
922972
923031
923062
923068
923076
923213
923292
923298
923320
923373
923504
923508
923609
923732
923942
923942
923981
924020
924098
924226
924444
924512
924564
924639
924692
924718
924783
924790
925047
925061
925085
925227
925318
925358
925387
925427
925776
925869
926024
926027
926368
926491
926595
926747
926864
926916
926933
926939
926943
927042
927227
927262
927397
927484
927547
927724
927793
927832
927906
928042
928138
928215
928297
928646
928928
929042
929059
929295
929504
929568
929646
929860
929891
929946
930022
930044
930170
930321
930349
930517
930534
930738
930793
930919
930985
931036
931041
931085
931089
931182
931195
931314
931559
931567
931576
931641
931682
931935
932005
932111
932183
932304
932559
932665
932705
932783
932937
932959
933038
933188
933255
933369
933372
933395
933432
933444
933466
933552
933575
933590
933662
933674
933774
933782
933836
933885
933924
933949
934080
934092
934119
934274
934366
934461
934657
934662
934849
934932
935167
935327
935596
935736
935842
935975
935994
936010
936031
936187
936262
936273
936302
936355
936389
936480
936561
936607
936627
936729
936737
936875
937119
937184
937353
937372
937626
937629
937798
937864
937880
937990
938367
938408
938457
938553
938676
938705
938756
938828
938860
939008
939111
939139
939197
939200
939297
939317
939394
939512
939555
939701
939756
939783
939973
939998
940327
940427
940427
940531
940956
940985
940990
940999
941082
941088
941181
941277
941635
941749
941772
941903
942004
942061
942119
942155
942391
942481
942527
942541
942548
942692
942704
942718
942798
943036
943131
943286
943415
943439
943490
943542
943970
944188
944215
944227
944530
944557
944570
944604
944631
944694
944702
945040
945104
945230
945366
945861
946319
946355
946482
946555
946669
946690
946945
947140
947151
947259
947333
947430
947443
947710
947786
947810
947826
947973
948143
948182
948310
948434
948460
948482
948957
949209
949502
949554
949604
949821
949856
950103
950108
950490
950525
950547
950609
950716
950799
950938
950945
951018
951088
951118
951123
951210
951432
951611
951707
951742
951802
951863
951994
952197
952200
952264
952444
952538
952703
952797
952870
952881
952901
952948
953081
953189
953216
953224
953500
953548
953584
953670
953870
953954
954055
954443
954494
954626
954755
954809
954839
954871
954994
954997
954998
955311
955335
955549
955804
955824
955873
956063
956098
956131
956355
956421
956438
956518
956779
956874
956998
957050
957266
957270
957316
957350
957463
957475
957486
957737
957792
957850
957952
958089
958140
958190
958204
958380
958602
958672
958935
958939
958969
959044
959070
959156
959170
959233
959295
959394
959407
959451
959457
959457
959607
959836
959843
959863
960121
960200
960210
960218
960223
960224
960328
960364
960605
960708
960766
960792
961168
961247
961263
961553
961694
961696
961708
961774
961835
961881
961963
962027
962426
962683
962710
962723
962958
963046
963099
963182
963568
963576
963590
963618
963701
963714
963732
963867
963897
964110
964212
964243
964243
964346
964376
964467
964571
964681
964719
964755
964770
964890
964918
964984
965265
965279
965342
965363
965385
965476
965476
965553
965601
965788
965791
965882
965962
966070
966182
966240
966245
966610
966709
966805
967016
967038
967068
967144
967148
967174
967330
967369
967709
967742
967750
967752
967762
967833
967846
967903
968079
968208
968282
968402
968651
968653
968721
968950
968959
968986
969030
969101
969151
969183
969299
969327
969350
969450
969606
969625
969811
969905
969944
970012
970219
970246
970246
970734
970888
970937
970957
970958
971006
971342
971510
971545
971764
971811
972132
972192
972214
972290
972461
972607
972625
972707
972921
973087
973339
973347
973503
974245
974302
974318
974325
974367
974593
974614
974654
974757
974866
974931
975144
975168
975539
975609
975711
975756
975762
975894
976249
976270
976548
976687
976734
976765
976816
976816
976822
976824
976869
976872
976883
976897
977011
977036
977114
977134
977218
977330
977534
977556
977557
977690
977722
977788
977915
977977
978151
978309
978363
978393
978576
979008
979012
979090
979111
979248
979281
979395
979418
979455
979466
979571
979623
979648
979808
979938
980016
980030
980034
980171
980177
980201
980255
980269
980506
980513
980516
980591
980782
980887
980991
981033
981034
981039
981136
981222
981405
981416
981428
981662
981732
981768
981773
981845
981970
982021
982028
982060
982175
982202
982223
982522
982539
982552
982619
982649
982765
982956
983017
983056
983273
983297
983327
983536
983624
983786
983809
984073
984194
984232
984242
984386
984395
984743
984794
984930
984988
985017
985087
985102
985215
985359
985399
985544
985943
985955
986007
986095
986152
986197
986388
986500
986532
986680
986899
986915
987007
987056
987119
987492
987506
987521
987751
987761
987931
987995
988063
988240
988460
988545
988653
988674
988801
988875
988878
989162
989202
989467
989490
989546
989650
989761
989769
989775
989850
989856
989862
989999
990053
990325
990611
990669
990750
990840
990856
990983
991047
991132
991466
991515
991549
991670
991803
992145
992174
992191
992201
992389
992628
992671
993100
993234
993251
993406
993927
993933
994006
994120
994192
994197
994311
994574
994703
994782
994950
994980
995136
995302
995386
995395
995475
995746
995919
996001
996317
996395
996497
996688
996731
996811
996815
996927
996980
997142
997395
997489
997587
997690
997789
998098
998263
998316
998588
998750
999009
999023
999090
999158
999256
999438
999584
999595
999676
999817
999885
999966
