1752
2229
2768
3065
4830
4943
6744
7254
7348
7706
8641
9228
9602
9918
10063
10081
10127
10488
10977
11226
11350
12046
12346
12940
14074
14240
14279
14843
15481
15881
16307
16898
17038
17157
17161
17364
17707
17854
17960
18659
18781
19974
20175
20351
20738
20973
21268
22854
22909
23119
23194
23943
24856
25355
26519
27276
28017
28974
29086
29313
30385
30828
30952
33057
33244
34260
34409
35100
35160
35267
35298
35491
36406
37155
37625
38499
39373
39869
40869
42519
44449
45428
46823
46841
46864
46881
47534
49904
49943
50168
50544
51313
51458
54424
55029
55607
55754
55825
55913
56114
57474
60334
60601
60670
60905
61079
61330
61450
61557
61951
62059
62254
62398
63233
63353
63778
64075
64144
64331
64926
64967
65167
66190
67211
68159
68208
68958
70308
70695
70974
71903
72575
73035
73325
73545
73724
73785
73999
74201
74372
74480
74831
75499
75674
75839
76197
77402
77445
78279
78310
79038
79184
80375
81233
81674
81817
81876
81908
82191
82782
82886
83180
84397
84693
85179
85848
86083
86287
86897
86925
87103
88023
88042
88398
89393
89855
90224
90350
91037
91404
92457
93523
94158
94393
94715
95034
95255
95328
95769
95855
98459
98621
99378
100789
100882
101142
103367
104550
105283
105517
105971
106257
106350
106354
107151
108056
108223
108379
109381
109888
110246
111253
111637
111887
112114
112437
113028
114331
114655
114919
115268
116084
116439
117165
117583
117814
117896
119088
119137
120118
120315
120867
121682
122599
124614
124718
124906
124938
126927
127254
128828
129560
130699
131559
131697
131716
131861
133498
135369
135765
137429
138109
138673
141693
142048
142311
142399
142555
142840
143106
143431
143896
144307
145437
145849
146762
148194
149642
150036
150213
150503
151099
151184
151187
152378
152997
153453
153621
155032
155624
156596
156765
156830
156839
156845
158958
159217
159723
159894
160915
161727
162658
162797
162878
163158
163282
163377
163485
163829
164070
165775
167764
167972
168061
168751
169156
169577
169632
170493
171108
171555
172157
172264
172593
172716
172989
173219
175188
175529
175902
177132
177181
177637
177697
177975
178247
179613
180230
180857
181195
181319
182025
182070
182096
182274
182320
182801
183777
185937
187233
187276
188794
188812
188924
189902
191238
191464
191633
192298
192635
192693
192953
194049
194306
194566
194856
195118
195436
195601
195907
195935
195939
196079
197225
198597
199056
199287
199926
200930
202393
202674
202806
204214
204385
204448
204885
205110
205438
205503
205797
206474
206828
207027
207492
208154
208834
210453
210505
211552
211793
211962
212976
213528
213938
214452
214803
215673
216891
216930
217033
217126
217796
217861
218665
220223
221452
221505
221533
223310
223325
223938
224389
225345
225494
225754
226136
226748
227901
228462
228959
230256
230427
230655
231893
231903
232088
233117
233148
233430
233461
234092
234181
234556
235509
235669
235891
235968
236645
237818
238319
239590
239607
239730
240049
240085
240218
240312
242191
242910
243058
243800
243877
244411
244834
245049
245508
245548
245640
245865
247083
247241
247442
247969
248714
248778
248917
249588
251309
251776
252866
253232
256092
256408
256604
257711
257875
258076
258489
258561
259302
259454
259770
260119
261230
261253
261281
262413
262841
263001
263166
263545
263650
264560
264920
265382
265968
266095
266273
266895
266966
267238
267423
267620
267709
268347
268666
268992
270279
271026
271279
272012
272205
273062
273558
273868
274312
275104
275312
275792
276460
276741
277168
278107
279752
280208
280900
281451
281538
281768
282813
283208
283574
283659
284615
284703
285612
286155
287045
287065
287448
287865
287876
287912
287985
289574
289849
290357
291268
291295
291366
291957
291990
292140
292311
292514
292753
293085
293330
293446
293535
293884
294250
294337
295026
296781
297680
299204
299745
300004
300051
300294
301047
301207
301396
303075
303819
304196
304622
306323
306325
306922
307464
307607
308521
309522
309713
309752
309924
311176
313477
313620
313732
314793
315247
316396
316448
316617
316960
317151
317621
318417
319216
320623
320687
321272
322563
323066
323108
323396
323644
323867
324268
324781
325176
325638
325823
325829
326586
326773
326979
327114
327750
328017
329405
329644
329864
329866
330679
331381
331493
332083
332530
332957
333175
333474
334915
335250
337058
337914
337919
338549
339121
339875
339901
339908
340786
340929
341338
342540
342822
343072
343929
344072
345057
345249
346119
346826
348043
349007
349082
349138
349170
351533
351583
351799
352673
353184
353398
353657
354329
354649
354818
355334
356215
356339
356609
357320
357399
358430
358463
359115
359180
359406
359770
360128
360171
360512
361112
361242
361279
362384
362650
363951
364440
366086
366474
367422
367564
367843
371866
372289
373228
375576
375593
375815
376417
376993
377110
377112
379847
381045
381078
382372
382734
382821
383062
383380
384019
384898
385095
385110
385784
385849
386095
387067
387189
387417
387638
388547
388618
388632
388939
389232
390937
391586
391898
392609
392833
393402
393504
393870
394115
394347
394499
394941
395281
396401
396659
396911
396921
396928
397932
398051
398398
399127
399141
399991
400345
401131
402020
402045
402252
402450
402614
403078
403396
403881
404845
405659
405844
406144
407643
407645
408173
408758
409375
409496
410150
410188
410341
410345
410738
410784
411251
412271
412759
414048
414313
414928
414988
416969
417275
417279
417468
417861
418259
418416
418638
418969
419429
419623
420217
420916
421105
422229
422582
422666
422994
423037
423229
424929
425708
425729
425749
426194
426970
427014
427327
427535
427780
427942
428584
428662
429009
429046
429467
429717
430366
430465
430487
430493
430600
431737
432241
432883
434069
434115
434690
434986
435034
435368
436392
436697
436908
436922
436969
437603
438228
438516
440634
441091
441169
441334
441478
442087
442317
442662
442827
444306
445661
446079
446227
446954
447056
448278
448658
449007
449628
450843
451658
452228
453023
453550
453775
454969
455118
455526
456122
456267
456967
457620
457861
458086
458340
458589
459323
460024
460049
460623
461130
461201
461907
462217
463905
464117
464426
464815
464844
464924
465515
465578
467115
467287
467679
468398
468405
468703
469358
470771
471006
471143
471439
471805
472309
472947
473182
473414
473804
474424
475365
475387
475747
476019
476133
476552
477317
477776
477894
478144
479354
479543
479697
479970
480815
481179
481436
482209
482597
482629
482666
482671
482786
483923
484032
485035
485673
486746
487278
488101
489634
490305
490483
491080
491996
492163
492236
493007
493340
493589
494404
494633
495500
496159
496802
497790
498623
498763
498963
499713
499723
499775
499880
499946
500506
500732
501093
501238
501512
501658
501894
502179
502422
502738
503628
504308
505410
506148
506241
506412
506679
506943
507129
509547
509843
509910
511053
511102
511486
511856
511923
512243
513353
513598
514098
514380
514450
515320
515522
515546
515554
515680
516282
516295
519390
519596
520074
522629
523686
524341
524399
526963
527980
528215
528608
529874
529884
529988
530147
530243
531117
532234
532515
532594
532608
532896
533111
533679
534826
535012
535079
535607
536208
536382
536600
537724
538934
540660
541318
541542
541817
542343
542384
542570
542700
543125
543210
543710
543839
544125
545090
545282
547112
547256
547369
547593
550072
550476
551007
551825
552059
552105
552456
553041
553231
553254
553496
553787
554147
554453
555088
555129
555466
555957
556855
557034
557206
557238
557248
557509
557998
558844
559317
559344
560086
560291
562012
562297
562382
562652
562948
563865
563879
564289
564872
566852
567150
567281
567534
567804
569319
569892
569949
570419
570521
571766
571820
572136
572384
572659
573147
573152
573873
574055
574116
575639
576317
576599
576905
577275
577277
577331
577910
578611
578818
579138
580204
580672
581040
581342
581599
581754
582557
582730
582748
582891
583606
584051
584505
586096
586914
588392
590591
591470
591472
591487
591934
592082
592591
593193
593449
593655
594180
595009
595242
596198
596561
597236
597371
597911
598116
598525
599125
599705
599756
600931
600994
601094
603262
603797
603930
604015
604277
604723
605437
605462
607019
607347
607979
608414
609135
610354
610358
610487
610577
610842
611551
612033
612056
613178
615111
615406
615461
616361
616909
617180
617357
617536
617830
618403
619415
619850
620353
620801
621008
621554
621711
622639
622859
623106
623570
623742
624070
624652
624739
625442
625507
625576
625925
626215
626283
626659
627295
627366
627385
627885
628078
628253
628254
628537
628821
629461
630505
630746
631660
631984
632199
632585
633443
634479
635131
635248
635577
635581
636246
636618
637582
637711
638207
638249
641238
641876
641931
642590
642802
643047
643988
644023
644687
644777
645377
645586
646095
646114
646578
647095
648472
648582
649111
649152
649887
649903
649936
650075
650197
651000
651068
652107
652510
653816
654582
654599
655106
655919
656404
656584
657388
657953
658466
658676
658949
659296
659490
660210
661380
662383
662749
662770
663048
663067
664305
665399
666204
666328
666517
666593
666600
669731
670009
670209
670291
671840
672012
672464
673568
673648
674412
674442
674855
675527
675799
675910
676080
676773
677172
678860
678883
678925
679029
680283
680313
680780
681121
681953
682089
683083
683193
683401
683595
684391
685054
685889
686723
687337
688185
688313
688841
689947
690868
690958
692479
692732
692783
692898
694090
694142
694238
695073
695096
696013
697485
698636
698767
699002
699386
699510
700194
701043
701510
702040
702385
702849
702852
703676
703946
704204
705173
706738
706861
706877
708067
708935
709131
710217
710602
711426
711683
712095
712947
713061
713244
713684
713804
713934
714287
715282
715661
716167
716823
717984
717988
718465
718656
718704
719505
720714
720850
721047
721888
721981
722053
722068
722246
722355
722714
723294
723682
723759
724189
724369
724483
725273
726257
726400
726436
727634
728318
728489
728534
729173
729242
729557
730009
730192
730381
730399
730458
730497
730802
730872
730928
731241
733206
733374
733651
734379
735189
735480
735597
736070
736343
736578
737769
739508
740575
741377
741478
742905
743458
744720
745522
746875
747974
748392
749309
749792
750499
750920
752315
753694
754143
754361
755313
755325
755908
756367
756669
757315
757691
758346
758405
758644
758759
758839
758853
759075
759191
759354
760311
760452
760501
760747
760845
760875
761467
761669
761826
762670
762718
763383
763430
763547
764064
764252
765320
765391
766739
768696
768897
769090
769110
769870
770168
770518
770528
770671
771899
771938
772085
772406
774906
774971
775286
775501
777315
777479
778108
779005
779957
780544
781851
782098
782135
782328
782905
784012
784527
785440
786819
787228
789254
789502
789940
790626
791163
791435
791822
792340
792371
793140
794543
794583
794786
795232
795531
795957
796073
797421
797618
798319
798622
798794
799081
800575
800764
802557
803253
803351
803742
804448
805290
805463
805615
806046
806137
806356
806806
807036
807113
807215
807325
807552
808816
808927
809401
810013
810423
810841
811231
811237
811309
811373
812374
813056
813136
814302
814308
814360
814404
814723
814850
815082
816458
816550
816709
817379
817634
817686
818557
819235
819614
820818
820860
820985
821371
822443
822921
823288
823403
824226
824521
825548
825714
825881
825965
826344
826576
826828
827320
827388
827748
828980
829009
829035
829207
830474
830599
831590
832346
833891
834292
835501
835858
836110
836175
836357
836518
837006
837326
837875
837894
837952
838046
838068
838080
838215
838815
839823
840184
840240
841129
842267
842418
842770
842877
843190
843491
843550
845049
845387
845833
845917
845948
846796
848278
848550
850138
850271
850430
850488
850932
850948
851100
851145
851669
851796
852272
853643
853942
853975
854213
854891
855078
855110
855491
855799
856208
857401
857515
857618
858576
859694
859804
860275
861028
861881
862993
863044
863603
864351
864878
866478
866866
868366
868931
870276
870325
871441
871621
871798
872405
873091
873884
874241
874689
875639
876092
876439
877149
877751
877956
878047
878870
879346
880041
881344
881577
882041
882129
882899
883522
885962
886206
886333
886543
886809
887438
887602
887642
887687
888295
888942
889317
890337
890835
891908
892372
892627
894034
894606
894790
894960
895512
895572
895781
897060
897660
897784
898791
898906
899136
899998
900310
900362
900677
900851
901205
901394
901559
901716
902024
902608
903119
903262
904727
904755
905676
905874
906355
906491
907425
908087
908174
908440
908932
910061
910215
910251
911465
911744
911809
911865
912081
913033
913367
913544
914326
915009
916098
916267
916351
918084
918197
918268
918607
918892
919060
919538
920219
920730
921142
921318
921618
921904
922797
923183
923311
923692
924679
924958
925097
926533
926589
927329
927373
927750
927825
928600
929664
930308
930939
930979
931014
931422
932039
932319
933361
933979
934270
934908
935132
936211
936496
936777
937484
938502
939311
939359
939628
939664
940488
940637
940965
941007
941831
942043
942319
945032
945763
946761
947627
948285
948693
948759
949941
950812
951285
951592
952250
952569
952787
953561
953689
953775
953906
954285
954333
954612
954904
955035
955384
955718
956098
956199
957859
958408
959020
959382
959934
959938
960085
960135
961323
961597
961640
962935
963149
964666
964730
965006
965046
965819
966023
966156
966167
966542
966929
967157
968328
968645
969311
969388
969486
969606
969917
969927
971936
972219
972626
973149
973404
973513
973703
974347
974372
974899
977187
977250
978943
979224
979534
981236
981438
981579
981656
982069
982316
982557
982789
983629
983754
984172
984333
984454
984859
985009
985391
985651
986589
986774
987422
987577
987689
987786
988023
988412
988461
989157
989731
989741
990211
990523
990547
990564
991589
992142
993003
993329
993553
994475
995317
995380
995758
995933
996063
996169
996364
997302
998669
998906
999499
