452
1000
1438
1953
2142
2279
2721
2975
3034
3428
3433
3640
4035
4123
5094
5593
5790
5820
5857
5871
6116
6426
6653
6802
7172
7399
7492
7693
8624
9897
10205
10301
10414
10470
10834
11543
12367
12612
12784
13206
13562
14524
14671
15612
15753
16040
16312
16645
16795
17353
17969
18466
18607
18732
20082
20403
20619
20652
20804
21845
22057
22263
22319
22426
22464
22575
22913
23419
23525
24495
25003
25119
25410
25697
25723
27054
27340
28167
28777
28842
29048
29064
29665
29974
30033
30324
31269
32926
33081
33263
33492
33802
34188
34831
35129
35298
35601
35602
37554
37882
38091
39072
39115
39295
39983
40198
40419
40473
40693
40757
40847
41106
41554
41662
41883
42116
42177
42267
42460
42834
42840
42882
43121
43363
43408
43438
43581
43612
43665
43817
43825
44112
44248
44435
44624
44710
45391
45502
45593
45697
46413
47509
47887
48174
48452
48652
49192
49330
49822
50429
50590
50637
50950
51218
52107
53248
53443
53909
54026
54271
54791
55570
55763
55844
57079
57242
57999
58470
59494
59570
60500
60879
61645
61741
61917
62018
62076
62625
62835
63056
64119
64200
65020
65506
66459
66520
67579
67712
68220
68260
68565
69450
69519
69811
69886
70014
70078
70270
70457
70830
70987
71116
71272
71446
72305
72707
72870
72940
72980
73136
73524
73572
73637
74420
74452
74682
75593
75693
76108
76391
76542
76719
77530
77532
77535
78356
78440
78740
78864
79058
79630
80339
80441
80473
80609
82127
82278
82670
82985
83052
83166
83172
83416
83692
83758
83941
83968
84243
84427
84576
84926
85104
85694
85852
87097
87187
87525
87886
87978
88520
88538
88555
88709
88859
88980
89123
89165
89175
89358
89418
89476
89589
89619
89788
90320
90742
91487
91504
91534
92232
92353
92655
93144
94326
94799
95134
95464
96119
96520
96822
96857
97148
97466
98089
98735
98952
99222
99271
99457
99556
99601
99809
99983
100038
100886
101004
101084
101579
101815
102113
102240
102592
102607
102643
103034
103793
104112
104569
104678
104953
104983
105015
105231
105458
105799
106403
106468
107111
107163
107163
107432
107458
107536
108017
108188
108492
108975
109478
109487
109644
110002
110027
110135
110369
110391
110968
111147
111319
112424
113324
113561
113623
114664
115186
115361
115618
115766
115823
115827
115857
115898
116024
116267
116278
116381
116426
116509
116680
117060
117418
117693
117782
117901
118302
118463
118592
118627
119004
119082
119181
120006
120690
120917
121631
123073
123301
123588
123987
124002
124643
124884
124932
125247
125783
126457
126685
127280
127347
127568
127682
128143
128201
128465
128597
128907
128926
129468
130268
130384
130573
130696
131339
131414
131639
132040
132298
132535
132540
132621
133759
134098
134332
136007
136385
136414
136515
137050
137401
137412
137584
137739
138176
138746
138994
139262
139441
139681
139955
140032
140189
140328
141201
141215
141272
142035
142340
142346
142408
142528
142759
143198
143331
143461
143659
143850
144001
144475
144708
144774
144775
144783
145227
145966
146324
146368
146529
146561
146705
146905
147260
147771
148058
148438
148722
149117
149200
149496
150984
151766
151784
151971
151985
152023
152857
152890
152985
154014
154432
154732
155096
155236
155462
155623
155647
156180
156350
157093
157150
157313
157536
157584
158101
158138
158235
158415
159278
159632
159859
159912
160215
160895
161254
161268
161772
161787
162325
162737
162902
163033
163715
164470
164658
164744
164857
165335
165349
166150
166357
166441
166731
166968
166969
167064
167531
167557
167649
168128
168243
168487
169619
169876
170029
170252
170430
171197
171600
171822
172346
172696
172789
172911
173696
173709
174652
174824
174847
176209
176419
176893
176918
177959
178186
178409
179209
179454
179501
179957
180397
180661
180838
183333
183846
184542
185250
185660
185712
185726
185736
186047
186257
187233
187953
188954
190030
190377
190393
190960
190980
191283
191748
192201
192794
193396
193643
193768
193856
194632
194981
195209
195729
196160
196253
196383
196893
197583
197748
197868
198397
198405
198577
199253
199677
199884
200251
201755
202237
202307
202852
202915
203134
203280
203509
204634
205116
205396
206124
206162
206686
206875
207153
207217
208129
208366
208577
208626
210510
210526
210760
210951
211136
211731
211746
211944
212335
213037
213090
213094
213115
213273
213372
213467
214456
214514
214688
214799
215606
215970
215990
216309
216784
217156
217234
217472
217782
217875
218170
218668
218967
219316
219359
219394
219514
219860
220063
222089
222264
222761
223250
223532
223575
223624
223777
223954
225166
225167
225474
225993
226947
227467
227782
227894
228137
228175
228222
228334
228753
228941
229450
229471
229493
230631
230982
231396
231408
231431
231686
232211
232283
233162
233355
233645
233739
233846
234571
234991
235301
235480
236238
236771
236775
236890
236975
237204
237278
237629
237982
239160
239526
239893
240026
240028
240248
240567
240770
240785
241238
241320
242074
242502
243059
243268
243334
243410
243438
244218
244358
244391
244602
244736
244909
245036
245049
245337
245625
246113
246168
246541
246767
246955
247184
247475
247739
247885
248296
249741
250169
250592
250764
250848
250998
252023
252681
253062
254545
254833
255237
255579
255600
255628
255682
255709
255780
255807
256378
256404
256698
256806
256951
257128
258721
258810
259113
259441
259970
260291
260549
261703
261727
262932
263546
264037
264386
265563
265912
266217
266456
266750
266758
266912
267591
267771
267816
267882
268719
268819
269103
269692
269928
269954
270991
271132
271479
272804
273129
273477
273667
273823
273846
274456
274670
275155
275728
275964
276093
276517
276638
277397
277597
277655
277953
278308
278390
278395
278421
278646
279002
279193
279310
279440
279694
280200
280323
281395
281450
281914
282009
282276
282296
283044
283099
283146
284230
284248
284248
284340
284527
284714
284716
285164
285321
285990
286053
286690
286779
287217
287592
287904
288319
288880
289450
289585
289674
289731
289783
290739
291238
291362
291621
291691
292122
292369
292825
293423
293503
293576
293691
293754
294033
294383
294441
294948
295707
295787
296222
296728
297612
298164
298261
298560
298684
298976
299257
299269
299767
299773
300565
300681
300909
300933
301384
302981
302994
303065
303544
303879
303958
304059
304267
304327
304420
304825
305036
305464
305620
305961
306222
306755
306982
307575
307791
307987
308515
308609
309183
309435
310872
310995
311292
311638
311678
311980
312860
313138
313749
314102
314260
314408
314448
314458
315479
316393
316743
316945
317642
317825
318029
318338
319140
319308
319786
319910
320248
321196
321308
321371
321423
321565
321692
322178
322593
322793
322988
323548
323762
323846
323991
324037
324538
325026
327451
327625
327718
327932
328598
328739
329313
329325
329929
330150
330492
330736
331424
331890
332295
332750
333020
333089
333170
333333
333636
333698
334230
334244
334248
334298
334685
335610
336291
336371
337656
338245
338634
340173
340619
340751
341239
341516
341886
341901
342016
342299
342390
342585
342752
342798
343302
343710
343770
343916
343921
344636
345219
345714
346357
346594
346774
346877
347966
348453
348516
348678
349122
349279
349281
349625
349707
350142
350467
350714
350997
351055
351204
351240
352108
352143
353179
353303
353511
353523
353924
354055
354303
354514
355395
356848
357055
360401
360405
360438
360754
361005
361027
361278
361339
361853
361967
362454
362645
362658
362692
362841
363158
363467
363575
364094
364193
364408
364670
364846
365220
365742
366114
366294
366993
368316
368462
368897
368953
369140
369167
369256
369546
369652
370068
370144
370253
371277
371637
373104
373111
373249
373778
373853
374008
374043
374457
374801
374925
375844
376529
376769
376939
378179
378318
378730
378911
379517
379680
379698
379784
380573
381020
381130
381508
381689
381764
381806
381833
382206
382228
382288
382437
382972
383019
383245
383424
383436
383833
384057
384305
384532
384565
384898
385552
385606
385613
385614
385883
385931
386794
387588
388105
388256
390190
390577
391169
391291
391429
392014
392287
392344
392491
392775
392987
393177
394003
394557
394679
395367
395583
395600
396016
396231
396341
396667
397295
397489
397783
398394
398540
398924
399030
399792
400515
400640
400766
400792
400928
401142
401188
401351
401422
401579
401709
401924
402023
402223
402334
402743
403002
403165
403314
403617
403979
404226
404869
405315
405545
405833
405943
406178
406212
407021
407292
407802
408236
408937
408972
409875
410538
410588
410642
410828
411758
412610
412669
412687
412690
412802
413205
413333
414182
414265
414327
415534
416027
416307
416500
416546
416731
416807
416833
416889
417250
418436
418443
418485
418515
418876
418947
419041
419131
419181
419214
419278
419587
420146
420161
420293
420810
420926
421227
421272
421489
421802
422150
422264
422882
423548
423811
423876
423936
423960
424058
424223
424287
424585
425118
425354
425646
425739
426323
426629
426797
427086
427359
428076
428192
428613
428767
428909
428967
429243
429514
429894
430260
430415
430506
430581
430665
430812
431732
431773
431913
432005
432091
432807
433646
433949
434467
435006
435251
435278
435445
436005
436867
437597
437649
437777
437931
437949
438471
438841
438901
438938
439183
439273
441217
441270
442149
442206
442455
442908
443306
443313
443694
443731
444477
444546
445456
445479
445597
446093
446642
446712
447192
447360
447727
449337
449609
450079
451156
451194
451352
452359
452496
452797
453958
454140
454180
454635
454959
455415
455795
455974
456157
456165
457427
457499
458524
458677
458785
458803
458888
459457
460878
461163
461512
461524
462356
462715
463753
464809
465136
466710
467459
468160
469222
469372
469429
469498
469536
469584
469967
470833
471220
471471
472405
472908
472930
473332
473367
474069
474438
474671
474917
475221
476155
476518
476886
477314
477850
478337
478698
479046
479344
479407
479673
479707
480252
481170
482078
483513
483626
483768
485347
486787
487298
487628
487877
488061
488450
488592
489600
489850
489949
490559
490744
490872
491284
491318
491347
491399
491918
492239
492644
492974
493605
493620
494126
494833
495037
495190
495376
495830
496014
496158
496989
497217
497456
497516
497549
497683
497711
498647
498827
498848
499130
499370
499871
500828
501017
501074
502027
502104
503341
503441
503667
503876
504051
504064
504066
504250
504301
504309
504514
504579
504799
505033
505221
505268
505721
505797
506151
506218
506479
506866
506895
507390
507638
508028
508385
508535
509007
509141
510213
510257
511043
511565
511704
512255
512951
513204
513592
513742
514030
514045
514168
514244
514268
514677
514943
515091
515356
515663
515870
516482
516780
516803
517004
517777
517806
517956
518215
518748
518843
520492
520583
520780
521171
521466
521484
521811
522989
523012
524549
525684
525908
526695
527353
527459
527681
528207
528963
529270
529277
529324
529398
529642
530764
530771
531022
531235
531320
531475
531485
531815
532019
532544
533991
534193
534402
534435
534649
535404
535583
536176
536385
536858
537097
537610
538274
538544
539328
539659
540050
540907
540978
541504
542172
542368
542624
544075
544277
544289
544402
544511
544858
544990
545127
545145
545410
545673
545949
546197
546224
546227
546446
546669
546753
547652
547742
548073
548370
548843
549449
549728
550137
550198
550837
550938
551133
551506
554005
554983
555730
555930
556835
556883
556930
556981
557550
558105
558666
558779
559202
559954
560543
560802
562512
562544
562800
563169
563996
564132
564605
564726
564799
564978
565009
565249
565428
565932
566065
566343
567091
567425
568455
568496
568502
568661
569035
569176
569275
570031
570482
570941
571154
571167
571349
571357
573053
574169
574352
574513
575090
575739
576248
576520
576600
577636
577743
578106
578583
578607
578783
579126
579144
580090
580243
580973
581415
581450
581708
581923
581926
582100
582951
583819
584015
584280
584493
584830
584925
585687
585848
586155
586991
587344
587731
587814
587950
588325
588749
588990
589293
589392
590125
590561
590601
590659
590893
591810
593066
593202
593404
593892
594153
594156
594157
594296
594419
594457
594682
595223
595290
596191
596297
596648
597223
597379
598575
599161
599585
599609
600513
601191
601395
601427
601632
601754
601957
602094
602432
602506
602631
602696
602946
604388
604496
605008
605100
605149
605224
605492
606654
607084
607286
607778
608636
608884
609037
609239
609419
609637
609772
610282
610350
611008
611045
611226
611399
612025
612052
612180
612297
612608
612760
612818
612999
613070
613072
613383
613390
613687
613817
614173
615838
615860
615860
615890
615987
616168
616637
616940
617015
617053
617183
617197
617204
617649
617673
617851
617907
618349
618485
618508
618639
618676
619437
619458
619672
619855
619921
621451
621494
621504
621536
621542
621809
622157
622301
622333
622522
622824
623311
623441
623692
623803
623816
624224
624534
624537
624783
625221
626499
626684
626697
627180
627735
627949
628080
628564
629051
629138
629225
629390
629682
630142
630172
630913
631415
631657
631666
632011
632280
632384
632429
632448
632622
634481
634710
634807
635219
635232
635344
635485
635593
635907
636410
636456
636550
636763
638233
638777
639003
639223
639491
639666
639698
639773
639977
641762
641789
641842
642282
642547
642783
643131
644082
644109
644310
644334
644462
645041
645183
645289
645372
645398
645859
646578
646815
647033
647167
647442
647477
647590
648130
648215
649459
649471
650228
651070
651734
651860
651953
652052
652379
653092
653221
653226
653712
653859
653889
653892
654376
654460
654822
655185
655224
655449
655932
656514
657258
657798
657802
658034
658034
658175
658567
658988
659229
659299
659412
659606
659843
660032
660165
660188
661074
661583
661714
661880
662420
662877
663258
663998
664017
664159
664176
664693
664728
665063
665504
665626
665739
666274
666307
666325
666983
667293
667605
668475
668915
668971
669199
669414
669938
670449
671423
672404
672671
673355
673873
673914
674276
674478
674646
674663
675066
676485
676911
677001
677095
677342
677576
677762
677793
678028
678325
678428
678508
679037
679267
679341
680263
680473
680968
681774
681788
682074
682834
682895
683219
683742
683834
684635
684683
684879
685366
685939
686291
686788
686928
687273
687394
688162
688333
688468
688831
688906
688907
689285
689743
689757
690049
690572
690967
691445
691503
691760
692017
692109
692908
692913
693077
693819
693995
695054
695122
695681
696080
696610
697489
697872
698175
698235
698236
698257
698302
698862
698868
699048
699975
700260
700696
700727
701323
701689
702100
702222
703632
704129
705614
705715
706749
706907
706978
707431
707898
708048
708110
708640
708838
708955
709063
709087
709198
710020
710254
710434
710882
711236
711570
712156
712628
712871
713142
714052
714222
714275
714716
714753
715933
716003
716122
716162
716858
717523
717677
718565
718993
719080
719363
719704
719969
720097
720296
720747
721169
721249
722235
724059
724468
724577
725535
725793
726153
726827
726860
727409
727654
728392
729704
729969
730270
730395
730462
730681
731444
731975
732146
732641
732645
733543
734316
735271
735588
736774
737548
737652
737787
738103
738135
738135
738667
738680
739868
739915
740647
740679
740804
740844
741452
741485
741505
742036
742168
742236
742238
742757
742846
744134
744221
744905
745157
745690
745839
745870
746071
746620
746701
746728
747640
747932
748237
748767
748926
749260
750385
750495
750797
750855
750972
751162
751181
751524
752008
752026
752610
752781
753102
753301
753812
753937
754343
754643
755200
755722
756176
756490
756499
756768
756920
756933
757099
757548
757631
758949
759536
759673
759776
759886
760106
760179
760636
760877
761203
762163
762191
762315
762949
763010
763175
763387
763460
764211
764427
764477
764747
765120
765193
765383
765549
765646
765780
766354
766402
766575
767423
767717
767894
768850
768923
769066
769651
769909
770260
771131
771529
771729
772283
772982
773060
774132
774444
774551
774721
775677
775978
775991
776086
777379
777488
777798
777894
778041
778245
778486
778619
778904
779074
779095
779181
779369
780240
780468
780885
781908
782526
782589
782838
783552
784060
784901
785056
785550
785553
785988
786205
786295
786458
786632
787568
787578
787801
788342
789256
789448
790968
791325
791532
792083
792227
793265
793357
793568
793891
793979
794423
795017
795618
795621
795728
796259
796355
796899
797691
797934
797957
798002
798382
798419
798503
799275
799284
799299
799540
799627
800307
800338
800618
801325
801931
802266
802430
802731
803218
803320
803369
803793
803877
804238
804402
804640
805201
805326
805387
805701
805774
806335
806466
806863
807355
807661
807994
808100
808227
808384
808471
809125
809698
809796
810685
811157
811196
811640
812068
812197
812243
812698
812766
813065
813444
813974
814466
814578
814778
815218
815878
816117
816374
816387
816485
816622
817256
817783
817987
818301
818414
818489
818657
818783
819221
819227
819669
819677
819754
819952
820013
820298
820493
820956
821503
821980
822024
822025
822838
823005
823438
823808
824218
824690
825043
825519
826002
826124
826734
826823
827008
827189
828051
828509
828709
829110
829246
829378
829858
830127
830148
830383
830556
831199
831745
832389
832450
832763
832772
833114
833171
833732
833746
834190
834608
834623
835393
835539
835769
836445
836696
836737
836951
837443
837676
837700
838152
838257
838468
838708
838980
839022
839403
839734
840021
840336
840890
841302
841325
841616
841859
842302
842791
842828
842978
843008
843284
843838
843891
844189
844298
844318
845018
845708
846572
847042
847310
847357
847418
847430
848155
848809
849277
849487
849790
849875
850152
850350
850834
851009
851050
851075
851214
851390
851892
851961
852935
852960
852962
853134
853874
854063
854215
854722
854966
855088
855556
855624
856043
856486
856689
856837
857586
857992
858053
858104
858348
859370
859401
859896
860331
860566
860657
860659
861241
861760
861860
862623
862915
863072
863142
863239
863433
864072
864380
864522
864576
864739
864834
865329
865605
866073
866198
866206
866319
866381
866632
866732
867469
867559
868246
868296
868416
868743
868915
868949
869089
869114
869175
869270
869303
869445
869788
870136
871124
871582
871832
871903
871961
871979
872607
872913
873227
873537
873734
874194
874284
874641
874796
874876
876588
876597
876640
876760
876774
877087
877235
877946
878665
878669
879075
879103
879142
879414
879687
880077
880400
880464
880687
880710
881691
881741
883166
883592
883635
883902
884607
884657
884663
885334
885935
886028
886036
886221
887059
887103
887466
888033
888522
888707
888798
889225
889402
889725
889772
889786
890120
890140
890422
891002
891059
891426
891704
891805
892027
892091
893679
893957
894375
894576
895493
895498
895571
895887
895974
896644
896647
896983
897174
897265
897700
897828
898665
898728
898796
898900
899338
899389
899416
899871
900799
900881
901076
901126
901275
901341
901694
901854
902473
902529
902569
902657
902754
902909
903069
903079
903325
903661
903967
904461
904574
905492
906786
906793
906830
907137
907453
908327
908506
908815
909114
909243
909785
910544
910592
910969
911021
911349
911704
912849
913165
913369
913427
914721
914748
915061
915573
915651
916697
916922
917113
917884
918050
918572
918584
918616
918872
919238
919836
920298
920438
920586
920933
920991
921009
922231
923272
923374
924130
924274
924759
925353
925411
925818
927703
927798
928985
929020
929368
929527
930804
931193
931417
932105
932517
932532
933143
933395
934458
934830
934916
934964
935626
935775
936125
936205
937039
937586
938482
938771
938951
939985
940001
940482
940583
941180
942890
943196
943255
943305
943498
943640
943724
943886
944142
944259
944404
944688
944905
945700
945970
946140
946545
946594
946622
947076
947194
947510
947694
947963
948918
948979
949181
949195
949829
949946
950026
950336
950451
950479
950985
951037
951603
951854
952090
953221
953488
953541
953798
954033
954170
954308
954439
954668
954837
955069
955272
955369
955543
956310
956528
956682
956744
956845
957336
957422
958173
958616
959564
959625
960118
960146
960224
960509
960825
961091
961280
961370
961839
962036
962163
964549
964912
965044
965060
965291
966229
967905
968563
969224
969482
969553
969636
969903
969917
970209
970435
970444
970907
971521
972152
972384
973256
973398
973692
973793
973894
974457
974708
974749
974875
974947
975641
975702
975766
975969
976860
977113
977212
977527
977949
978140
978305
979335
979507
979830
980125
980996
981753
982140
982498
982575
982816
983477
983530
983864
984071
984310
984350
984408
984769
985262
985472
986008
986040
986090
986256
986332
986851
987002
987728
987920
988300
988482
988797
988832
988912
989040
989367
989605
989750
989771
990609
991645
991789
992228
992444
993824
994254
994975
995185
996008
996111
996148
996202
996263
996263
996280
996283
996320
996524
996531
996651
996765
996787
997124
997345
998293
998408
999403
999426
