870
937
1031
1198
1288
1557
1769
1996
2669
3267
3499
3561
3828
4130
4610
4618
4753
4866
5340
5508
5780
6499
7359
7406
7532
7589
7845
8409
8810
9120
9147
9225
9573
9727
9909
10210
10322
10385
10483
10612
10818
10928
11239
11251
11550
11598
11783
11808
11832
11998
12016
12087
12102
12473
12481
12549
13523
13779
14647
14674
14713
14829
15134
15770
15808
15809
16355
16580
16686
16826
17008
17146
17157
17269
17501
17732
17888
18250
18537
18808
18857
19402
19422
19688
19989
20087
20347
20368
20472
20522
20598
20603
20644
21039
21118
21274
22390
22614
22652
22758
23179
23238
23329
23369
23446
23592
23739
23969
24091
24222
24305
24814
24969
25623
25761
25971
26489
27051
27526
28130
28144
28302
28340
28997
29100
29516
29730
29937
30111
31498
31508
32421
32479
32640
32750
33055
33082
33269
33356
33406
33412
33785
33932
34235
34508
35096
35239
35777
36057
36244
36270
36394
36591
36637
36768
36874
37337
37474
37576
37636
37863
37911
38016
38085
38136
38732
38863
39092
39117
39220
39352
39549
39841
40388
40414
40482
40679
40940
41297
41487
41832
41898
41982
42885
43318
43552
43604
45640
45655
45790
45938
46032
46536
46858
46871
46987
47690
47816
47847
48122
48512
48626
48671
48800
48900
48971
49560
49996
50201
50433
50622
50686
51183
51337
51399
51472
51493
51605
51790
51846
51849
51888
52331
52509
52532
53157
53218
53861
53888
53923
54918
55271
55594
55596
55805
56083
56205
56496
57340
57726
57957
58464
59330
59478
59612
59733
59755
60208
60442
60512
60638
60787
60800
60886
61550
61623
62360
62751
63027
63381
63429
63447
63512
64101
64330
64406
64826
65015
65024
65230
65391
66163
66425
67058
67611
67765
67913
67986
68520
68544
69076
69081
69206
69316
69477
69712
69972
70044
70118
70322
70401
70698
70811
70817
70960
70960
71067
71735
71819
71847
72267
72319
72705
72851
73082
73406
74229
74473
74523
75006
75048
75823
76042
76129
76348
77708
77739
77916
79073
79259
79647
79746
80687
80730
80933
80974
81562
81808
82503
82524
83036
83131
83487
83489
84770
85377
85453
85571
85609
85887
86416
86479
86685
86691
86965
87145
87409
88216
89333
89516
89627
89678
89785
90213
90427
90518
90805
90806
91504
91531
91838
92458
92581
92908
92959
92976
93479
93797
93935
93955
94463
94536
94604
94612
95092
95266
95467
96423
96860
96926
97047
97125
97152
97237
97274
97618
98147
98783
98891
99435
99453
99482
100286
100380
100448
100674
100699
101271
101404
101727
101945
102051
102147
102681
102749
102778
102787
102999
103377
103493
103848
103995
103998
104313
104563
105234
105330
105405
105562
106084
106752
106831
106987
107258
108501
108530
108693
108974
109460
109692
109728
109738
109745
109877
110654
110871
111445
111561
111844
112135
112168
112326
112799
112830
112843
112903
113080
113700
113736
114371
114745
114922
115135
115211
115270
115628
116536
116735
116822
116947
117252
117401
117703
118538
118748
118778
119373
119441
119447
119770
120331
120801
120933
121380
121642
121720
121750
122136
122357
122390
122684
122770
122795
123238
123291
123526
123558
123668
123832
123948
124375
124379
124439
124955
125285
126229
126602
127049
127286
127635
127974
128038
128090
128159
128208
128297
128437
129053
129127
129864
130048
130052
130203
130249
130820
130940
131713
131845
132193
132252
132450
132450
132823
132829
133236
133340
133469
133567
134017
134188
134640
134729
134839
135210
135701
136501
136881
137035
137057
138133
138551
138877
138893
139676
139822
140336
140485
140734
140890
140970
141064
141240
141506
141911
142022
142163
142246
142472
142529
142534
142825
143032
143065
143066
143114
143423
143546
143576
143598
143805
143829
144357
144776
144805
145148
145263
145475
145685
146604
146629
146779
146877
146932
147147
147241
148176
148562
148657
148862
149258
149724
150153
150255
150295
150579
150845
151234
151528
152174
152481
153035
153135
153203
153280
153465
155599
155869
156334
156487
156549
156788
157613
158090
158774
158971
159587
159844
159872
160076
160140
160429
160841
161052
161295
161503
161589
162155
162489
162601
162904
163057
163179
163549
163949
164282
164384
164544
164628
164929
165324
165664
166336
166830
167212
167744
168003
168678
168691
168719
168738
169624
169813
169875
169903
170154
170726
171181
171591
171689
171827
172160
172550
172838
172933
172968
173190
173266
173930
174297
174467
174527
174767
175119
175190
175202
175271
175865
176121
176516
176523
176542
176757
176834
177030
177123
177230
177590
178258
178694
178786
178798
179664
180062
180227
180616
180789
180975
181187
181274
181428
181794
182225
182234
182299
182326
182367
182438
182695
183646
183834
184100
184154
184241
184794
184827
185682
185853
185868
187160
187478
187793
188006
188291
188302
188344
188601
188986
189536
189775
190247
190513
190580
190748
190802
191463
191574
192222
192357
193681
194435
194491
194521
194523
194545
194836
195446
195704
195835
196100
196317
196350
196738
196952
197149
197332
197606
197701
197714
198126
198472
198514
198730
198785
199180
199286
199716
199759
200216
201770
201990
202097
202340
202521
202548
202806
202873
202900
203099
203118
203305
203501
203925
204191
204215
204543
204790
204981
205362
206272
206289
206496
206675
207492
208045
208207
208348
208393
208524
208940
209461
209838
209924
210524
210568
210663
210746
211266
211309
211376
211535
211579
211808
211934
212322
212567
212590
213000
213152
213311
213466
213701
214365
214490
214972
215098
215458
215565
215598
215675
215958
216074
216428
216478
216507
217465
217487
217666
217737
217773
217853
218056
218395
218711
218861
219014
219328
219437
219486
220125
220406
220640
221134
221345
221419
221713
221839
222406
223015
223388
223666
223753
223828
224067
224139
224802
224983
225063
225851
225860
226165
226948
227102
227421
228244
228266
228631
228840
228900
229010
229130
229231
229287
229480
229706
229727
230013
230234
230494
230505
230719
230920
231218
231617
232160
232291
232459
233204
233477
234277
234466
234528
234605
234910
235014
235130
235201
235487
235677
236229
236338
236613
236615
236895
236925
236973
237255
237740
237962
237992
238321
238571
238593
238686
238826
239130
239137
239416
239491
239516
239583
239825
240645
240979
241793
241797
241982
242019
242383
242666
242720
242801
242965
243150
243509
243742
244039
244098
244321
244418
244570
244722
245023
245204
245408
245535
245547
245941
246315
246619
246917
247146
247151
247174
247302
247390
247680
247755
247903
248048
248772
248822
248967
250032
250199
250276
250277
250290
250466
250510
251143
251396
251745
251820
252616
252646
252652
252928
253032
253273
253554
253589
253591
253613
253772
253781
253796
253831
253934
253958
254189
254312
254348
254553
254622
254881
255170
255250
255591
255818
256025
256083
256508
256739
256822
257352
257489
257511
257815
258008
258357
258383
258802
259359
259388
259661
259695
259771
259793
260247
260435
260469
261108
261135
261564
261568
261868
262380
262434
262484
262562
262769
262933
263241
263274
263287
263329
263585
263647
263810
263882
265003
265595
265710
265758
265815
266045
266307
266410
267269
267781
267956
268280
268284
268286
268353
268565
269056
269379
269458
269873
270051
270806
271221
271339
271379
271588
271688
271792
271973
272498
272823
273593
273672
274436
274537
274577
274742
275020
275236
275268
275347
275578
275769
275985
276049
276370
277408
277644
277669
277833
278039
278187
279077
279123
279254
279656
279758
279828
279892
280054
280062
280116
280713
281004
281163
281465
281663
281767
282061
282077
282285
282304
282438
282603
282654
282784
283082
283296
283352
283663
283803
284002
284281
284572
284668
284767
284777
284856
285801
286166
286417
287020
287156
287172
287389
287877
287990
288328
288727
288894
288989
289433
289874
290129
290330
290798
290882
291420
291539
291667
291832
291872
292178
293373
293619
293953
294137
294675
294718
294794
294949
295026
295047
295561
295666
296040
297407
297412
297917
297959
298037
298050
298210
298488
298539
298980
299743
299781
300153
300598
300668
300744
300750
300790
300890
300906
300910
301030
301035
301478
301865
302113
302439
302764
303617
303838
305570
306085
306400
306598
306758
307072
307106
307596
307983
308160
308556
308620
308900
309803
309857
309886
309961
310243
310948
310992
311374
311722
312105
312166
312213
312234
312370
312912
313450
313551
313737
314430
314866
314909
314965
315828
315865
316079
316301
316724
316771
316931
317011
317060
317097
317207
317360
317640
318094
318135
319167
319471
319646
319698
319909
320116
320317
321227
321249
321435
321569
321897
321914
322088
322339
322593
322653
323025
323135
323510
323580
323662
323685
323921
324122
325099
325478
326099
326352
326825
327185
327457
327553
327705
327912
327939
327943
327982
328030
328042
328169
328322
328469
328850
329068
329089
329240
329246
329392
329434
329641
329695
329837
330429
330873
331012
331035
331198
331389
331490
331514
332156
332735
332746
332824
332940
333188
333919
333975
334436
335077
335207
335490
335904
336285
336889
336962
337390
337816
338385
338465
338825
338847
338992
339045
339234
339377
339493
339587
339974
340001
340103
340226
340543
340771
340781
342196
342364
342872
342944
342963
343350
343445
343738
343777
343913
344553
344866
346228
346312
346375
346607
346758
346812
347075
347184
347345
347481
347558
347961
348008
348029
348139
348526
348614
349280
349304
349653
349818
349917
350027
350037
350140
350161
350339
350404
350781
350819
350980
351080
351081
351169
351233
351235
351814
352298
352455
352527
352779
353186
353322
353344
353505
353763
353908
354064
355185
355198
355317
355589
355757
356215
356338
356381
356486
357120
357337
357568
357685
357711
357791
358071
358595
358672
358702
358790
359034
359115
359186
359344
360017
360344
360702
360769
360820
360925
360980
361170
361256
361644
361673
361743
361812
361985
362142
362204
362345
362733
363419
364396
364849
364999
365110
365276
365334
365372
365818
365839
365890
365972
366379
366406
366938
367639
367652
368033
368086
368542
368683
368846
368863
368905
368947
369524
369691
370101
370342
370363
370388
370765
370850
370860
370928
371153
371485
371553
371673
371985
372253
373001
373084
373196
373554
373902
374017
374078
374463
374621
374692
374780
374966
375076
375313
375401
375469
375484
376013
376795
377523
377977
378528
378668
378780
378803
378974
379277
379425
379440
379514
379631
380390
380504
380541
380849
381718
382073
382367
382602
382779
383432
383531
383549
383665
383960
384061
384358
384486
384766
384854
384895
385010
385020
385545
385940
386033
386229
386439
386729
386960
387096
387123
387132
387214
387269
387784
388562
388724
388846
389145
389394
389516
390049
390115
390818
391212
391357
391409
391445
391677
391728
391788
392073
392286
392286
392692
393208
393536
393726
393803
394022
394796
395047
395601
395606
395910
395965
396469
396582
396634
397179
397341
397732
397813
398054
398231
398800
399366
399458
399464
399919
400213
400228
400241
400508
400573
400645
400666
401081
401173
401231
401262
401366
401581
401602
402495
402560
403039
403073
403296
403627
403995
404038
404270
404281
404371
404734
404764
404779
404906
404945
405553
405672
405997
406000
406395
406503
406638
406649
406992
407025
407047
407180
408492
408559
408796
408973
409424
409502
409959
410533
410557
411176
411756
411838
412137
412258
412314
412670
412895
413708
413785
414455
414565
414718
414735
414945
415418
416042
416262
416522
416554
416565
417046
417050
417764
418210
418222
418838
419024
419303
419691
419710
419997
420234
420500
420838
421078
421167
421221
421707
421736
421945
422612
422684
422846
422951
423257
423331
423700
424076
424312
424410
424472
424521
425330
425380
425387
426908
427070
427311
427883
428025
428823
429283
429496
429796
429901
430336
430354
430564
430823
431701
431900
432211
432913
432946
433429
434351
434688
435331
435357
435420
435739
435838
435981
436086
436737
436757
437114
437118
437146
437164
437200
437311
437505
437531
437718
438043
438516
438573
438821
438898
439322
439348
439395
440019
440887
440960
441262
441523
441621
441915
442117
442229
442420
442546
442596
442844
443037
443326
443831
444022
444105
444142
444381
444726
444792
444874
444973
445042
445049
445202
445259
445324
445792
445836
446069
446153
446364
446544
446848
446967
447171
447277
447280
447733
447803
448022
448024
448329
448552
448910
449182
449246
449883
450848
451363
451620
451872
452842
453046
453327
453629
453715
454640
454837
455023
455219
455452
455492
455958
456019
456200
456505
456926
457168
457629
458706
459219
459270
459462
459484
459494
459847
460038
460255
460322
460417
461097
461169
461256
461422
461445
461666
461849
462368
462443
462751
462838
462911
463043
463289
463607
463789
464358
464924
465173
465420
465508
465574
465977
466216
466315
466347
466536
466901
466952
467351
467368
467857
467869
468160
468177
468550
468841
469001
469496
469519
469574
469749
469875
469920
470608
470901
471937
472008
472109
472202
472223
472268
472830
473018
473100
474461
474468
474947
475032
475118
475335
475700
475923
476043
476222
476229
476274
476449
476939
477119
477165
477735
477992
478561
478884
478929
479040
479496
479708
479773
479864
480122
480543
480648
481360
481424
481464
481495
481770
481912
482479
482711
482777
483112
483279
484241
484607
484624
484664
486136
486654
486877
486884
486973
487904
487912
487956
488419
488506
488542
488692
488753
488830
489839
490023
490111
490465
490508
490665
490868
491884
492325
492379
492594
492607
492877
492991
493205
493827
493875
494010
494547
494673
494856
495210
495278
495576
495748
496286
496353
496358
496360
496381
496475
496956
496981
497140
497508
497669
497889
498310
498392
498491
498564
499248
499249
499453
499820
499980
500727
502222
502407
502658
503168
503238
503613
504086
504268
504291
504830
505124
505410
505577
505765
505766
505837
506004
506038
506078
507083
507311
507580
507722
508595
508746
508764
508846
508950
509055
509065
509162
509610
509913
510152
510449
510469
510826
511130
511144
511601
511710
512012
512237
512336
512455
512505
512578
512938
513166
513269
513556
513903
514076
514309
514733
514786
514906
515017
515191
515754
516189
516354
516981
517291
517417
517775
518030
518350
518719
518915
519123
519654
519913
520121
520140
520161
520730
520746
521186
521877
522071
522710
523021
523267
523343
523488
523494
523674
523690
523740
523831
524492
524918
525025
525147
525196
525988
526089
526307
526528
527018
527400
527866
528375
528548
528755
528845
529050
530276
530419
530478
530518
530749
530773
530925
530968
531254
531532
532553
532560
532743
532746
532770
532890
532951
533284
533470
533530
533854
534008
534110
534697
534705
534844
534960
535013
535107
535211
535513
535677
536295
536548
536572
536955
537067
537444
537724
537844
538395
538498
539109
539146
539149
539614
540342
540834
541088
541853
541863
542498
542758
543385
543865
543934
545366
545857
545865
545965
546460
546661
546672
546924
547005
547494
547524
547611
547700
548289
548843
549230
549727
549773
549843
549994
550356
550417
550438
550605
550645
551002
551081
551277
551477
551650
551680
552158
552283
552756
552780
552874
553137
553195
553196
553307
553769
554032
554481
555044
555092
555174
556210
556480
556549
556585
556793
556826
556992
557102
557404
557567
557581
557799
558003
558118
558568
558644
558653
558722
558802
559498
559519
559716
559726
559797
559823
560243
560313
560358
560470
560886
560903
560974
561142
561478
561557
562037
562195
562641
562847
563199
563306
563648
563719
563721
563848
564321
564334
564727
564771
564969
565376
565684
565720
565724
565956
566625
567483
568136
568239
568464
568508
568726
568962
569367
569585
569767
570087
570292
570971
571251
571786
571851
571866
571965
571972
572583
572667
573118
573347
573577
573707
573802
574027
574783
575067
575081
575230
575321
575526
575593
575807
575958
576420
576476
576687
576804
576926
577170
577317
577705
578007
578168
578388
578536
579159
579656
579936
580674
580711
581142
581893
582236
582724
582816
582831
583248
583460
583491
583579
583845
584000
584498
585242
585405
585660
585813
585823
585875
585920
585992
586387
586388
586528
586655
587591
588202
588546
588954
589785
590099
590384
590416
591448
591621
591885
591889
591926
592088
592338
592602
592948
593251
593273
593623
593765
593771
593909
594125
594307
594730
594739
594870
595116
595230
595614
596844
597225
597454
597553
598011
598654
598781
598913
599943
600207
600281
601801
602326
602387
603382
603445
604104
604483
604755
604814
605786
606177
606447
606888
607874
608367
608583
608630
609417
609618
609704
609917
610103
610254
610421
610923
611023
611049
611065
611245
612091
612140
612244
612451
613268
613445
613847
614051
614063
614500
614887
615187
615431
615887
616801
616881
617392
617677
617686
617823
617943
618119
618297
618627
618958
619037
619092
619805
619832
619855
619895
620034
620099
620139
620148
620377
620560
620682
620907
620926
620993
621046
621653
621756
621899
622050
622076
622384
622512
622657
622711
622746
622749
622786
623053
623191
623451
623594
623872
624010
624134
624544
624681
624821
625149
625157
625408
625457
625476
625569
625686
625834
626469
626489
626744
626924
627010
627474
627793
627973
628015
628026
628683
628752
629132
629910
629922
630161
630163
630277
630278
630292
630904
631042
631327
631724
631810
632055
632247
632428
632522
632905
633708
633872
634136
634411
634589
634781
634927
634985
635096
635226
635374
635462
635730
635747
635945
636073
636076
636732
636938
636963
637254
637632
637721
637728
638228
638658
638910
638921
638925
639282
639307
639367
639753
639845
640327
641302
642494
642525
642609
642906
643106
643270
643745
643787
643834
644311
644988
645049
645345
646224
646333
646803
647001
647014
647278
647280
647689
647791
648029
648046
648776
649500
649620
649842
650095
650255
650388
650615
650630
650978
651671
652030
652119
652271
652353
652754
652776
652920
653414
654261
654662
654938
655231
656043
656187
656232
656514
656773
656839
657255
657365
657887
657942
658218
658232
658604
658617
658702
659264
659467
659538
659783
660075
660460
660522
660546
660682
660969
661055
661121
661234
661240
661376
661471
661795
661986
662198
662429
662561
662620
662640
662855
663404
664029
664299
664383
664627
664736
665323
665353
665390
665673
666062
666227
666274
666513
666576
666611
666978
667495
667594
668463
668790
669020
669464
669930
669941
670103
670216
670332
670459
670871
671194
671704
671704
672508
672632
672666
673100
673421
673639
673858
674214
674270
674627
675016
675546
676019
676083
676121
676166
676310
676314
676533
676533
676611
676743
677092
677122
677259
677537
677640
677802
678278
678552
678925
679036
679299
679302
679353
679457
679560
679688
679827
680703
680715
680966
681083
681237
681326
681551
681599
681688
681727
682219
682392
683339
683636
683929
684040
684251
684255
684337
684476
685774
685834
686291
686556
686701
686709
686741
686888
687075
687949
688176
688827
688937
688946
689241
689404
689417
689455
690000
690071
690132
690148
690600
690832
691274
691372
691474
691507
692096
692449
693037
693132
693256
693615
693687
693855
693890
694020
694378
694777
694905
694945
695124
695278
695653
695835
696381
696522
696619
696619
696903
697191
697325
697489
698058
698187
698360
698645
698738
698950
699016
699159
699194
699225
699638
699662
700055
700728
700767
700774
701501
701748
701776
701954
701994
702063
702073
702143
702207
702356
703525
704412
704483
705004
705184
705425
705461
706079
706360
706499
706557
706855
707336
707441
707577
707812
708043
708090
708585
709195
709268
709621
709828
709894
709909
710190
710560
711043
711511
711546
711591
712021
712039
712466
712582
712620
712945
713235
713239
713390
713434
713731
713835
714099
714348
714905
715222
715793
716084
716090
716781
716894
716991
717358
717677
718000
718133
718397
718670
719059
719426
719801
719933
720051
720053
720487
720604
721034
721158
721194
721443
721453
721565
721698
721721
721921
722252
722319
722484
722497
722518
722767
722975
723040
723434
723454
723628
723640
723713
723940
724072
724170
724271
724301
724471
724636
724706
724791
724983
724995
725020
725323
725368
726533
726580
726612
726687
726714
727383
727506
727559
727635
727852
728037
728371
729083
729395
729485
729650
729886
730313
730783
730820
730891
730939
731122
731412
732275
732355
732532
732766
733218
734004
734182
734587
734696
735651
735661
735936
736544
736680
737188
737367
737556
738139
738324
738523
738678
738824
739224
739410
739633
739782
740050
740317
740491
740592
740785
741122
741274
741282
741438
741575
741690
742232
742233
742634
742838
743173
743718
743725
743773
743776
743797
744109
744144
744572
744605
744729
745370
745382
745472
745798
746800
747250
747436
747728
747794
747844
748111
748222
748289
748513
749159
749507
749857
750023
750152
750209
750286
750548
750560
750627
750681
750857
751327
751559
751780
752281
752340
752464
752512
752976
753013
753716
753977
754356
754464
755096
755680
755830
755886
755894
756121
756153
756279
756555
757300
757484
757751
757763
757973
758043
759180
759351
759437
759981
760225
760301
760362
760507
761281
761525
761525
762050
763134
763160
763393
764221
764553
764894
764960
765036
765117
765219
765420
765539
765769
765856
766040
766220
766297
766877
766898
767475
767654
767693
767755
767849
767900
768113
768294
768352
768596
768874
768899
769074
769121
769681
769733
769957
770429
770683
770884
770956
771090
771118
771375
771480
772621
772822
773045
773997
775007
775271
775316
775351
775799
775823
776222
776449
776489
776734
777127
777131
777240
777309
777784
777923
777991
778172
778409
778536
778668
778853
778973
779090
779169
779629
779920
780036
780525
780827
780849
781116
781594
781701
781709
782242
782680
783066
783905
784392
784502
784793
784977
785420
785742
786197
786422
786764
787352
787490
787870
788153
788303
788410
788415
788998
789070
789216
789493
790029
790047
790067
790102
790737
790883
791095
791282
791340
791583
791827
791897
792489
792747
792937
793152
793578
793606
793758
793802
794470
794492
795229
795771
795908
796545
796866
797016
797169
797637
797947
798076
798250
798540
799010
799082
799118
799271
799317
799389
799732
799901
800163
800356
800567
800804
801174
801203
801646
801715
802103
802176
802820
803183
803183
803345
803507
803695
803783
803990
804126
804433
804438
804782
804801
804918
805980
806399
806674
806709
806792
806850
807020
807490
807496
807500
807563
807986
808237
808508
808751
809224
809336
809386
809413
810225
810669
810753
810893
810996
811069
811171
811386
811506
811770
812135
812204
812268
812310
812639
813254
813270
813681
814159
814210
814349
814541
814631
814657
814887
815024
815064
815181
815222
815268
815435
815473
816036
816063
816129
816768
816923
817593
817841
818126
818176
818251
818419
818685
819347
819543
819603
820101
820743
820899
820922
821085
821384
821746
821769
821944
822244
822317
822519
822524
822993
823312
823417
823536
823740
824078
824181
824381
825073
825093
825463
825474
825744
826048
826125
826286
826741
826992
827185
827229
828020
828045
828253
828288
828600
828706
828910
829395
829666
830017
830446
830739
831388
832116
832410
832891
833048
833199
833438
833575
834559
834567
834628
834806
835251
835878
836054
837037
837729
838000
838285
838983
839038
839398
839832
839954
840424
840491
841050
841955
842243
843714
843880
843962
843970
845138
845606
845720
845891
846992
847075
847447
847651
847967
848133
848731
850484
851032
851063
851272
851514
852051
852071
852372
852382
852664
852862
853322
853457
853478
853566
853705
853850
854186
854415
854675
854734
855240
855592
855618
856225
856745
857090
857163
857661
857704
857798
858082
858183
858312
858516
858599
858634
858742
858866
859011
859121
859592
859764
859999
860452
860765
861054
861384
861586
862094
862295
862334
862475
862493
862552
862567
862577
862578
862860
863061
863226
863508
863661
863706
863952
864105
865745
866172
866322
866623
866635
866911
867117
867164
867316
867509
867509
867969
868066
868182
868246
868251
868345
868447
868668
868915
869522
869928
870919
870936
870979
871015
871343
871521
872417
872777
872818
872849
872988
873444
873626
873747
873914
874457
874583
874955
874988
875028
875032
875143
875327
875366
875659
875903
876492
876670
876776
876979
876982
877414
877478
877513
877866
877884
877989
878065
878143
878504
878736
878788
878841
879378
879395
879416
879660
879714
880449
880605
880636
880813
880918
881556
882357
882399
882582
882961
883041
883311
883857
884240
884640
884868
885123
885250
885268
885833
886050
886232
886590
887065
887097
887861
887949
888087
888095
888225
888280
888561
888601
889040
889058
889210
890690
890807
891256
891525
891664
891764
891783
891806
892011
892555
892559
892604
892659
892667
892691
893872
894164
894214
894659
894705
894747
894826
894837
894887
895155
895200
895266
895606
895824
895984
895995
896178
896275
896318
896542
896750
897074
897431
897555
897720
897734
899062
899796
899878
900155
901801
902245
902616
903007
903099
903358
903412
903804
904168
904258
904621
904690
904738
904865
904956
905420
905506
905745
905776
905779
905802
906093
906242
906248
906586
907202
907736
908348
908707
909162
909656
909759
909866
909995
910021
910116
910356
911034
911616
911706
911757
911779
911820
911841
911857
912212
912897
913070
913192
913221
913886
914116
914122
914179
914264
914563
914661
914714
915304
915486
915487
915855
916219
916605
916646
917072
917207
917398
917522
917559
917824
918330
918344
918474
918713
918807
918913
919086
919141
919713
919953
920240
920524
920602
921359
921494
921516
921768
921905
921906
922869
923219
923577
924159
924410
924684
924820
924846
925001
925729
925897
926070
926114
926236
926242
926412
926748
926774
927106
927122
927363
927746
927969
928142
928153
928155
928228
928292
928691
929285
929318
929934
930004
930365
930423
930448
931053
931271
931853
931855
932249
932511
932876
933022
933023
933397
933419
933647
933658
933788
933926
934290
934644
934660
934709
934799
935244
935338
935340
935666
936023
936070
936173
936656
937047
937049
937403
937753
937819
938006
938050
938321
938497
938541
938763
938763
939139
939261
939642
940007
940291
940424
940557
940676
940725
941110
941401
941536
941934
942017
942097
942127
942166
942616
942879
942904
943536
943837
944209
944385
944401
944404
944674
945917
946257
947075
947553
947720
948640
948641
948975
949483
949558
949927
949964
950149
950228
950556
950805
951154
951183
951395
951463
951471
951775
952768
952915
953017
953368
953400
954845
955130
955340
955355
955631
956165
956212
956574
957170
957731
957865
958124
958281
958693
959090
959593
959685
959717
959954
960253
960512
960554
960841
961593
961606
961639
962132
962368
962467
963077
963498
963678
963736
964164
964315
964476
964750
964760
964827
965222
965570
965929
966109
966519
966527
966589
967207
967344
967961
968038
968461
968879
969052
969800
969835
970231
970254
970667
970981
971091
971186
971499
971584
972179
972217
972306
972324
972351
972386
973145
973210
974053
974162
974297
974429
974754
974873
974981
975105
975236
975675
975963
976045
976106
976169
976194
976428
976765
976879
977640
978405
979258
979701
979951
980151
980898
981064
981349
981639
981704
981891
981895
981994
982230
982278
982515
982650
982943
983395
983578
983693
983828
983898
984071
984211
984579
984768
986123
986354
986862
986885
987616
987630
987937
988021
988031
988119
988670
989081
989142
989157
989341
989945
990246
990576
990588
990648
990955
990960
991165
991488
991676
991771
991975
992159
992340
993318
993608
993785
994058
994140
994160
994623
994737
994778
994844
994992
995002
995043
995848
996319
996989
997383
997547
997609
997946
997997
998415
998520
998842
998907
999690
999833
999902
999934
