27
154
197
525
1093
1198
1389
1926
2254
2269
2313
2426
3165
3332
3926
3983
4190
4396
4696
4749
4763
5044
5213
5751
5887
5963
6082
6359
6378
6459
7030
7085
7125
7524
7724
8010
8178
8453
8785
9431
9585
10177
10408
10553
10661
10673
10730
11062
11239
11389
11423
11855
11877
12373
12456
12603
12720
12739
12800
13219
13303
13355
13680
13867
14019
14044
14099
14283
14501
14628
14783
14817
14938
15124
15175
15312
15460
15517
15546
15834
15869
15878
16089
16360
16737
16914
17228
17505
17855
17866
17925
18188
18327
18443
18542
18594
18713
18920
19556
19619
19632
19655
20207
21415
21480
21887
21992
22079
22269
22529
22552
22690
22730
22975
23315
23827
23988
24364
24470
24475
24790
24872
24932
24995
25008
25027
25254
25335
25498
25681
25787
25889
26200
26219
26389
26852
26973
27015
27137
27184
27239
27356
27445
28018
29275
29296
29499
29583
29609
30382
30629
30694
30734
30958
31365
31378
31434
31720
31879
31965
32057
32067
32492
32588
32624
32858
32871
32956
32964
33231
33254
33447
33524
33572
33775
33826
34013
34182
34253
34691
34706
34834
35092
35242
35467
35488
35855
35896
36204
36253
36344
36639
37044
37236
37295
37553
37690
38201
38341
38620
38630
38642
39114
39702
39855
40029
40344
40496
40643
41390
41436
41445
41572
41650
41731
42118
42120
42129
42322
42463
42467
42616
42799
42851
42909
43032
43068
43305
43661
43973
44237
44437
44677
44745
44790
44971
45021
45387
45932
46158
46229
46566
46637
46691
46782
46872
46927
47663
47860
47898
47988
48014
48186
48275
48981
49011
49378
49496
49829
50339
50352
50680
50836
51215
51243
51498
51518
51540
51830
51831
52135
52429
52633
52698
52911
52961
53075
53110
53236
53257
53394
53403
53730
53912
53957
53979
54277
54282
54792
54824
54879
54951
55283
55442
55445
55500
55566
55610
55655
55779
55983
56055
56677
56734
56841
56883
57456
57598
58165
58187
59257
59421
59457
59480
59503
59543
59619
59655
59937
60266
60557
60753
60850
61262
61849
61939
61971
62090
62819
63180
63646
63703
64206
64332
64367
64646
64654
64727
64759
64805
65542
66232
66352
66497
66570
66901
67579
67617
67778
68337
68351
68365
68567
68662
68852
69122
69654
69828
69892
69896
70245
70495
70654
71674
71852
72445
72447
73128
73409
73496
73503
73549
74013
74326
74500
74593
74619
74855
74903
75631
75990
76033
76641
76852
76877
77149
78144
78701
78747
79166
79786
79920
79945
80040
80241
80429
80871
81064
81327
81426
81930
82543
82550
82678
82774
83026
83129
83166
83279
83566
83632
83647
83658
84006
84186
84254
84333
84623
84662
84757
84785
84899
85242
85268
85501
85635
85963
86537
86600
86818
86989
87054
87182
87245
87262
87394
87486
87509
87530
87701
87806
88173
88245
88406
88719
88969
89283
89335
89827
89835
89971
90007
90108
90371
90592
90594
91865
92064
92089
92101
92122
92301
92878
93000
93290
93658
93801
94017
94459
94526
94619
94893
94910
95194
95216
95289
96056
96149
96336
96411
96532
96753
96766
97138
97320
97321
97458
97471
97885
97915
97975
98878
98997
99146
99206
99434
99452
99763
100133
100157
100896
101006
101082
101118
101630
101656
101666
101676
101834
102634
102808
102848
103023
103044
103132
103201
103293
103726
103798
103945
103965
103977
104151
104176
104188
104193
104950
105052
105120
105306
105354
105394
105402
106497
106599
106802
106878
107296
107311
107319
107352
107490
107801
108272
108611
108745
108862
109346
109744
109859
110172
110329
110613
110844
110961
111017
111307
111500
111530
111694
111793
112064
112158
112191
112693
112713
112884
113097
113282
113426
113461
113645
113680
113784
114295
114360
114426
114672
115001
115526
115865
116529
116722
116737
116895
117075
117433
117589
117618
117911
117985
118038
118133
118263
118352
118363
118611
118861
119368
120146
120188
120265
120407
120438
120572
120808
121032
121037
121113
121286
122050
122254
123000
123063
123248
123305
123718
124374
124483
124499
124558
124578
124731
124902
125009
125018
125056
125262
125389
126408
126452
126560
126895
126920
127221
127270
127873
127938
128040
128112
128403
128501
128643
129107
129287
129297
129863
129961
130345
130428
130443
130869
131128
131206
131291
131511
131998
132165
132468
132575
132762
132780
133838
133980
133987
134105
134490
134724
134740
135050
135106
135133
135243
135277
135434
135667
135903
136031
136303
136449
136676
137051
137151
137370
137482
137641
137770
137913
138658
138793
138829
138874
139299
139391
139568
139970
140067
140268
140422
140496
140667
140750
140876
141124
141129
141170
141345
141406
141458
141552
141696
142141
142206
142270
142286
142399
142614
142713
142815
143749
143805
144023
144426
144427
144910
145287
145371
145416
145708
145729
145824
146551
146840
146989
147439
147516
147623
148030
148139
148474
148618
148717
148731
148878
148891
149150
149220
149400
149595
149631
149644
149749
149845
150150
150412
150550
150682
150766
150982
151022
151075
151094
151250
151307
151349
151505
151618
152049
152520
152738
152812
153016
153104
153110
153171
153362
153607
153819
154101
154126
154335
154954
155053
155135
155426
155565
155644
155683
155709
155857
155906
156499
156819
156872
157034
158206
158608
159159
159198
159468
159832
160032
160125
160423
160584
160647
160690
160765
161521
161597
162157
162313
162620
162867
163063
164028
164205
164528
164670
165117
165206
165476
165540
165996
166342
166450
166618
166961
167083
167285
167513
167681
167993
168111
168136
168954
168985
169625
169671
170067
170168
171143
171258
171920
172205
172232
172302
172321
172453
172631
172679
172765
173283
173359
173986
174012
174274
174481
174581
174619
174621
174647
175350
175514
175697
175730
175874
175935
176139
176518
176578
176839
176852
176979
177050
177422
177584
177639
177825
178486
178593
178926
179285
179513
180378
180611
180865
181202
181358
181371
181848
182050
182068
182325
182582
182660
182707
182881
182906
183188
183254
183767
183805
183857
184165
184231
184681
184824
185235
185297
185499
185668
185725
185759
186242
186373
186549
187043
187252
187343
187640
187827
188245
188321
188768
189113
189325
189400
189484
189502
189914
190133
190203
190446
190747
190783
190826
191054
191263
191378
191450
191683
191878
191897
192004
192182
192189
192256
192979
193087
193242
193299
193366
193536
193536
193745
193814
194210
195038
195967
195987
197023
197670
197736
197976
198813
199075
199152
199345
199362
199476
199490
200025
200336
200560
200637
200832
200928
200991
201362
201472
201555
202082
202144
202167
202204
202372
202759
202888
202938
203251
203440
203615
203724
203872
204386
204475
204851
205343
205378
205763
205889
206111
206120
206288
206357
206472
206564
206590
206716
207056
207180
207332
207368
207418
208203
208314
208697
208858
209141
209211
209232
209614
209721
209750
209851
209857
209992
210057
210081
210236
210332
210414
210496
210634
211123
211418
211701
211842
211930
211976
212421
212714
212793
213054
213149
213269
213459
213604
213666
213708
213936
214249
214298
214326
214448
214542
214563
214679
214709
214900
215273
215372
215635
215687
216053
216178
216279
216844
216871
216872
216885
217135
217259
217368
217469
217713
217824
218096
218540
218696
218715
218736
218938
219234
219245
219304
219509
219613
219791
220227
220275
220649
220655
220805
220874
220890
221267
221648
221776
221857
221891
221961
222021
222116
222294
222483
222772
223261
223301
223321
223443
223503
223691
223926
224143
224380
224956
225020
225041
225198
225330
225674
225834
225999
226413
226417
226423
226497
226575
226674
226729
226869
226995
227138
227151
227322
227378
227525
227611
227933
228427
228441
228736
228814
229912
230113
230474
230690
230840
231409
231862
232048
232235
232375
232380
232403
232911
233297
233510
233552
233593
233621
233628
233711
233740
233775
233893
234341
234462
234741
234769
234797
234827
235112
235203
235400
235565
235714
235894
235927
235954
236091
236113
236159
236165
236197
236217
236647
236867
236932
237274
237381
237417
237491
237569
237577
237793
238091
238378
238497
238659
239081
239107
239306
239328
239341
239654
239680
239770
239829
240182
240336
240472
241315
241518
242824
242853
243145
243156
243269
243529
243725
243819
243907
243957
243985
244082
244123
244318
244813
245147
245226
245392
245428
245618
245825
246207
246916
247004
247130
247916
247930
248089
248271
248508
249734
250488
250678
250706
251811
252110
252361
253421
253476
253656
253687
253760
253864
253900
254038
254064
254262
254492
254519
254545
254647
254682
254719
254732
255057
255319
255382
255666
255945
256228
256275
256479
256599
256712
256741
256887
257163
257222
257721
257746
257820
258080
258126
258545
259246
259420
259610
259748
259890
259897
259947
259957
260146
260260
260278
260709
260713
261075
261085
261097
261237
261511
261837
262384
263316
263508
263511
263816
264129
264253
264345
264384
264396
264413
264784
264945
265279
265339
265372
265407
265481
265552
265820
266146
267222
267390
267577
267724
267916
268073
268170
268179
268535
268756
268863
268901
268916
269186
269368
269455
269987
270063
270180
270290
271328
271401
271436
271585
271642
271652
272033
272122
272176
272465
272547
272869
272900
273275
273362
273617
274303
274434
274753
274814
275075
275125
275330
275330
275398
275418
275467
276135
276139
276161
276424
276544
276779
276996
277721
277739
277970
278168
278480
278500
278589
279123
280340
280425
280491
280689
281140
281589
281651
282299
282526
282609
282663
282741
283056
283403
283435
283597
283820
283847
284452
284664
284993
285609
285651
285661
285781
286146
286461
286792
286852
287186
287240
287256
287478
287493
287641
287796
287985
288195
288284
288505
288526
288764
289134
289259
289267
289434
289451
289475
289689
289737
290126
290216
290231
290317
290471
290541
290556
290628
290726
291209
291399
291564
291666
291742
292355
292409
292415
292436
292851
293343
293346
293518
293532
293546
293987
294140
294236
294307
294380
294678
295346
295506
295613
295773
296431
296715
297094
297742
298215
298315
298725
298785
298994
299184
299240
299360
299388
299506
299749
300285
300384
300931
301020
301077
301520
302067
302508
302542
302591
303467
303567
303644
303867
303976
304450
305054
305615
306071
306519
307514
307841
307851
307982
308201
308337
308346
308349
308456
308515
309221
309288
309431
309685
309789
310183
310414
310493
310527
310712
310880
311339
311497
311704
311940
312018
312478
312975
313394
313543
313612
313887
314224
314705
314852
314938
314978
315051
315151
315169
315645
315965
315975
315998
316145
316148
316547
316578
316673
316846
316980
317052
317080
317317
317507
317520
317626
317757
317781
318040
318099
318205
318375
318555
318680
318822
319061
319654
320386
320411
320670
320862
321329
321690
321857
321866
322298
322378
322411
322918
322945
324255
324462
324562
324687
324868
324991
325208
325688
325695
326020
326187
326706
326724
326944
327118
327204
327400
327506
327607
327710
327725
327964
327980
328071
328187
328486
328496
328536
329239
329245
329523
329769
329929
329942
330605
330984
331118
331505
331525
331775
332110
332198
332423
332466
332620
332722
333018
333277
333433
333472
333493
333605
333652
333666
333845
334349
334360
334529
334572
334745
334763
335021
335236
335465
335617
335740
335944
336693
336776
337343
337895
338604
338942
338945
339007
339075
339135
339238
339613
339672
339677
339806
340184
340221
340688
340740
341083
341227
341292
341520
341586
341766
341889
342154
342272
342417
342504
342529
342654
342773
342869
342979
342981
343019
343034
343220
343357
343481
343577
343723
344024
344042
344161
344254
344273
344687
345090
345430
345794
346134
346330
346901
346931
347080
347317
347713
347809
347890
348354
349228
349533
349795
350139
350312
350706
350842
350958
351355
351362
351386
351420
351542
351994
352080
352347
353441
353637
354007
354240
354271
354283
354579
355235
355286
355547
355937
355981
356193
357125
357311
357540
357738
358150
358317
358689
358751
359183
359279
359311
359464
359577
360141
360147
360428
360504
360525
360559
360741
360802
360922
361205
361648
361853
361933
362051
362107
362180
362684
363212
363444
363491
363675
363707
363719
363785
364244
364363
364482
364623
364633
364655
364993
365365
365651
365656
366030
366219
366553
367319
367369
367573
367609
367758
368482
368866
369049
369064
369386
369622
370038
370134
370544
370607
370839
371000
371094
371291
371404
371479
371496
371726
371752
371766
371799
371940
372056
372680
372994
373004
373356
373682
373768
373797
373812
374017
374206
374472
374650
374849
375011
375132
375162
375412
375580
376443
376593
376838
376958
377064
377184
377331
377422
377565
377663
377811
377846
377993
378174
378627
379440
379571
380260
380457
380951
381037
381047
381320
381744
382173
382557
382730
382839
382874
383249
383744
383965
384460
384592
384860
384919
384951
384957
385350
385365
385574
385679
386356
386523
386681
386785
386899
387188
387223
387281
387305
387552
387559
387648
387780
387845
387924
388344
388357
388687
388969
389226
389323
389735
389828
389872
390514
390570
390938
391070
391682
391701
391846
391962
392006
392097
392129
392177
392274
392320
392598
392631
392921
393798
393895
394407
394810
395592
395646
396201
396228
396323
396544
396806
396815
396967
397027
397034
397037
397168
397195
397322
397366
397470
397573
397762
397814
398117
398145
398315
398405
398449
398991
399221
399259
399330
399450
399485
399726
399765
400232
400334
400470
400510
400617
400704
400750
400998
401134
401176
401402
401601
401924
402098
402250
402276
402318
403126
403140
403307
403595
403831
404100
404229
404302
404355
404550
404587
404635
404673
404918
405086
405343
405383
405426
405607
406211
406292
406654
406793
406961
407361
407536
407704
407776
407883
408035
408209
408328
408416
408521
408597
409093
409233
409586
409836
409872
409874
409891
410356
412012
412107
412381
412543
412629
412634
412778
412921
413242
413312
413725
413804
413877
414012
414217
414301
414584
414845
414900
415077
415131
415437
415763
415809
415899
416017
416092
416336
416394
416864
416976
416989
417037
417288
417387
417692
417822
417969
418604
418606
418941
419037
419070
419250
419263
419287
419721
419723
419879
420402
420436
420472
420824
421443
422040
422277
422335
422550
422736
423143
423163
423320
424310
424437
424555
424882
425008
425119
425498
425786
425967
426024
426312
426325
426426
426534
426562
426775
426803
426823
426953
427092
427444
427631
427747
427765
427770
427899
428011
428237
428342
428734
429051
429089
429200
429260
429572
430018
430690
430770
430848
430930
430965
431222
431507
431549
431753
432102
432248
432364
432391
432816
432846
432876
432880
432886
432933
433483
433608
433628
434025
434774
434858
434877
434951
435025
435177
435396
435410
435482
435517
435621
436365
436381
436405
436426
436540
436542
436893
436939
436943
437013
437155
437188
437191
437379
437761
437942
438339
438502
439020
439154
439183
439332
439341
439432
439505
439559
439784
439807
439869
439901
439914
439965
440151
440528
440921
441306
441435
442160
442963
443248
443272
443285
443329
443413
443420
444028
444408
444757
444959
445267
445301
445314
445386
445659
445851
446590
446596
446904
447044
447627
447649
447731
447733
447846
447854
448319
448369
448432
448463
448490
449137
449535
449824
450041
450110
450156
450321
450521
450944
451067
451572
451594
451697
451745
451912
452114
452635
452708
453240
453256
453423
453474
453743
453882
454206
454333
454365
454557
454674
454897
455115
455375
455472
455633
455792
456072
456238
456706
456917
457427
457719
458123
458195
458255
458311
458325
458623
458625
458643
458649
459207
459514
459714
459732
459798
459952
460083
460154
460185
460894
460962
461077
461380
461448
461465
461483
461986
462605
462683
462774
462922
462939
463044
463128
463233
463252
463565
463810
463843
463906
464284
464586
464734
464774
465123
465590
465721
466145
466190
466403
466490
466560
466575
466591
466740
466839
466980
467037
467459
467691
467787
468263
468324
468354
468420
469255
469375
469978
470133
470603
471664
471919
472186
472402
472592
473589
473665
473713
473829
473929
474740
475031
475190
475383
475804
476073
476302
476483
476502
477305
477370
477402
477440
477497
477984
478049
478185
478395
478552
478602
478607
478804
478881
478904
479089
479275
480222
480958
480992
481312
481370
481388
481495
482507
483397
484053
484262
484426
484426
484571
485188
485391
485759
485966
486143
486384
486890
487047
487230
487779
487863
488287
488294
488295
488506
488601
488667
488727
488849
488935
488959
489204
489536
489826
489936
489971
490126
490335
491066
491124
491165
491302
491475
491710
491994
492095
492132
492200
492297
492334
492395
492780
492809
492817
492919
492920
493593
493917
494075
494166
494172
494483
494678
494717
494738
494803
494845
494897
494936
495469
495522
495882
496033
496316
496450
496486
496601
496606
496846
497229
497390
497538
497571
497825
497892
498011
498042
498452
498454
498504
498641
498702
498752
498840
498941
499807
500196
500740
500756
500782
500785
500866
500979
501128
501323
501747
501931
502268
502293
502566
502661
502736
502883
503076
503928
503951
504240
504721
504804
505447
505654
505740
505756
506173
506205
506350
506698
506886
507183
507457
507809
507847
507850
507931
508484
508556
508616
508641
509203
509516
509544
509574
509873
509977
510003
510048
510049
510126
510195
510895
510931
511009
511252
511415
511563
511597
511611
512024
512154
512154
512453
512663
513278
513300
513879
514072
514254
514320
514702
514733
514782
515243
515598
515688
515829
515957
516062
516183
516212
516312
516642
516663
516960
517021
517343
517490
517654
517759
517858
518044
518118
518143
518410
518421
518534
518741
518741
518958
519376
520389
520504
520580
520663
520770
521107
521448
521756
521760
521961
522491
522493
522736
522905
523107
523239
523349
523422
523448
523462
523579
523671
523897
523907
524151
524386
524631
524705
524849
524922
525245
525280
525347
525420
525434
525462
525479
525494
525679
525740
525763
525867
526401
526777
526891
527254
527602
527735
528390
529371
529439
530077
530100
530505
530953
531344
531475
531480
531917
531925
532060
532091
532311
532533
532818
532839
533087
533185
533195
533405
533505
533554
533593
533618
534199
534249
534574
535062
535108
535274
535548
535588
536243
536278
536284
536732
536903
537121
537341
537351
537392
537474
537901
537955
538210
538223
538561
538628
538694
539221
539326
539489
539768
539947
540518
540578
540938
541052
541231
541385
541470
541629
541820
541913
541956
541973
542117
542197
542206
542295
542504
542600
542610
542634
542709
542954
543287
543380
543489
543544
543625
543729
544528
544730
544857
545029
545050
545667
546309
546325
546713
546819
547096
547282
547290
547543
547608
547750
547770
548006
548140
548176
548306
548556
548622
548631
548717
549313
549705
549720
549733
549736
549769
550006
550252
550253
550687
550835
550921
551018
551184
551684
551714
551921
551996
552016
553037
553460
553963
554545
554709
554749
554764
554924
555390
555730
555766
555786
555886
556030
556099
556231
556534
556773
557187
557482
557609
557680
557772
557950
558128
558506
558540
558549
558711
559430
559503
559561
559595
559852
560092
560117
560607
561242
561459
561672
561711
562048
562130
562237
562471
562477
562696
562766
562808
563623
563931
563967
564083
564089
564293
564298
564326
564956
565204
565542
565656
566402
566415
566661
566748
566818
566835
567096
567340
567610
568079
568103
568215
568352
568453
568640
568759
568930
568999
569048
569072
569180
569375
569505
569577
569628
569732
570029
570056
570116
570174
570192
570194
570292
570478
570545
570811
571123
571172
571690
571703
571840
572053
572410
572577
572606
572955
573076
573429
573464
573506
573723
573794
574529
574849
574898
575142
575438
575695
575803
575837
575851
576076
576124
576264
576400
576617
576629
576942
576960
577580
577590
577907
578026
578269
578876
579926
579964
579996
580031
580258
580387
580698
580769
580963
581113
581220
581684
581703
581768
581852
582031
582181
582326
582582
582822
583339
583387
583460
583511
583897
584128
584143
584227
584315
584404
584427
584702
584785
584796
585228
585366
585431
585469
585559
585585
585944
586421
586508
586737
587107
587294
588216
588242
588294
588754
589052
589282
589343
589385
589680
589842
589842
590161
590248
590474
590584
591250
591314
591367
591465
591485
591580
591605
591787
591936
592022
592384
593132
593314
593502
593940
594149
594213
594301
594417
594470
594601
595962
596435
596867
596918
597070
597162
597271
597369
597454
597694
597699
597706
597826
598606
599001
599166
599790
599796
600050
600773
600999
601003
601061
601341
601478
601585
601792
601881
601927
602200
602224
602259
602625
602674
602705
602848
602936
603145
603238
603244
603257
603266
603499
603814
603817
603934
603935
604125
604178
604249
604533
604624
604664
604795
605029
605038
605483
605526
605787
605958
605958
606349
606367
606466
606521
606584
606695
607067
607090
607372
607429
607769
607885
608010
608278
608295
608360
608468
608583
608672
608970
609133
609200
609638
609655
609770
610307
610520
610849
610892
610937
611017
611191
611609
611908
612068
612573
613020
613366
614169
614238
614341
614500
614706
614891
614911
614979
615050
615073
615146
615191
615198
615233
615306
615801
615923
616480
616549
616558
617192
617236
617403
617912
617993
618516
618774
618797
619163
619355
619488
619522
619646
619876
620109
620784
621035
621567
621655
622009
622178
622309
622325
622336
622469
622473
622653
623608
624038
624059
624103
624190
624680
624753
625004
625084
625565
625672
625713
626002
626194
626342
626385
626498
626499
626589
626898
627078
627204
627828
627866
627870
628079
628437
628735
628958
628987
629195
629255
629259
629795
629827
630340
630873
631287
631421
631476
631994
632012
632216
632333
632457
632458
632540
632542
632578
633218
633295
633309
633571
633903
634137
634370
634377
634671
634887
634938
635308
635416
635783
635949
636199
637159
637184
637959
637960
638128
638250
638259
638535
638593
638669
638671
638814
639024
639357
639575
639624
639936
640034
640119
640645
640663
640828
641013
641106
641504
641619
641626
641925
641961
642299
642304
642359
643219
643240
643427
643440
643544
643824
643871
643876
643915
644218
644555
644818
644911
645110
645433
645538
645563
645930
646059
646157
646175
646283
646359
646590
646752
647398
647621
647869
647975
648877
649017
649184
649252
649810
649924
650508
650621
650635
650728
651028
651227
651228
652441
652629
652737
652903
653392
653496
653989
654058
654186
654488
654779
655437
655897
656380
656702
656819
656989
657153
657478
657632
658370
658406
658594
658626
658724
659041
659277
659344
659565
659633
659948
660166
660567
661140
661142
661167
661356
661546
661792
661827
662086
662292
662298
662416
662569
662620
662748
662853
662948
663110
663301
663302
663506
663546
663701
663809
663927
663929
664403
664795
665983
666004
666047
666540
666731
667099
667411
667845
667950
668170
668250
668569
668953
669149
669216
669247
669293
669321
669670
670386
670395
670716
670747
670863
670921
670988
671204
671610
671729
672197
672251
672453
672527
672641
672726
672770
672860
673409
673511
673574
673727
673926
673978
673978
674032
674309
674421
674462
674696
674814
674880
675013
675021
675307
675771
675834
675941
676072
676080
676191
677083
677384
677566
677575
677581
677898
678544
678650
678855
679095
679095
679534
679536
679734
679884
679978
680230
680241
680422
680612
680653
680863
681049
681356
681368
681406
681433
682195
682335
682462
682651
683252
683586
683720
683806
683923
684310
684377
684472
684477
684884
685073
685700
685769
685987
686149
686435
687048
687247
687248
687253
687373
687919
688033
688518
688937
689248
689296
689397
689747
689758
690024
690173
690256
690269
690363
690466
690519
690739
690898
691009
691147
691364
691463
691774
691927
692490
692945
693193
693193
693439
693696
693711
693761
694067
694496
694527
694547
694953
695321
695549
695836
695859
695893
695903
696348
696456
696569
696597
697264
697548
697595
697616
697814
698253
698443
698502
698510
699236
699523
699645
699717
700261
700722
701148
701182
701587
702445
702531
702564
702600
702642
702643
702647
702749
702779
703572
704034
704077
704252
704365
705095
705237
705370
705466
705832
706233
706237
706289
706596
706629
706725
706938
707229
707658
707691
708059
708153
708355
708385
708759
709074
709076
709217
709427
709440
709966
710152
710550
710591
710859
710981
711220
711477
711481
711509
711565
711568
712118
712144
712171
712176
712473
712527
713371
713418
713531
713823
713896
713932
713953
713973
713981
714108
714222
714364
714393
714619
714897
715216
715273
715437
715479
715615
715774
715859
715915
715935
716075
716253
716987
718256
718436
718674
718980
719042
719227
719385
719420
719554
719711
719892
720001
720029
720436
720509
721059
721452
721487
721952
722492
723130
723360
723404
723955
724468
724730
724867
724942
725128
725261
725484
725505
725579
726125
726135
726415
726621
726638
726655
726841
727054
727341
727403
727491
727516
728364
728519
728622
728778
728855
729098
729189
729219
729474
729866
730089
730467
730632
730748
731082
731831
731992
731996
732609
732651
732752
733308
733510
733643
733672
733971
734102
734171
734454
734534
734556
734709
734710
734849
735090
735171
735392
735554
735636
736047
736150
736944
737092
737096
737227
737243
737434
737536
737687
737749
737812
737972
737992
738014
738080
738136
738211
738701
738895
739522
739591
739644
739710
740100
740306
740448
740566
740619
741114
741137
742039
742178
742219
742420
742478
742648
742747
742974
743160
743237
743354
743577
743637
743821
744157
744220
744767
744828
745087
745611
745628
745646
746292
746296
746359
746448
746677
746799
746811
747093
747267
747277
747282
747804
748352
748433
748853
748919
749209
749836
749948
750326
751085
751388
751495
751677
751961
752218
752278
752435
752643
753471
753524
753958
754315
754391
754472
754567
755027
755157
755525
755659
755688
756132
756608
757391
757447
757712
757912
757931
758012
758398
759092
759096
759490
759505
759568
760109
760399
760614
760873
760897
761019
761159
761171
761392
761514
761826
761829
762189
762277
762494
763164
763180
763796
763979
764508
764680
764735
764980
765279
765291
765459
765546
765568
765620
765913
765954
766214
766503
766772
767129
767261
767779
768119
768216
768594
768696
768697
768792
768820
768908
769101
769356
769501
769538
769813
769989
770365
770545
770988
771050
771079
771133
771197
771223
771380
771472
771549
771592
771803
771847
772194
772312
772743
772864
773218
773303
773328
773460
773510
773907
774168
774222
775009
775365
775616
775806
776058
776336
776406
776444
776475
776492
776871
776921
776983
777124
777183
777271
777559
777715
777768
778372
778418
778509
779120
779420
779588
779730
780199
780401
780610
780769
780829
781470
781571
781681
781975
782005
782086
782319
782379
782580
782761
782789
782868
783198
783289
783455
783583
783637
783669
783747
783758
783770
784158
784382
784429
784548
785101
785283
785762
785802
786001
786057
786104
786213
786281
786475
786509
787090
787193
787295
787558
787633
787945
788206
788425
788661
788992
788999
789145
789227
789464
789480
789519
789831
789925
790009
790071
790190
790516
790962
790968
791092
791366
791378
791459
791546
791610
792092
792423
794049
794149
794469
794520
794968
795269
796053
796088
796090
796151
796198
796393
796396
796501
796506
796765
797025
797409
797537
797603
797604
797913
798466
798730
799166
799421
799664
800039
800148
800385
800432
800736
800804
800845
801098
801297
801346
801534
801676
801709
801815
801919
802199
802608
802659
802838
802894
802899
802925
802988
803144
803188
803870
804201
804254
804265
804393
804871
805288
805420
805565
805582
805838
806128
806494
807055
807059
807185
807545
807631
807871
807914
808338
808565
808861
808964
809210
809370
809471
809555
809654
810365
810404
810438
811168
811388
811388
811405
811603
811931
812003
812163
812463
812576
812719
812856
812874
813270
813298
813465
813497
814259
814521
814557
814752
815021
815055
815105
815388
815413
815666
815837
815971
816177
816246
816363
817200
817281
817323
817805
817871
817940
818028
818175
818360
818409
818488
818597
818604
819388
819453
819874
820357
820604
820631
820717
820812
820851
820938
820982
821129
821499
821566
821923
821961
822107
822427
822634
823638
823963
824079
824085
824335
824566
824640
824713
824980
825046
825164
825356
825402
825498
825793
825892
826023
826210
826859
827051
827612
827829
827887
827935
828293
828523
828624
829163
829207
829249
829318
829662
829689
829978
829991
830270
830345
830396
830418
830494
830647
830735
830796
830949
831098
831286
831296
831517
831552
831772
833208
833453
833861
833875
833927
834304
834336
834836
834944
835096
835137
835406
835433
835642
835877
836044
836358
836513
836696
836926
837106
837108
837614
837842
838061
838077
838215
838599
839325
839485
839753
839872
839969
839975
839995
840027
840041
840141
840703
841092
841169
841281
841290
841355
841640
841846
841906
841967
842069
842310
842400
842480
842659
842767
843020
843146
843395
843488
843562
843809
844067
844094
844814
844872
845008
845198
845537
845550
845613
845720
846062
846140
846237
846245
846403
846634
847219
847270
847369
847423
847676
847691
847740
847914
847998
848052
848534
848943
849288
849294
850676
850788
850881
851487
851624
851732
851884
852105
852142
852673
852741
852985
853267
853387
853825
853997
854100
854534
854913
855426
855653
855703
855920
855996
856010
856047
856467
856604
856720
856741
857372
857528
857535
857756
857898
858131
858393
858711
858975
859059
859114
859316
859562
859937
860354
860696
860844
861125
861150
861390
861459
861800
862204
862456
863416
863718
863892
864881
864949
865025
865415
865785
865815
865882
865900
866105
866105
866381
866727
866982
867016
867180
867382
867436
867506
867533
867813
867948
868206
868274
868282
868408
868704
868867
869586
870110
870240
870572
870885
871166
871235
871414
871691
871985
872219
872428
872452
872640
873036
873037
873147
873372
873392
873690
873769
873776
873824
874226
874269
874296
874317
874370
874623
874905
875054
875073
875363
875612
876369
876450
876593
876649
876985
877236
877279
877284
877301
877309
877746
877971
878033
878432
878936
878942
878949
879565
879971
880205
880965
882394
882426
882454
882477
882598
883027
883039
883077
883266
883580
883717
884030
884107
884316
884323
884520
884588
884981
885040
885048
885063
885080
885112
885170
885611
885877
885892
885955
886131
886133
886144
886168
886821
886831
887000
887120
887615
887958
888677
888858
888916
888973
889271
889378
889552
890019
890146
890399
890614
891305
891697
891919
891979
892233
892450
892541
892650
892747
892867
893379
893460
893488
893497
893647
893743
893909
893984
894170
894201
894743
894842
894875
894889
894962
895163
895203
895294
895966
896229
896343
896359
896384
897001
897053
897125
897149
897618
897854
897901
898370
898608
898628
899397
899829
899899
900027
900322
900322
901251
901485
901529
901668
901734
902010
902016
902046
902436
902590
902685
902740
902934
902964
903041
903180
903362
903524
903665
903846
903947
903970
904141
904218
904493
904729
904772
904830
904935
905036
905079
905331
905442
905639
905688
906039
906287
906304
906304
906399
906442
906561
906629
906769
906909
907411
907871
907995
908022
908033
908060
908187
908650
908655
908693
908914
908944
908989
909289
909804
910095
910258
910329
910717
910962
911059
911092
911359
911694
911739
911761
911938
912032
912386
912655
912714
912894
913090
913150
913280
913361
913866
914353
914705
914775
914929
915250
915390
915711
915871
915891
916044
916355
917379
917585
917774
917814
917897
918024
918204
918250
918499
919014
919026
919128
919689
919900
919991
920074
920225
920729
920746
921470
921489
921500
921773
922030
922054
922378
923272
923454
923479
924073
924087
924113
924681
925120
925202
925749
925811
925858
925981
925990
926463
926763
926806
926885
926956
926969
927165
927386
927654
927676
927710
928074
928143
928230
929229
929345
929540
929714
929746
929951
930346
930414
930639
930872
931290
931478
932298
932392
932554
933817
933856
934141
934179
934424
934503
934654
934906
935156
935248
935281
935354
935373
935463
935520
935626
935682
935959
936102
936495
936525
936528
936749
936874
936885
936921
937073
937165
937294
937296
937392
937608
937701
937742
938121
938238
938557
938650
939373
939383
939620
940068
940197
940653
940843
940979
941049
941179
941255
941385
941419
941419
941519
941707
941769
941979
942302
942429
942510
942608
942794
942998
943123
943190
943388
943535
943586
943846
943991
944256
944307
944570
944613
944743
944788
944867
945025
945388
945499
945834
946396
946414
946556
946721
946878
946972
947085
947142
947209
947259
947404
947544
947595
947658
948059
948098
948237
948418
948418
948623
948676
948678
948812
948861
949041
949139
949158
949173
949399
949615
949856
949913
949994
950030
950320
950575
950929
951104
951176
951413
951431
951507
951561
951740
952182
952515
952686
953093
953124
953360
953512
953563
953600
953613
953675
953845
953940
954171
954220
954405
954505
954751
955135
955196
955458
955539
955604
955913
956020
956365
956506
956577
956582
956828
956913
957129
957306
957492
957501
958290
958497
958528
958971
958977
959228
959651
959993
960099
960130
960331
960445
960756
961198
961261
961587
961661
961738
961931
962132
962183
962246
962321
962578
962597
963182
963211
963405
963413
963650
963652
963714
964065
964108
964376
964516
964641
964772
964934
964954
964960
965058
965197
965225
965726
965746
965913
966038
966393
966786
966880
966954
967366
967439
967848
967932
967965
968292
968544
968714
968726
968804
968833
968869
968960
969460
969515
969753
969896
969930
969953
969964
970136
970203
970451
971641
971674
971948
972121
972260
972308
972505
973332
973479
973530
973559
974101
974341
974929
975456
975670
975840
975875
976162
976523
976530
976593
976791
977025
977084
977134
977230
977279
977422
977784
977868
977909
978045
978197
978965
979151
979221
979321
979401
979549
979869
980244
980717
981048
981072
981083
981315
981470
981504
981897
982527
982549
983263
983593
983861
983892
983924
983977
984200
984204
984209
984334
985010
985278
985672
986122
986292
986694
986956
986993
987247
987454
987553
988019
988139
988312
988408
988420
988658
988705
988715
988827
988873
989057
989168
989322
989807
989957
990054
990066
990092
990323
990818
991004
991253
991335
991684
992002
992162
992838
992861
993263
993277
993469
993530
993833
994181
994283
994792
994863
994877
995064
995100
995266
995342
995892
996046
996175
997177
997230
997344
997617
997813
997905
998241
998542
998576
998627
998966
999082
999268
999390
999582
999731
