328
401
558
657
709
728
1349
1461
1697
1984
2320
2812
2860
2894
3032
3062
3281
3346
3611
3811
3865
4074
4327
4897
5043
5215
5287
5367
5441
6003
7539
7574
7649
7667
7762
8025
8173
8429
8441
9094
9274
9332
9631
9678
9715
9741
9857
10070
10085
10111
10202
10235
11148
11178
11400
11465
11681
11980
12116
12316
12492
12991
13201
13239
13560
14386
14397
14431
14850
14879
15443
15804
16106
16284
16473
16981
17236
17341
17438
17667
17784
17962
18528
18530
18581
18645
18654
18991
19003
19079
19138
19273
19315
19474
19530
19681
19739
19789
20104
20146
20246
20307
20418
20477
20658
20725
20775
20852
21265
21403
21635
22386
22518
22992
23073
23097
23128
23290
23308
23359
23718
24153
24334
24379
24576
24652
24822
24890
24896
24969
24975
25222
25299
25475
25581
25613
25908
26013
26384
26999
27013
27340
27545
28154
28191
28255
28613
28686
28797
28825
29103
29236
29405
29517
29524
29757
29827
30124
30183
30633
30780
30843
30992
31021
31072
31123
31262
31426
31616
31624
31789
32051
32126
32371
32449
32454
32654
32755
33084
33110
33111
33130
33475
33614
33666
33714
33737
33788
33818
33894
33932
34019
34532
34533
34575
34810
35232
35399
35605
36198
36318
36464
36593
36635
36827
37005
37197
37279
37440
37528
37612
37732
37919
37968
38179
38220
38356
38439
38555
38775
38844
38942
38946
38972
39105
39123
39310
39486
39671
39752
39869
39970
40002
40193
40357
40796
40845
40859
40883
41229
41652
42052
42293
42433
42435
42479
42921
42954
42994
43653
43938
43945
44082
44238
44247
44499
44881
45173
45253
45533
45692
45963
46009
46017
46430
46562
46723
46999
47107
47471
48193
48570
48678
49122
49140
49389
49410
49453
49808
50097
50110
50482
50789
50813
50928
51527
51789
52012
52346
52832
52879
52960
53347
53421
53816
53954
54067
54077
54102
54521
54760
54941
55067
55226
55275
55597
55727
55847
55991
56307
56820
56851
56975
57342
57631
57743
57881
58113
58157
58413
58550
58620
58669
58819
59033
59181
59412
59489
59602
59719
59921
60219
60321
60324
60361
61352
61499
61517
61527
61629
61730
61807
62073
62502
62527
62614
62668
62683
62823
62864
62934
62958
63161
63364
63397
63559
63601
63637
63664
63953
64080
64306
64514
64581
64652
65032
65044
65187
65197
65282
65812
65847
65919
66162
66502
66549
66797
66814
66975
67074
67121
67155
67452
67829
67896
68117
68477
68598
69093
69135
69524
69698
69772
69906
69940
69948
69952
70278
70474
70588
70644
70834
71107
71145
71196
71213
71532
71838
71889
72159
72266
72414
72444
72615
72668
72786
73174
73224
73881
73888
74345
74614
74909
74952
74991
75059
75312
75750
75787
75797
75832
75848
76060
76073
76321
76533
76770
76812
76834
76867
76947
77072
77186
77210
77318
77490
77952
78461
78642
78676
78914
78918
79487
79496
79526
79595
79638
79779
79889
80224
80538
80742
80862
81054
81087
81124
81247
81375
81396
81421
81598
81645
81937
81952
82143
82225
82345
82354
82390
83016
83097
83177
83274
83576
83601
83773
83776
84101
84136
84139
84285
84348
84759
84872
85009
85068
85157
85346
85491
85524
85576
85771
85836
85841
85868
85888
86179
86611
86674
86699
86748
86787
86895
87101
87347
87462
87805
87807
87827
87837
87863
87885
88192
88218
88315
88519
88711
88790
89640
89854
90047
90071
90882
91152
91594
91879
91905
92000
92055
92144
92187
92443
92751
92768
92834
93162
93322
93377
93524
93966
94115
95174
95770
95853
95966
96012
96254
96445
96549
96768
96865
97773
98196
98334
98650
98747
98827
99075
99198
99621
99727
100128
100231
100256
100542
100551
100589
101027
101215
101312
101518
101768
102153
102176
102264
102492
102534
102611
103055
103486
103632
103649
103678
104070
104586
104711
104752
104905
104993
105107
105486
105606
105783
105825
106009
106063
106126
106359
107052
107149
107164
107364
107373
107506
107511
107671
107712
107814
107850
108163
108359
108586
109184
109201
109782
109813
110312
110335
110517
110710
110725
110759
110903
110956
111185
111471
111473
111520
112009
112029
112517
112564
112887
113072
113092
113829
113947
114375
114470
114631
115016
115169
115303
115859
115866
115964
116065
116177
116418
116442
116444
116518
116550
117036
117044
117063
117219
117334
117410
117677
117881
118405
118728
118753
118921
119014
119046
119347
119364
119557
119578
119608
119782
119942
119961
120028
120242
120298
120359
120500
120570
120714
120979
121255
121589
121620
121676
121779
121892
121958
121964
122079
122119
122153
122160
122265
122371
122705
122830
122869
123085
123112
123196
123431
123704
124099
124152
124176
124223
124442
124575
124651
124669
124873
124986
125546
125620
125692
125995
126150
126155
126357
127036
127368
127389
127487
127563
128005
128331
128570
128834
129273
129487
129886
130205
130254
130940
131027
131082
131114
131265
131321
131782
132015
132101
132485
132589
132620
132665
132847
132850
133038
133246
133696
133752
133803
133820
134071
134286
134325
134378
134795
134964
135038
135128
135159
135187
135774
136208
136253
136454
136948
136992
136994
137119
137186
137402
137434
138070
138112
138267
138321
138411
138698
139011
139047
139183
140029
140248
140754
140839
140872
140874
141172
141303
141372
141560
141832
141835
141981
142042
142097
142362
142437
142520
142559
143122
143278
143322
143611
143631
143695
143904
143985
144044
144387
144737
144743
144801
144877
145269
145371
145762
145826
145962
146013
146366
146436
146531
146548
146643
146923
146960
147098
147619
147702
147846
147902
147941
148193
148254
148284
148336
148558
148684
148750
148897
148918
148967
149078
149175
149296
149339
149545
149854
149917
150073
150503
150660
150678
150738
150876
151522
151527
151570
151682
151684
151710
151822
151892
152034
152252
152361
153012
153681
153704
153819
154026
154148
154786
154811
154881
154923
155208
155343
155432
155777
155893
156050
156064
156104
156227
156406
156521
156606
156621
156768
156804
156830
156840
156877
156924
156993
157044
157342
157427
157681
157716
157727
158248
158500
158504
158515
158607
159038
159059
159237
159368
159427
159638
159704
159739
159875
159894
159973
160112
160145
160153
160249
160427
160978
161438
161559
161629
161688
161722
161730
161787
161925
162019
162036
162058
162207
162255
162353
162500
162536
162555
162641
163497
163633
163716
163787
164130
164302
164623
164899
165198
165495
165577
166065
166776
166828
166864
166898
167068
167101
167113
167229
167287
167459
167719
167733
168118
168125
168216
168272
168774
169024
169193
170260
170377
170540
170565
170644
170779
170923
171111
171168
171288
171582
171784
172053
172148
172160
172288
172319
172502
172530
172843
172852
173338
173443
173590
173649
173959
174013
174047
174201
174337
174513
174965
175280
175392
175448
175494
175543
175765
176011
176203
176400
176466
176894
177113
177204
177367
177398
177539
177834
177914
178101
178198
178358
178379
178419
178446
178630
178976
179129
179145
179166
179329
180065
180134
180547
180977
181084
181475
181561
181905
182167
182198
182308
182470
182841
182927
183130
183263
183272
183386
183499
183815
183818
183844
184054
184217
184256
184606
184759
185153
185164
185219
185235
185373
186037
186098
186115
186128
186299
186533
186775
187025
187304
187461
187901
188081
188417
188547
188794
188874
188952
189277
189395
190059
190153
190198
190265
190459
190595
190642
190652
190908
190926
190992
191090
191106
191216
191265
191742
191743
191898
191991
192003
192161
192385
192677
192772
192805
193057
193068
193152
193535
193648
193660
193674
194467
194975
195102
195510
195705
196074
196327
196378
196590
196684
196875
197360
197638
197822
197861
198115
198287
198378
198489
198874
198954
198972
199334
199375
199724
199730
199961
200032
200057
200126
200437
200728
201158
201160
201347
201449
201454
201501
201805
201900
202232
202317
202335
202815
202985
203090
203182
203413
203482
203663
203785
204072
204394
204451
204675
204833
205106
205204
205346
205552
205769
205839
205970
205984
206138
206144
206181
206261
206364
206535
206731
206849
206858
206893
206901
207029
207089
207104
207125
207214
207520
207560
207588
207933
208054
208241
208532
208974
208994
209346
209518
209525
209567
209719
209935
210056
210073
210392
210494
210628
210643
210657
210810
210815
210893
210984
211120
211166
211169
211222
211438
211766
212064
212345
212421
212513
212825
213175
213661
213813
214204
214405
214493
214569
214822
214866
215190
215207
215249
215443
215518
215546
215630
215794
216075
216396
216441
216732
216927
217146
217172
217250
217454
217530
217553
217763
218175
218326
218464
218547
218742
219414
219511
219869
219896
219902
220013
220372
220568
221041
221310
221550
221709
221715
221902
222028
222053
222115
222131
222282
222326
222330
222335
222421
222759
223193
223258
223447
223459
223982
224145
224155
224161
224188
224640
224649
224939
224940
225004
225362
225821
226475
226499
226729
226845
226980
227251
227323
227836
227888
227901
227972
228079
228145
228449
228546
228587
228589
228611
228612
228887
229448
229577
229723
229778
229816
230223
230398
230402
231117
231210
232080
232358
232485
232541
232735
232747
232753
232871
232990
233309
233382
233408
233521
233530
233906
234060
234728
235171
235369
235393
235574
235948
236009
236188
236349
236525
236545
236564
236825
237038
237119
237163
237199
237260
237342
237405
237466
237655
237713
237893
238108
238207
238713
238842
239197
239588
239614
239628
239651
239661
239708
239760
240559
240616
241057
241087
241090
241149
241158
241256
241503
241964
242086
242166
242295
242502
242522
242633
242815
242863
243284
243321
243586
243708
243993
244220
244257
244592
245274
245316
245418
245451
245636
245699
245716
245764
245809
246033
246150
246158
246223
246486
246516
246611
246958
247040
247051
247682
247710
247949
248192
248283
248561
248787
249038
249142
249772
249783
249805
249812
249841
249984
250244
250438
250506
250856
250875
250932
251103
251180
251242
251481
251517
252097
252427
252495
252621
252717
252747
253029
253190
253859
253932
253961
253964
254366
254384
254474
254947
254964
255149
255323
255507
255721
255756
255800
255899
255938
256004
256372
256892
256920
257236
257578
257812
257917
257944
258062
258219
258352
258514
258677
258691
258815
258819
258897
258912
259149
259189
259510
260083
260289
260489
261169
261247
262583
262764
262781
262839
263362
263535
263607
263665
264096
264225
264621
264646
264710
265045
265183
265612
265650
265922
266014
266022
266057
266152
266247
266353
266969
267261
267371
267376
267460
267483
267629
267755
267775
267928
267988
268240
268406
268842
268981
269080
269229
269529
269571
269594
269747
270206
270221
271047
271085
271122
271667
271872
271904
272167
272274
272607
272977
272999
273028
273055
273391
273530
273531
273587
273842
273862
274069
274274
274476
274559
274645
275198
275383
275403
275562
275593
275647
275935
275949
276434
276502
276597
276762
276766
277067
277315
277828
278579
278599
278711
279033
279207
279392
279761
280024
280355
280742
281065
281227
281548
281565
281674
281690
281816
282193
282417
282454
282498
282814
283315
283316
283402
283531
283611
283799
283948
284465
284522
284622
284682
284944
285203
285261
285389
285445
285591
285593
285679
285749
285782
285821
286025
286510
286565
286840
286873
286941
287006
287371
287385
287657
287779
287786
287851
287880
287893
287998
288613
288669
289251
289279
289371
289436
289452
289844
289847
290427
290542
290709
290764
290777
290806
290991
291053
291082
291373
291386
291431
291458
291911
291947
292186
292455
292579
292649
292686
292754
292883
293037
293050
293084
293182
293194
293247
293260
293559
293760
293784
294410
294479
294559
295055
295072
295219
295241
295349
295463
295816
295933
295951
295974
296061
296136
296407
296467
296703
296841
297099
297122
297140
297272
297574
297637
297712
297789
297855
297874
297914
298257
298383
298494
298527
298628
299107
299142
299227
299516
299697
299843
299938
300155
300166
300238
300401
300579
300612
300849
300967
301139
301334
301341
301506
302489
302581
302831
302965
303154
303564
304029
304392
304557
304685
304692
304707
305027
305186
305249
305423
305586
305715
305725
305909
305989
306114
306179
306285
306543
306662
306714
306883
306906
306928
306979
306998
307063
307121
307275
307308
307310
307421
307673
307804
307834
307924
307945
307975
308017
308062
308664
308750
309043
309433
309455
309718
309746
309763
309819
309933
310381
311027
311379
311458
311585
311640
311738
311773
311889
312226
312497
312658
312888
313002
313490
313507
313865
314190
314395
314441
314519
314710
314810
314834
314916
315442
315509
315891
315922
316057
316184
316388
316825
316848
317146
317151
317383
317395
317436
317511
317550
318372
318401
318639
318736
318786
318926
318976
319313
319500
319567
319635
319665
319694
319738
319762
319763
320088
320351
320478
320480
320538
320591
320653
320686
320693
320950
320967
320969
321161
321363
321370
322059
322104
322214
322331
322439
322617
322634
322645
322678
322728
322936
322987
323046
323082
323157
323226
323267
323413
323415
323858
323923
324017
324022
324152
324197
324416
324530
325104
325164
325342
325656
325676
325716
326213
326298
326676
327013
327148
327174
327179
327411
327481
327496
327995
328145
328228
328772
328835
328977
329047
329297
329404
329582
329700
329978
330069
330091
330285
330377
330525
331191
331263
331304
331464
331796
331845
332340
332543
333032
333187
334250
334349
334369
334399
334447
334551
334587
334595
334948
335075
335259
335305
335311
335373
335665
335764
335784
335927
336088
336491
336742
337000
337209
337450
337529
337594
338122
338362
338379
338529
338697
338829
338926
339088
339686
339699
339705
339766
339827
339991
340576
340579
340741
341528
341767
341842
341941
342023
342462
342662
342991
343040
343602
343635
343666
344125
344320
344437
344444
344458
344485
344625
344714
345022
345048
345172
345384
345650
345907
346099
346136
346246
346435
346694
346785
347380
347509
347511
347566
347588
347652
347933
348119
348445
348524
348694
348730
348964
349108
349122
349268
349482
349561
349931
349940
350033
350138
350214
350286
350917
351127
351627
351781
352137
352167
352494
352592
352682
352691
352692
352782
352845
352895
352899
353364
353394
353426
353452
353656
353772
354036
354362
354825
354998
355055
355095
355208
355359
355361
355472
355481
355508
355782
356170
356181
356580
356785
356877
356977
357346
357481
357582
357603
357968
358396
358417
358423
358478
358515
358774
358775
358788
358862
358907
359216
359374
359449
359575
359818
360129
360170
360661
360726
360767
360944
360996
361090
361337
361540
361633
362265
362293
362389
362390
362728
362824
362891
362955
362972
363174
363369
363565
363752
363808
363932
363952
364022
364037
364364
364433
364440
364534
364741
364922
365008
365238
365642
365941
366076
366158
366532
366967
367092
367399
367405
367681
367705
367955
368111
368344
368562
368677
368798
369242
369353
369534
369788
369928
369957
369992
370077
370221
371056
371059
371096
371143
371869
371965
372084
372525
372547
372573
372653
372928
373032
373350
373361
373404
373545
373575
373806
374098
374239
374433
374549
374572
374626
374866
374962
374969
375169
375384
375413
375615
375862
375997
376025
376028
376173
376198
376224
376364
376544
376566
376860
377053
377055
377063
377090
377519
377735
378461
378806
378809
378944
379310
379487
379677
379706
380126
380219
380538
380716
380919
381152
381155
381189
381240
381490
381505
381868
382023
382088
382187
382227
382372
382438
383208
383380
383456
383471
383857
384009
384033
384048
384126
384143
384186
384413
384609
384697
384723
384911
385242
385404
385528
385593
385626
385710
385739
385918
386073
386115
386173
386199
386379
386504
386529
386844
386930
387086
387701
387745
387866
387961
388107
388216
388300
388690
388768
388934
389561
389681
389929
390084
390270
390683
390696
390709
390725
390935
391228
391418
391679
391683
391703
392192
392304
392381
392544
392659
392710
392806
392981
393382
393600
393738
393827
393955
393965
394050
394424
394470
394708
394868
395036
395038
395111
395216
395310
395460
395876
395905
396066
396456
396745
396854
396982
397044
397155
397165
397405
397591
397661
397665
397789
397815
397881
398229
398898
398901
398946
399068
399100
399101
399143
399193
399343
399722
399962
400140
400282
400347
401039
401048
401272
401673
402402
402589
402761
402805
402889
402999
403013
403161
403169
403373
403889
404041
404054
405227
405458
405476
405596
405624
405936
406028
406089
406093
406147
406340
406655
406991
407198
407778
407816
407853
407866
408145
408774
408942
408987
409061
409496
409536
409570
409611
409706
409819
409835
409889
409910
410004
410489
410508
410653
410676
410784
411044
411195
411347
411400
411506
411598
411651
412071
412374
412427
412565
412639
412808
412966
413300
413565
413566
413685
413914
413974
414049
414654
414748
414774
414800
414810
415472
415529
416221
416356
416365
416836
417147
417161
417173
417365
418092
418298
418419
418451
418568
418676
418735
418861
418868
419274
419424
419554
419673
419943
420025
420512
420579
420645
420732
420831
420869
421546
421705
421725
421728
421760
422039
422089
422261
422278
422492
422572
422579
422877
422936
423482
423491
423517
424278
424404
424437
424449
424462
424730
424749
424803
424847
424984
425193
425665
425842
425898
425978
426093
426370
426432
426567
427038
427285
427546
427593
427706
427815
427857
428265
428732
428739
429034
429162
429424
429442
429560
429720
429770
429801
430066
430181
430299
430785
430865
430941
430966
431100
431133
431248
431429
431459
431533
431535
431592
431848
432005
432019
432156
432350
432555
432620
432681
432707
432930
432988
433055
433082
433263
433309
433652
433652
433670
433812
433978
434428
434682
434695
434722
435146
435335
435570
435614
435626
435752
435782
436096
436132
436311
436532
436575
436631
436642
437039
437524
437528
437788
437818
437943
438272
438771
438866
438931
438937
439079
439105
439262
439266
439386
439432
439919
439965
440146
440521
440705
440713
440826
441107
441143
441492
441671
441744
441845
441858
441922
442161
442680
442707
442891
442903
442963
443075
443103
443133
443765
443882
443893
444139
444155
444384
444391
444595
444784
444816
445155
445203
445208
445241
445390
445920
446030
446100
446270
446807
446899
447179
447193
447558
447565
447650
447922
447980
448042
448488
448519
448650
449076
449176
449198
449463
449892
449959
450086
450101
450248
450545
450635
450778
450925
451221
451430
451432
451705
451819
452188
452428
452578
453008
453072
453117
453412
453528
453719
453879
453943
454044
454087
454114
454136
454370
454376
454417
454511
454558
454663
454994
455179
455354
455375
455619
456158
456258
456277
456962
457181
457777
457815
458032
458055
458090
458232
458267
458339
458372
458589
458798
458867
459059
459059
459569
459638
459781
459838
459990
460186
460224
460583
460617
460619
460687
461233
461256
461306
461393
461394
461736
461829
461880
461952
461964
461982
462076
462089
462455
462540
462830
463072
463111
463167
463371
463381
463383
463477
463526
463626
463661
464022
464477
464829
464961
465446
465500
465585
465622
466063
466246
466549
466629
466797
466943
466981
467536
467540
468287
468537
468568
469375
469408
469487
469540
469943
470069
470117
470267
470278
470298
470387
470441
470642
470671
471116
471164
471227
471512
471850
472011
472123
472523
472544
472828
473116
473182
473249
473339
473435
473551
473713
473718
473932
473946
474531
474555
474769
475111
475268
475446
475618
475849
476061
476189
476271
476791
477083
477139
477162
477436
477574
477587
477616
477628
477741
478000
478112
478243
478463
478598
478669
478942
479028
479340
479415
479785
479862
479892
479915
479935
480106
480257
480370
480540
480610
480621
480628
480805
480875
481753
481772
481790
482016
482047
482238
482373
482378
482459
482580
482748
482860
482902
483295
483632
483636
483712
484022
484031
484171
484389
484488
484806
484946
485208
485293
485633
485716
485843
485921
485952
486140
486308
486365
486462
486751
486953
487040
487235
487278
487392
487417
488020
488285
488693
488746
488907
489002
489518
489526
489564
489727
490162
490772
491005
491047
491567
491610
491862
491918
491941
491946
492016
492131
492511
492668
492791
492971
492980
493375
494041
494066
494306
494891
495074
495101
495311
495391
495537
495620
495689
496435
496794
496936
497002
497084
497463
497528
498175
498323
498332
498349
498565
498643
498829
498915
499092
499389
499776
499844
499936
500422
500456
500519
500563
500583
501027
501048
501053
501141
501473
501560
501724
501857
501865
502211
502234
502600
503163
503351
503438
503762
503771
504090
504146
504267
504407
504491
504750
504759
504934
504976
505029
505225
505485
505548
505656
505862
506138
506220
506280
506357
506414
506514
506586
506765
508154
508189
508502
508648
508965
509099
509391
509839
509842
510215
510418
510427
510429
510580
510675
511379
511398
511747
511861
511882
511918
512248
512306
512526
512675
512785
512877
512900
513361
513573
513835
513920
514253
514490
514519
514520
514526
514589
515047
515157
515714
515720
515799
515897
515934
516008
516142
516236
516269
516371
516569
516651
516716
516845
517091
517101
517178
517572
517870
517964
518038
518365
518552
519382
519433
519582
519693
520030
520243
520247
520568
520670
520987
521151
521316
521449
521754
521801
522029
522093
522231
522280
522363
522428
522482
522511
522610
522848
523256
523307
523436
523587
524155
524166
524267
524358
524739
525459
525655
525804
525855
525984
526049
526417
526694
526709
526719
527024
527233
527584
527696
527842
529001
529022
529031
529255
529349
529473
529700
529775
529950
530135
530179
530270
530286
530367
530496
530531
530728
531054
531353
531455
531506
531511
531549
531805
531830
532046
532253
532450
532477
532647
532933
532989
533242
533266
533315
533362
533398
533631
533634
533697
533751
533772
534302
534428
534463
534583
534700
534860
535170
535221
536458
536547
536955
537265
537389
537615
537659
537909
538032
538222
538234
538577
538710
538845
538878
538901
539234
539438
539720
539890
540094
540112
540153
540278
540304
540593
540638
540721
540827
541096
541447
541568
541637
541950
542293
542327
542508
542789
542885
542921
543604
543698
543995
544044
544098
544207
544282
544460
544512
544776
544987
545267
545316
545336
545699
545705
545726
545794
546308
546335
546392
546441
547391
547460
547869
548139
548157
548224
548355
548387
549039
549123
549486
549715
549754
549804
549981
550043
550058
550813
550929
551112
551185
551454
551583
551729
551743
552145
552226
552291
552516
552870
553088
553177
553179
553271
553325
553379
553381
553528
553747
554011
554297
554388
554610
554612
555200
555866
555930
555959
556109
556169
556268
556368
556403
556670
557271
557377
557462
557757
557793
558453
558511
558659
558809
559036
559041
559268
559340
559563
559813
559913
560050
560189
560346
560356
560762
561000
561160
561560
561608
561670
561685
561916
562561
562824
563101
563230
563486
563495
563767
563825
563931
564250
564434
564483
564512
564611
564648
564770
565076
565104
565276
565400
565422
565905
566160
566193
566243
566384
566455
566563
566767
566788
566814
567012
567314
567486
567527
567595
567612
567653
568180
568253
568643
569490
569769
569827
569910
569939
570010
570326
570530
570545
570690
570743
570885
571109
571148
571256
571311
571392
571605
571718
571878
572009
572208
572409
572507
572682
572699
572725
573316
573379
573442
573552
573764
574242
574331
574392
574551
574554
574622
574993
575787
576169
576310
576326
576361
576382
576473
576540
576629
577026
577421
577483
577779
577839
577971
578043
578513
578671
578829
578885
579275
579353
579579
579706
580273
580402
580580
580634
580832
580892
580997
581193
581337
581466
581580
581722
581860
582227
582431
582442
582713
582752
582875
582915
583053
583288
583345
583432
583522
583572
583578
583579
583607
583856
583937
583980
584056
584175
584232
584243
584313
584490
584668
584897
584969
585169
585671
586061
586079
586098
586318
587347
587357
587454
587652
587714
587930
587951
588091
588181
588423
588536
588771
589061
589163
589259
589304
589433
589559
589734
589911
589997
590149
590275
590299
590309
590472
590835
591032
591058
591155
591281
591415
591523
591592
591706
591726
591897
592156
592249
592315
592345
592347
592565
592593
592753
592765
592825
593013
593248
593480
593491
593597
593710
593851
594155
594346
594486
594997
595081
595312
595535
595571
595627
595702
595750
595799
596142
596593
596913
597173
597270
597618
597710
597803
598139
598153
598250
598392
598516
598525
598539
598554
598609
598734
598823
599022
599144
599239
599380
599441
599493
599616
599779
600103
600978
601137
601146
601218
601360
601434
601441
601477
601554
601692
602223
602456
602460
602885
603353
603590
603669
603768
604063
604080
604207
604380
604435
604472
604552
604563
604664
604677
604854
605105
605355
605546
605636
605788
606587
606589
606727
606756
607147
607232
607339
607473
607524
607610
607679
607690
607724
607805
607831
607884
607930
608093
608699
608944
609005
609294
609533
609648
609789
610092
610220
610300
610318
610431
610491
610566
610694
610826
610944
611027
611181
611399
611407
611675
611870
611875
612501
612521
612770
612816
612961
613400
613534
613685
613784
613848
614036
614556
614769
614824
614847
615056
615062
615231
615444
615658
616105
616113
616247
616376
616444
616812
616979
617378
617641
617777
617960
618433
618482
618619
618662
618852
618930
619384
619755
619841
620232
620372
620446
620446
620490
620874
621084
621162
621577
621995
622222
622287
622305
622547
622729
622747
623046
623237
623298
623456
623509
623550
623687
624194
624267
624530
624917
625059
625332
625567
625693
626305
626318
626331
626506
626813
626865
626927
627139
627142
627193
627292
627386
627406
627426
627527
627866
627995
628092
628096
628185
628261
628530
628624
628656
628718
629281
629370
629419
629561
629848
629879
630025
630108
630321
630579
630727
630751
630964
631292
631511
632151
632359
632463
632468
632644
632722
632889
632984
633361
633467
633482
633647
633659
633894
634006
634079
634090
634120
634184
634186
634445
634754
634772
634963
635028
635062
635332
635366
635537
635813
635965
636025
636253
636271
636285
636373
636398
637124
637210
637546
637596
637879
637961
637969
638064
638226
638272
638287
638319
638384
638587
639031
639202
639319
639948
640004
640099
640349
640413
640449
640980
641124
641260
641529
641543
641780
642021
642154
642419
642492
642790
643036
643057
643128
643131
643185
643284
643403
643720
644213
644508
644611
644660
644702
644951
645387
645426
645529
645906
645928
646767
647361
647503
648117
648169
648210
648338
648351
648399
648535
648778
649040
649150
649195
649234
649331
649459
649488
649518
649829
649845
649991
650184
650200
650462
650611
650679
650719
651106
651213
651817
651860
651983
652515
652524
652529
652607
652629
652707
652856
652882
653308
653426
653551
653553
653566
653653
653784
653802
653812
653853
654020
654171
654426
654448
654545
654838
655018
655245
655436
655695
655739
655758
655962
656078
656265
656402
656469
656918
657061
657090
657103
657106
657217
657269
657501
657613
657936
658048
658121
658139
658265
658581
658661
658929
659031
659209
659413
659511
660043
660232
660300
660418
660445
660584
660720
660843
660858
661285
661578
661620
661652
661745
662120
662355
662434
662761
662947
663001
663209
663416
663428
663455
663803
664168
664545
664570
664801
664835
665040
665088
665252
665332
665369
665509
665515
665608
665674
665764
665995
666329
666584
666703
666710
667276
667511
667599
667678
667726
667797
667958
668063
668212
668485
668777
668918
669127
669311
669460
669671
669731
669882
670316
670354
670378
670478
670753
671537
671581
671628
671710
671717
671765
671850
672071
672084
672275
672394
672615
672705
672811
672833
672835
672926
672974
673041
673795
673812
674515
674563
674583
674758
674942
674960
676315
676388
676409
676602
676845
676899
676913
676928
677192
677988
678220
678892
679030
679450
679673
679791
679924
680058
680061
680067
680287
680655
680800
681410
681560
681701
681815
681854
682168
682197
682373
682453
682475
682595
682669
682695
682712
682734
682806
682916
683124
683363
683514
683817
683826
683899
684031
684275
684634
684762
685254
685276
685945
686088
686128
686229
686241
686415
686537
686645
686926
687245
687288
687485
687607
687874
687895
687975
688021
688353
688360
688432
688609
688711
688732
688927
689019
689045
689112
689170
689195
689515
689685
690356
690487
690598
691086
691379
691956
692075
692109
692199
692429
692468
692737
692829
692903
693232
693484
694067
694127
694466
694589
694619
694684
694710
694762
694978
695134
695191
695212
695412
695721
696057
696241
696279
696545
696762
697304
697533
697536
697765
698028
698049
698246
698424
698436
698704
698834
698965
699078
699294
699370
699409
699606
700046
700465
700480
700509
700518
700607
701194
701431
701730
701753
701993
702530
702819
702931
703044
703137
703333
703373
703867
704027
704087
704251
704571
704943
705258
705282
705397
705438
705825
705993
706679
706697
706897
707521
707841
708421
708500
708622
708707
709117
709250
709370
709497
709527
709827
709856
710273
710390
710594
710751
710914
710955
711023
711114
711229
711445
711459
711477
711896
712079
712287
712343
712564
712839
712857
713332
713628
713665
713708
713769
714258
714793
714909
714913
715081
715229
715266
715425
715815
716133
716401
716410
716617
716826
717053
717133
717199
717208
717255
717295
717369
717574
717691
717728
717884
718037
718152
718293
718898
719138
719219
719374
719718
719958
720008
720398
720446
720558
720872
721003
721125
721140
721207
721254
721515
721521
721589
721648
721781
721886
721933
721989
722152
722230
722331
722344
722412
722569
722927
723141
723183
723189
723350
723418
723460
723466
723468
723583
723732
723901
723960
724078
724201
724247
724290
724335
724483
724675
724721
724828
724863
725258
725560
725671
725714
726093
726170
726177
726492
726669
726785
727291
727319
727328
727469
727565
727634
727865
727958
728127
728171
728255
728257
729137
729256
729867
730201
730482
730539
730650
730684
730717
730969
731177
731280
731523
731536
731717
731720
731964
732042
732504
732619
732705
732752
732763
732923
733085
733459
733538
733787
733899
733910
734009
734108
734404
734425
734577
734677
735005
735238
735260
735396
735526
735786
736188
736231
736706
736835
736852
737023
737023
737552
737698
737823
737935
738205
738302
738305
738317
738337
738500
738514
738517
738775
738945
739303
739323
739383
739431
739433
739694
739893
739960
740272
740316
740816
740835
740848
740983
741015
741309
741319
741577
741593
741607
741834
741874
741934
741968
742841
742893
742942
743229
743653
743718
743827
743869
744144
744266
744474
744499
745478
745654
745767
745810
745979
745988
746000
746127
746353
746415
746692
746752
747031
747259
747301
747311
747624
747772
747823
748021
748145
748446
748710
748745
748750
748908
748988
749050
749065
749213
749215
749672
750072
750351
750691
750737
750806
750938
750978
751242
751325
751368
751476
751486
751653
751669
751729
751868
752336
752355
752551
752690
752827
752891
753078
753137
753771
753801
753822
753858
754109
754388
754562
754602
755241
755247
755251
755257
755315
756018
756026
756282
756505
756988
757222
757264
757697
758113
758138
758751
758804
759434
759439
759655
760354
760686
760756
760803
761133
761231
761716
761772
761885
761985
762139
762162
762187
762224
762557
762813
762869
762975
763026
763160
763200
764018
764062
764752
764849
764851
764895
764959
765026
765084
765154
765207
765318
765339
765471
765630
766098
766154
766295
766296
766811
766989
767033
767232
767813
767858
768129
768185
768392
768514
768685
768755
768818
768861
769022
769067
769102
769236
769315
769352
769655
769680
769788
769809
769877
769881
769966
770026
770308
770604
770782
770852
770920
770924
771000
771220
771663
772120
772544
772615
772723
772951
772969
773084
773145
773280
773618
773716
773722
773988
774020
774176
774206
774337
774466
774553
774836
775006
775075
775436
775532
775586
775674
775692
775802
775808
775967
776092
776303
776400
776478
776750
776827
776924
777258
777394
777538
777665
777942
778029
778084
778107
778312
778437
778437
778634
779072
779181
779422
779537
779743
779815
780009
780409
780483
780550
780608
780770
780884
780892
780998
781116
781154
781345
781658
781724
781769
781776
781792
781985
782080
782114
782167
782185
782299
782303
782483
782495
782747
782858
782954
783048
783208
783221
783314
783405
783478
783497
783922
783995
784076
784247
784338
784499
784651
784684
785000
785091
785363
785442
785710
785842
785870
786274
786328
786338
786375
786594
787016
787067
787478
787516
788023
788418
788676
788715
788767
788941
788953
789010
789042
789093
789352
789469
789653
789759
790028
790110
790435
790610
790763
790871
790872
790951
791232
791246
791248
791281
791403
791443
791640
791900
792211
792240
792563
792568
792608
793146
793269
793353
793652
793834
794249
794408
794541
794664
794959
795112
795174
795216
795343
795381
795966
796008
796147
796296
796331
796490
796556
796760
797026
797027
797320
797550
797637
798004
798335
798408
798886
799002
799230
799342
799541
799775
800083
800409
800662
800747
800787
801008
801165
801205
801256
801263
801502
801635
801773
801897
802034
802092
802151
802646
802703
803642
803769
803806
803943
804458
804488
804620
804982
805222
805246
805342
805609
805966
806084
806090
806645
806653
807007
807065
807227
807318
807362
807363
807448
807735
808018
808217
808276
808723
808736
809061
809105
809182
809206
809341
809432
810017
810060
810124
810175
810175
810467
810539
810858
811093
811212
811368
811375
811475
811727
812005
812104
812204
812281
812303
812460
812482
812547
812588
812853
813102
813406
813588
813753
813950
814357
814768
815021
815083
815213
815213
815304
815419
815471
815592
815854
816040
816063
816184
816184
816298
817286
817431
817506
817665
817817
817956
818040
818051
818119
818286
818477
818500
818505
818541
818682
819268
819598
819732
819819
820083
820085
820577
820885
820996
821009
821064
821071
821151
821236
821625
821846
821928
821944
822110
822154
822188
822555
822600
823069
823219
823318
823719
823897
824020
824082
824100
824152
824186
824339
824394
824415
825206
825491
825502
825744
825793
826285
826778
826882
827009
827045
827099
827208
827320
827717
827749
827780
828141
828601
828687
828755
828836
829057
829292
829314
829417
829423
829720
829730
829763
829850
830176
830458
830824
831051
831053
831250
831279
831731
831751
831783
831813
832099
832264
833050
833128
833302
833452
833454
833682
833876
834398
834616
834684
834867
835225
835403
835407
835605
835832
835982
836061
836140
836203
836205
836875
836919
837024
837460
837542
838189
838199
838310
838352
838419
838546
838561
838706
838719
839555
839651
839916
840010
840148
840731
840832
840939
840963
841405
841594
841733
841891
841946
842048
842128
842135
842194
842235
842763
842846
843240
843477
843521
843641
843800
843838
844356
844664
844675
844927
845240
845558
845684
845732
846197
846227
846254
846497
846567
846659
846737
846815
846910
847161
847254
847255
847291
847319
847510
847537
847556
847638
847680
847686
848400
848445
848458
848484
848614
848621
849102
849173
849244
849268
849616
849901
849949
850092
850184
850261
850581
850743
851617
851729
851760
851852
852513
852938
853119
853615
853811
853942
854627
854683
854725
855388
855502
855513
855563
855612
855744
855778
855823
856124
856549
856550
856597
856821
857026
857033
857163
857196
857290
857355
857376
857829
858099
858211
858307
858312
858353
859032
859098
859114
859122
859280
859521
859903
860115
860395
860638
860779
860992
861161
861164
861205
861405
861489
861506
861722
862279
862411
862656
862756
863147
863250
863269
863610
863703
864431
865026
865125
865301
865449
865621
865653
865740
865740
865784
865789
865796
866264
866348
866372
866815
867035
867085
867312
867471
867518
867539
867749
868143
868571
868587
868608
868689
868706
868942
869224
869450
869554
870129
870217
870270
870548
870559
870807
870939
870984
870997
871126
871221
871252
871463
871832
871836
872745
872850
872863
872886
873197
873341
873469
873568
873654
873676
873883
874009
874111
874347
874422
874592
874751
875058
875153
875448
875809
875892
876210
876433
876485
876589
876649
876654
876918
877657
877922
877926
877943
878055
878295
878297
878307
878346
878510
878686
879045
879060
879241
879297
879367
879377
879379
879398
879508
879609
879738
880341
880399
880476
880486
880890
880945
881156
881333
881779
881829
881883
882000
882085
882210
882685
882748
882995
883016
883451
883662
883769
883775
883877
883888
884474
884632
884680
884797
884987
885052
885411
885538
885571
886040
886082
886161
886208
886732
886844
887148
887315
887477
887663
887898
888509
888772
889109
889118
889307
889337
889535
889558
889664
889830
890026
890146
890219
890438
890647
890851
890953
891353
891407
891457
891485
891534
892357
892657
892791
892870
893378
893570
893651
893767
893845
894247
894383
894688
894822
894883
894940
894967
895040
895205
895285
895328
895400
895469
895538
896017
896081
896125
896213
896244
896308
896358
896819
897005
897035
897094
897264
897274
897305
897397
897945
898029
898088
898562
898565
899012
899565
899638
900324
900371
900549
900615
900700
900864
900931
901054
901090
901281
901468
901546
901687
901734
901756
901927
901939
902090
902150
902307
902437
902594
902662
902739
902853
903256
903320
903424
903644
903737
903814
904121
904231
904318
904394
904583
904985
905246
905301
905314
905343
906266
906485
906530
906758
906809
906901
907204
907649
907816
907835
908537
908754
908781
908806
908861
908946
909006
909101
909227
909323
909515
909527
909610
909627
909869
909897
910028
910131
910265
910794
911047
911489
911697
912441
912667
912771
913070
913150
913215
913455
913653
913814
913871
914182
914619
915167
915419
915847
915935
916055
916154
916392
916746
916795
917022
917024
917026
917469
917508
917676
917975
918053
918064
918238
918350
918553
918798
918884
918922
919042
919218
919288
919517
919649
919707
919780
919797
919797
919841
920027
920040
920072
920340
920358
920388
920468
920510
920523
920601
920658
920718
920977
920990
921116
921193
921346
921853
922047
922229
922336
922489
922534
922643
923220
923404
923602
923838
923880
924037
924046
924171
924202
924287
924328
924464
924669
924811
924873
925048
925207
925606
925649
925712
925873
925900
926191
926257
926382
926411
926644
926759
926785
926947
927232
927304
927398
927926
928025
928205
929304
929428
929665
929875
929902
929962
930061
930245
930377
930380
930500
930515
930757
930996
931096
931210
931394
931416
931687
931808
931889
932222
932497
932553
932710
932754
932762
932868
933062
933121
933239
933259
933351
933407
933517
934037
934403
934433
934493
934678
934711
934734
934953
935450
935765
936195
936321
936603
936861
937112
937169
937322
937585
937722
937809
937822
937946
938055
938128
938166
938292
938459
938506
938734
938806
938939
939036
939146
939161
939320
939474
939628
939741
939788
939872
939885
939925
940054
940151
940260
940281
940296
940600
940608
940821
940833
940869
941124
941143
941171
941471
941494
941550
941568
941596
941863
941929
941979
942679
942948
943112
943434
943663
943789
944031
944108
944121
944141
944167
944206
944217
944257
944286
944448
944533
944543
944625
944675
944732
945002
945279
945558
945579
945590
945777
945927
946017
946030
946124
946274
946383
946415
946435
946692
947114
947148
947412
947878
947946
948265
948336
948508
948576
948592
948995
949091
949110
949315
949407
949423
949845
949934
950120
950955
951061
951227
951303
951329
951336
951657
951919
952308
952335
952457
952486
952496
952787
952892
952974
953619
953822
953982
954021
954141
954185
954226
954327
954481
954862
954950
955004
955069
955083
955168
955271
955451
955473
955489
956021
956291
956521
956579
956839
956915
957248
957424
957534
957871
958166
958688
958715
958869
959063
959107
959486
959545
959670
959895
959939
959952
960226
960340
960437
960451
960496
960785
960850
961064
961143
961175
961354
961416
961657
962217
962229
962359
962374
962387
962608
962745
962822
962984
963014
963177
963295
963448
963455
963525
963682
963924
963996
964074
964117
964376
964408
964612
964670
964888
965073
965130
965298
965361
965374
965412
965428
965588
965719
966059
966068
966143
966183
966236
966323
966372
966395
966985
967071
967273
967359
967412
967468
967715
968137
968212
968456
968506
968753
968993
969195
969617
969681
969937
970070
970658
970871
971430
971578
971663
971715
972124
972406
972704
972734
972807
972886
973237
973257
973323
973384
973525
973663
974076
974165
974240
974355
974533
974933
975205
975364
975486
975529
975674
975881
976275
976325
976500
976538
976587
976648
976648
977210
977679
977800
977830
978028
978720
978907
979166
979307
979765
979873
979884
980052
980097
980501
980826
980931
981010
981029
981277
981448
981499
981597
981940
982364
982755
982873
983195
983246
983320
983495
983779
983855
983882
983910
983966
984247
984493
984651
984859
985427
985465
985897
986227
986592
986911
987117
987391
987559
987685
987861
987968
988686
988852
989092
989158
989626
989650
989751
989997
990247
990347
990351
990488
990505
990662
990719
990962
990962
991276
991318
991789
991812
991983
992003
992180
992328
992360
992363
992785
992854
992856
992908
993095
993142
993173
993492
993496
993727
993742
993887
993905
994276
994436
994446
994468
994592
994615
994659
994709
994730
995284
995404
995434
995475
995512
995691
996323
996659
996721
996916
996947
997079
997142
997203
997295
997484
997806
997893
997940
998268
998306
998310
998594
998599
998907
998977
999057
999158
999168
999573
999676
