5
183
600
614
795
1126
1180
1320
1653
1776
1809
1899
1928
1957
2087
2091
2141
2286
2409
2448
2606
2730
2803
2812
2876
2962
3177
3291
3381
3432
3544
3603
3769
4305
4533
4698
5044
5061
5089
5100
5175
5198
5200
5375
5419
5466
5622
5862
5925
5936
5947
6004
6052
6190
6416
6497
7097
7133
7272
7360
7845
8168
8321
8355
8412
8476
8553
8639
8644
8795
8925
8979
9349
9385
9552
9631
9770
9941
9968
10017
10441
10499
10664
10692
10735
10801
11049
11420
11449
11780
12177
12217
12217
12308
12624
12644
12700
12741
13160
13189
13380
13523
13614
13627
13976
14029
14134
14208
14291
14651
14745
14804
15040
15081
15245
15264
15298
15715
15825
15883
16072
16321
16606
16607
17219
17520
17824
18247
18301
18531
18704
18705
18732
19210
19304
19379
19680
19722
19816
19873
20060
20345
20428
20647
20798
21326
21697
21736
21843
21902
22054
22138
22259
22411
22492
22505
22674
22752
22759
22827
23027
23041
23075
23522
24170
24313
24430
24529
24645
24743
24912
24927
25549
25593
25810
25957
26093
26240
26248
26262
26303
26401
26481
26825
27029
27117
27202
27456
27697
27780
28153
28196
28331
28400
28466
28534
28912
29242
29247
29891
30032
30051
30120
30134
30225
30364
30619
30655
30791
30926
31001
31069
31076
31421
31430
31433
31518
31571
31672
31825
32166
32394
32495
32653
32710
32759
32833
33243
33399
33633
33811
34409
34419
34753
34775
34778
35834
35990
36044
36853
36929
37113
37335
37342
37427
37498
37501
37522
37560
37583
37617
37710
37954
38018
38166
38204
38293
38335
38365
38456
38573
38749
38837
38898
39114
39156
39189
39217
39323
39349
39767
39968
40252
40256
40417
40491
40596
40821
40836
40899
40904
40932
41111
41248
41552
41760
41791
41942
42075
42595
42788
42871
43364
43523
43557
43887
44018
44071
44074
44151
44486
44583
44623
44705
44969
45348
45426
45660
45745
45894
46172
46227
46295
46416
46490
46912
47280
47312
47635
47763
47853
48243
48338
48621
48651
48776
48809
48856
48869
49167
49417
49518
49753
49901
49952
49992
50183
50234
50668
50862
51006
51038
51192
51199
51294
51368
51449
51878
52255
52585
52740
52762
52775
52786
52862
52863
52876
52970
53218
53507
53643
53711
53736
53913
54046
54085
54328
54364
54669
54774
54782
55019
55140
55170
55259
55336
55594
55646
55791
56029
56218
56323
56340
56505
56532
56587
56615
57087
57442
57444
57560
57569
57655
57750
57774
57831
57893
58052
58941
59208
59264
59510
59531
59536
59586
59674
59840
59852
59961
60006
60050
60391
60594
60632
60669
60782
60853
60875
60890
60987
60990
61048
61078
61215
61409
61978
62010
62133
62748
62786
62892
63262
63744
63834
63850
63899
64124
64318
64337
65037
65214
65263
65422
65433
65610
65868
65927
66008
66322
66408
66527
66532
66673
66880
66915
66953
67056
67230
67414
67439
67643
67747
67994
68250
68348
68376
68801
68828
68923
69022
69246
69250
69256
69350
69428
69483
69548
69600
69703
69938
70516
70808
70813
70818
70877
70883
71051
71129
71147
71223
71403
71438
71482
71700
71744
72034
72179
72338
72926
73090
73405
73423
73822
74181
74220
74263
74352
74569
74601
74610
74667
74802
74918
75004
75046
75139
75353
75466
75871
75935
76290
76433
76555
76595
76720
77156
77244
77353
77589
77606
77611
77673
77707
77759
77925
77948
78012
78096
78137
78175
78220
78266
78433
78494
78576
78755
78815
78912
78970
79053
79127
79506
79517
79517
79668
79837
79881
79985
80146
80261
80261
80547
80741
80785
80796
80835
80876
80972
81020
81325
81489
81784
81923
81927
81948
82009
82051
82058
82087
82316
82321
82355
82521
82701
82733
82908
83018
83174
83233
83788
83826
83848
83930
83941
84141
84293
84432
84586
84864
85188
85192
85735
86163
86272
86371
86425
86425
86583
86632
86727
86744
86850
86952
87258
87358
87578
87821
87920
87947
88015
88136
88371
88432
88516
88658
88820
88870
89085
89174
89181
89256
89343
89673
89779
89791
89831
89957
90064
90170
90175
90389
90833
90843
91479
91866
91884
91887
91993
92178
92276
92306
92560
92949
93001
93099
93756
93916
93943
94063
94126
94345
94412
94516
94670
94674
94806
94999
95161
95264
95275
95287
95479
95527
95528
95607
96069
96191
96308
96391
96411
96947
97291
97319
97368
97378
97435
97591
97616
97930
98015
98215
98313
98349
98500
98635
98672
98754
98926
98943
98993
99126
99471
99581
99608
100031
100383
100387
100570
100862
100907
101133
101156
101212
101250
101335
101490
101561
101655
101700
101714
101755
101798
101864
101918
102076
102252
102308
102437
102464
102546
102547
102839
103033
103204
103283
103313
103519
103628
103949
104165
104237
104249
104258
104354
104367
104427
104975
105186
105237
105485
105555
105810
105955
106089
106698
106978
107363
107902
107932
108002
108005
108029
108516
108785
109312
109350
109551
110132
110250
110324
110408
110480
110657
110672
110806
110963
111204
111219
111247
111300
111881
111890
112135
112141
112567
112640
112642
112813
113026
113659
113715
114006
114103
114176
114348
114426
114496
114528
114777
114883
115697
115709
115728
116034
116225
116463
116510
116713
116765
116812
116873
117275
117551
117669
117837
118078
118119
118305
118332
118348
118445
118590
118730
118842
118855
118901
118902
118931
119193
119205
119266
119399
119843
119885
119909
119968
120003
120279
120295
120326
120707
120715
121041
121139
121218
121486
121749
121882
121933
121979
122006
122191
122259
122576
122859
122925
123149
123311
123616
123684
124676
124914
124977
125189
125263
125374
125632
125657
125795
125929
125983
126064
126075
126124
126167
126194
126308
126941
127073
127319
127377
127912
127921
128013
128125
128315
128482
128493
128675
128963
129303
129460
129692
129702
129704
129984
130348
130466
130477
131008
131008
131583
131858
131860
131880
131901
131929
131978
132150
132805
132838
133080
133108
133209
133606
133688
133938
133947
134305
134412
134414
134539
134558
134591
134646
134662
134697
134702
134798
134885
134889
135112
135213
135370
135475
135501
135571
135581
135624
135668
135771
135772
136001
136868
137083
137093
137094
137274
137287
137387
137478
137503
137673
137691
137765
138398
138471
138745
138748
138761
138870
138936
138976
139082
139115
139229
139241
139356
139376
139474
139577
139678
139910
139976
140065
140212
140765
140799
141082
141093
141139
141237
141537
141703
141742
141851
142075
142123
142296
142447
142471
142591
142703
142872
142995
143040
143065
143146
143185
143234
143831
144040
144561
144818
145144
145351
145396
145404
145834
146177
146265
146271
146509
146663
146885
146951
146963
147285
147610
147657
147726
147753
147785
147805
148021
148022
148029
148106
148320
148333
148346
148381
149077
149215
149549
149613
149633
149645
149890
150058
150268
150345
150496
150546
150664
150674
150769
150953
151002
151121
151261
151891
152038
152105
152252
152316
152811
153104
153122
153167
153331
153525
153532
153619
154083
154616
154691
154939
155070
155247
155336
155368
155372
155462
155673
155766
156058
156134
156137
156138
156188
156218
156271
156525
156902
156946
157044
157050
157116
157193
157250
157409
157438
157512
157641
157686
158004
158004
158175
158355
158366
158569
158615
158619
158829
158963
159499
159749
159890
159938
160151
160269
160287
160289
160344
160348
160448
160684
160694
160758
160924
160940
161051
161103
161251
161261
161297
161445
161565
161700
161766
161848
161869
161981
162138
162222
162284
162406
162587
162741
162838
163052
163258
163391
163492
163554
163711
163803
163822
164053
164063
164219
164331
164471
164631
164713
165141
165223
165324
165372
165433
165494
165662
166017
166025
166043
166121
166160
166218
166391
166468
166626
166904
166953
167202
167253
167447
167685
167783
168045
168199
168343
168348
168357
168435
168445
168451
168713
169000
169150
169368
169392
169392
169511
169536
169627
169747
169770
170095
170291
170648
170667
170673
170869
170995
171072
171153
171404
171483
172040
172096
172113
172197
172235
172306
172388
172636
172723
172781
172851
172858
172895
172952
173010
173221
173298
173443
173616
173621
173733
173926
174459
174802
174847
174850
174887
174959
175063
175763
176457
176690
176724
176841
176864
176957
177044
177206
177263
177293
177309
177464
177574
177625
177641
177643
177719
177858
178028
178593
178721
178827
178849
179253
179299
179828
179994
180008
180185
180295
180664
180716
180740
180910
181045
181052
181204
181328
181585
181746
181779
182126
182200
182526
182716
183328
183395
183598
183694
183975
183990
184309
184345
184561
184629
184774
184797
184884
184924
184927
185050
185135
185141
185233
185511
185603
185760
185850
185868
186231
186294
186394
186619
186704
186815
186925
187275
187740
188168
188777
188782
188840
189192
189430
189849
189943
190024
190648
190708
190899
191077
191437
191490
191797
191850
191895
192147
192255
192692
192697
193083
193283
193439
193534
193717
194002
194173
194491
194543
194598
194787
194924
195043
195128
195710
195965
196125
196246
196308
196591
196869
196903
196913
196913
196998
197390
197557
197618
198401
198430
198649
198818
198834
198913
199064
199254
199344
199366
199374
199454
199647
199679
199908
199919
200112
200378
200413
200471
200538
200540
200590
200728
200748
200785
200870
200919
200992
201068
201157
201349
201894
201916
202042
202218
202373
202460
202502
202529
202562
202666
202837
203045
203078
203363
203493
203525
203527
203832
204001
204232
204457
204784
204878
205137
205150
205441
205478
205665
205741
205943
206036
206047
206102
206458
206537
206665
206709
206730
207154
207180
207283
207560
207645
207818
207879
208044
208395
208723
208902
209030
209050
209096
209358
209379
209572
209735
209913
209992
210018
210049
210057
210093
210146
210167
210250
210298
210318
210529
210905
211072
211073
211349
211454
211640
211649
211700
212061
212098
212099
212157
212180
212248
212395
212519
212911
212947
213013
213234
213358
213430
213457
213541
213734
213748
213932
214072
214264
214284
214422
214515
214525
214742
214799
214928
214941
215327
215424
215719
215854
215878
215931
215948
216008
216073
216425
216735
216749
216821
216842
216881
217047
217175
217217
217276
217324
217325
217399
217435
217914
218038
218055
218806
219014
219117
219163
219313
219435
219681
219693
219719
219959
220051
220314
220347
220464
220494
220645
220718
220798
220812
220817
220890
221001
221123
221189
221356
221461
221665
221665
221782
222077
222086
222161
222221
222627
222834
223268
223373
223686
223731
223747
223750
223751
223800
223836
223880
223897
224166
224411
224433
224597
224651
224893
225030
225173
225190
225202
225531
226327
226502
226594
226706
226957
227088
227434
227557
227650
227667
227698
227753
227768
228192
228313
228674
228802
228817
228830
228902
228911
228997
229095
229100
230069
230134
230453
230477
230769
230797
230929
231067
231642
231768
231783
231914
231984
232005
232051
232162
232266
232348
232354
232526
232552
232820
232923
232960
233119
233256
233756
233889
233900
234165
234591
234653
234876
235092
235142
235231
235302
235566
235951
236078
236205
236295
236335
236391
236833
237105
237447
237547
237654
238260
238509
238615
238881
239129
239196
239297
239522
239658
239804
239984
240031
240193
240212
240216
240233
240703
240781
241034
241069
241208
241232
241439
241449
241458
241721
242122
242472
242551
243235
243482
243498
243499
243638
243783
243991
244022
244283
244337
244611
244621
244774
245076
245094
245131
245172
245262
245301
245384
245446
245885
246107
246207
246282
246522
246596
246843
246948
247027
247055
247154
247599
247738
247798
247915
248043
248106
248109
248189
248355
248433
248980
249169
249290
249391
249547
249649
249810
249890
249908
249956
249961
249992
250008
250083
250135
250216
250531
250802
251000
251021
251151
251246
251401
251612
251691
251692
252060
252128
252259
252344
252354
252377
252502
252602
252618
252818
253068
253072
253180
253218
253238
253379
253406
253592
253652
253654
253667
253773
254059
254076
254404
254421
254693
254774
254902
254909
255003
255335
255518
255670
255740
255757
255797
255923
255974
256069
256206
256315
256361
256434
256465
256531
256552
256723
256873
257060
257124
257190
257375
257850
257875
257876
257995
258024
258116
258238
258305
258578
259236
259237
259461
259478
259822
259973
260002
260266
260280
260575
260688
260701
260727
260734
260800
260825
260938
260945
260951
260952
261314
261372
261557
262084
262199
262199
262256
262386
262579
262619
262692
262777
262956
263031
263038
263139
263475
263539
263979
264174
264228
264384
264505
264776
264831
264876
264931
264974
265173
265180
265422
265527
265592
265767
265775
265872
265967
266054
266435
266761
266910
266917
267071
267314
267329
267410
267610
267629
267722
268308
268471
268674
269009
269025
269077
269130
269289
269707
270076
270444
270738
270750
270925
271147
271223
271231
271357
271477
271737
271807
271836
272018
272189
272213
272328
272497
272520
272696
272786
272897
273104
273133
273394
273466
273548
273825
273843
274132
274228
274521
274618
274764
274857
274964
275117
275330
275497
275619
275642
275808
275822
275900
275929
276043
276057
276333
277077
277138
277697
277760
277831
277857
278015
278061
278123
278239
278435
278445
278871
278974
279537
280055
280120
280281
280413
280535
280697
280753
280926
281099
281120
281621
281725
281789
281821
281853
281907
282265
282295
282466
282639
282699
282943
283107
283172
283186
283189
283234
283253
283614
283707
284180
284235
284425
284474
284653
284663
284783
285014
285321
285379
285481
285506
285905
286425
286455
286898
286962
287100
287128
287139
287176
287487
287732
287838
288074
288104
288345
288429
288706
289166
289269
289284
289994
290084
290502
290657
290708
290919
291108
291230
291285
291289
291580
291599
291647
291688
291853
292156
292157
292480
292758
292926
292932
292995
293061
293153
293352
293364
293366
293495
293664
293861
294087
294153
294994
295030
295118
295376
295675
295799
295868
295875
295997
296834
296847
296914
297420
297433
297500
297540
297734
297872
297959
297968
298019
298134
298438
298474
298476
298527
298737
298910
298968
299128
299349
299465
299538
299654
299889
300123
300357
300381
300512
301070
301219
301353
301419
301610
301616
301760
301764
301785
301927
301932
302005
302018
302022
302589
302877
302924
302935
303098
303334
304175
304189
304213
304523
304723
304728
304921
304988
305314
305436
305659
306100
306103
306177
306297
306778
306838
306854
307208
307273
307628
307635
307858
309143
309173
309222
309230
309247
309652
309702
309888
310083
310185
310317
310571
310707
310895
310961
311112
311641
312040
312210
312232
312506
312579
313026
313049
313155
313336
313645
313683
313754
313806
314170
314320
314543
314854
314965
315257
315258
315291
315347
315496
315590
315620
315640
315666
315725
315769
315883
315980
316002
316162
316248
316251
316480
316568
316656
316809
316910
317196
317206
317395
317590
317820
317879
318009
318168
318332
318455
318559
319075
319079
319083
319411
319480
319706
319795
319800
320032
320172
320263
320474
320737
320818
320908
320941
321273
321289
321422
321458
321602
321678
321938
321997
322118
322133
322307
322403
322495
322502
322523
322528
322585
322635
322754
323121
323412
323789
323838
324169
324213
324215
324278
324466
324498
324879
325126
325343
325387
325408
325467
325686
325701
325871
325909
325936
325971
326320
326510
326610
326699
326791
326843
326850
326907
326913
326948
327135
327212
327447
327636
327641
327700
327855
327955
328405
328503
328698
328808
328898
329018
329736
329782
329800
330111
330173
330175
330243
330253
330446
330466
330680
330709
330977
331394
331452
331568
331908
332083
332381
332388
332439
332609
332706
332803
333094
333099
333100
333152
333204
333210
333370
333407
333529
333561
333653
333982
334161
334198
334296
334477
334634
334662
334784
334839
334993
335518
335620
335649
335678
335689
335876
335967
336077
336179
336397
336445
336453
336464
337299
337345
337495
337639
337703
337778
337844
338096
338131
338216
338381
338956
339211
339220
339243
339296
339379
339463
339767
340017
340199
340229
340373
340415
340608
341145
341165
341194
341573
341860
342165
342368
342622
342730
343108
343285
343335
343365
343423
343446
343782
344118
344170
344326
344370
344505
344771
344788
344828
345237
345252
345922
346030
346043
346122
346126
346974
347008
347170
347267
347393
347395
347415
347423
347506
347647
347661
347680
347775
347832
347895
348271
348350
348449
348548
348666
348818
348876
349011
349173
349190
349336
349451
349608
349628
349813
349938
349940
350162
350212
350216
350288
350370
350409
350434
350449
350503
350514
350560
350794
350992
351118
351332
351424
351512
351678
351768
351830
351934
352032
352058
352699
352731
352986
352991
353365
353433
353448
353810
353833
353867
353877
353957
354055
354395
354612
354666
354684
354894
354907
355024
355438
355531
355898
355978
356032
356295
356335
356418
356430
356535
356565
356578
357261
357325
357400
357436
358037
358281
358489
358590
358699
358956
359155
359276
359280
359283
359296
359351
359470
359543
359696
359820
359936
359970
360158
360167
360233
360281
360687
360718
360730
360835
361066
361068
361300
361429
361442
361501
361530
361588
361758
361865
361977
362272
362288
362398
362635
362655
362975
363160
363385
363527
363912
363986
364249
364409
364477
364504
364542
364840
364852
364947
365133
365443
365560
365953
365962
365992
366058
366081
366372
366476
366640
366692
367319
367337
367375
367431
367487
367730
367732
367979
368025
368222
368349
368569
368625
368830
369327
369332
369882
369894
369997
370118
370239
370497
370548
370550
370552
370818
370977
371103
371113
371322
371329
371559
371610
372125
372126
372147
372200
372679
373016
373056
373100
373220
373380
373383
373406
373408
373423
373619
373651
373683
373683
373699
373740
374138
374399
374621
374959
375088
375118
375267
375310
375333
375393
375720
375820
376038
376117
376488
376532
376566
376708
376886
376896
377110
377196
377460
377728
377766
377781
377825
377920
378437
378453
378511
378689
378769
378826
379637
379671
379695
379705
379901
379993
380231
380370
380410
380455
380893
380970
381265
381320
381339
381572
381673
382049
382079
382766
382826
382840
383076
383117
383355
383464
383549
383925
383928
384073
384586
384600
384612
384664
384696
384861
384886
385063
385099
385236
385273
385303
385435
385452
385528
385538
385705
385735
385849
385888
386015
386079
386227
386333
386492
386538
386761
386817
386865
386877
386903
387112
387142
387266
387479
387485
387675
387913
388285
388314
388320
388367
388400
388599
388824
389062
389144
389149
389180
389281
389337
389368
389796
390148
390199
390225
390422
390753
390787
390953
391046
391339
391411
391414
391520
391523
391873
392033
392067
392093
392151
392753
392883
392932
392943
392989
393041
393091
393163
393730
393819
393983
394107
394109
394585
394964
395005
395063
395158
395258
395326
395570
395595
395818
395946
395964
396016
396035
396478
396788
396814
396845
397293
397300
397383
397389
397577
397656
397767
397843
397919
397991
398058
398274
398338
398394
398527
398662
398774
399125
399130
399729
399883
400110
400127
400495
400792
400981
401087
401122
401317
401364
401365
401621
401668
401777
401871
401943
402064
402143
402195
402456
402476
402609
403341
403505
403506
403669
403776
403783
403881
404015
404103
404117
404243
404523
404586
404656
404691
404705
404881
405005
405170
405251
405315
405375
405539
405609
405633
405713
405714
405732
405748
405842
405863
406085
406106
406572
406827
407246
407327
407336
407709
407792
407893
407903
407921
408149
408235
408386
408387
408584
408855
408921
409105
409236
409275
409308
409353
409591
409638
409660
409701
409734
409842
410294
410435
410830
410868
410912
411027
411312
411479
411511
411818
411862
411876
411881
411930
412065
412447
412517
412547
412647
412713
413048
413059
413130
413321
413338
413491
413733
413838
413936
414002
414583
414725
414866
414906
414996
415185
415355
415656
415780
415801
415806
415921
416040
416597
416721
416723
416779
416812
416849
416939
417049
417128
417504
417505
417740
417811
417826
417941
417943
418079
418517
418739
418775
418844
419135
419654
420047
420272
420436
420585
420765
420815
420878
421522
421649
421803
421944
422024
422090
422172
422358
422576
422985
423066
423083
423160
423542
423730
423869
424093
424128
424139
424255
424309
424315
424357
424568
424834
425078
425105
425111
425528
425783
425905
425929
425948
426092
426379
426568
426609
426816
426910
427242
427809
427841
428172
428260
428335
428458
428495
428546
428622
428661
428830
428948
429437
429553
429677
429747
429951
430148
430235
430289
430682
430779
431076
431085
431109
431614
431646
432079
432139
432408
432449
432914
432915
432948
433002
433519
433619
433629
433649
434296
434429
434540
434545
434705
434771
435235
435265
435477
435618
435671
435732
435791
435939
436036
436124
436147
436199
436464
436503
436776
437115
437489
437609
437629
438071
438088
438120
438389
438393
438476
438526
439138
439183
439205
439581
439649
439716
439863
440014
440063
440086
440223
440349
440441
440527
440717
440764
440992
441012
441410
441622
441667
441891
441928
442085
442087
442198
442492
442553
442607
442684
442710
442727
442743
443011
443049
443299
444067
444544
444576
444978
445325
445385
445623
445725
445816
445825
445883
446145
446236
446577
446589
446607
446696
446912
446931
447177
447200
447209
447254
447288
447306
447385
447569
447594
447663
447984
448093
448353
448597
448599
448762
448768
448805
448839
448935
449095
449258
449378
449422
449472
449476
449653
449948
450048
450194
450239
450262
450336
450430
450490
450609
450986
451637
451980
451991
451991
452038
452346
452538
452809
453100
453342
453952
453975
454179
454287
454302
454681
454711
454833
455000
455462
455536
455642
455772
455985
456079
456250
456893
456904
456920
457250
457271
457395
457531
457591
457733
457792
457825
457968
458153
458188
458256
458286
458358
458481
458588
458758
458922
459137
459160
459221
459404
459647
459677
459856
459926
460010
460050
460140
460148
460251
460551
460653
460735
460803
460868
461009
461145
461384
461408
461454
461476
461488
461490
461507
461514
461534
461551
461993
461999
462265
462475
462544
462623
462789
462867
462886
463080
463203
463414
463431
463639
463665
463715
463805
464186
464263
464284
464367
464405
464907
464957
465026
465240
465241
465287
465345
465480
465613
466174
466203
466210
466285
466475
466598
466780
467023
467055
467168
467516
467625
467705
467813
467951
467965
468102
468197
468200
468324
468406
468765
468927
469033
469194
469220
469286
469433
469469
469482
469482
469683
469709
469991
470202
470640
470700
470728
470734
471071
471267
471313
471344
471418
471534
471836
472068
472277
472536
472903
473028
473129
473193
473309
473450
473483
473505
473533
473543
473636
473652
473747
473769
473769
473804
473924
474031
474180
474299
474389
474534
474636
474666
474763
475093
475252
475405
475577
475585
475904
476004
476029
476267
476300
476310
476320
476452
476820
477046
477132
477211
477292
477888
477958
478050
478094
478578
478654
478765
478865
479103
479188
479199
479204
479349
479422
479426
479508
479539
479559
479597
479670
479923
480092
480621
480789
480790
481084
481215
481358
481365
481448
481516
481524
481759
482329
482564
482710
482844
483290
483572
483616
483789
483910
483946
484149
484264
484528
484714
484948
485569
485723
485796
485896
486065
486093
486123
486144
486157
486159
486466
486649
486742
486870
487015
487141
487201
487249
487264
487341
487455
487468
487851
487943
488077
488399
488422
488527
488807
488901
488953
489400
489498
489653
489800
489948
489973
490111
490123
490167
490213
490274
490426
490666
490672
491461
491663
491888
491989
492029
492054
492124
492293
492300
492470
492616
492764
492829
492952
493007
493158
493160
493648
493724
494136
494136
494233
494273
494348
494634
494845
494921
494992
495086
495337
495459
495526
495615
495710
495754
495897
495975
496339
496361
496397
496479
496727
496835
496984
497132
497294
497333
497343
497414
497926
498114
498139
498536
499057
499086
499184
499272
499574
499630
499670
499675
499841
499846
499957
500024
500140
500367
500620
500762
500805
500857
500879
501057
501138
501386
501547
501826
501859
502014
502161
502178
502635
502703
502743
502772
502845
503212
503334
503456
503892
503976
504058
504119
504484
504558
504587
504795
504825
504858
505076
505307
505313
505381
505732
505763
505933
506067
506138
506405
506684
506709
506785
506867
506900
506940
507009
507160
507299
507348
507424
507488
507558
507575
507622
507692
508030
508032
508188
508228
508360
508443
508573
508855
508974
508995
509041
509091
509339
509422
509720
509876
509930
509953
509984
510148
510170
510256
511119
511149
511248
511287
511298
511552
511675
511819
511877
511899
512024
512140
512186
512288
512409
512553
512857
512871
512873
512889
512972
512983
513118
513154
513158
513253
513694
513718
513788
513796
513885
513935
513995
514008
514179
514357
514677
514703
514791
514801
514849
515532
515993
516195
516242
516307
516314
516373
516711
516910
517214
517337
517397
517538
517667
518043
518090
518143
518147
518311
518459
518746
519021
519519
519523
519760
519879
519890
519951
519993
520044
520272
520372
520427
520462
520600
520753
520776
520872
521429
521443
521456
521740
521964
522112
522336
522340
522438
522464
522522
522589
522652
522961
523062
523158
523390
523513
523766
523811
523851
523952
524073
524165
524206
524546
524595
524775
524906
524956
525007
525013
525013
525065
525116
525509
525567
525677
525682
525766
526076
526082
526195
526262
526394
526467
526681
526770
526884
527109
527289
527294
527496
527535
527750
527769
527852
527886
527914
528175
528254
528256
528384
528454
528715
528796
528973
529051
529133
529213
529536
529661
529761
529975
530093
530707
530714
531114
531344
531719
531770
531815
531823
532015
532122
532194
532552
532815
532940
533245
533319
533365
533470
533533
533565
533877
534476
534553
534662
534712
534822
534914
534921
535176
535334
535351
535533
535716
535764
535825
535984
536141
536253
536748
536775
536900
537037
537078
537091
537191
537213
537217
537246
537266
537436
538231
538342
538468
538544
538631
538769
538812
538830
538888
538981
539016
539443
539497
539534
539545
539558
539896
540068
540090
540198
540214
540478
540478
540578
540583
540841
541025
541077
541127
541422
541513
541735
541808
541844
541981
542178
542460
542479
542649
542659
543042
543125
543413
543550
543623
543936
543943
543972
543975
543995
544033
544708
545171
545191
545271
545350
545355
545481
545559
545833
546124
546169
546184
546219
546431
546634
546641
546680
546687
547043
547064
547256
547716
547798
547849
548035
548359
548383
548630
548713
548728
548739
549044
549064
549084
549151
549225
549607
549618
549767
549837
549872
550175
550332
550373
550471
550504
550978
551026
551105
551127
551698
551807
551895
552098
552107
552405
552735
552822
552844
552862
552878
553230
553365
553369
553473
553480
553647
553782
553984
554065
554130
554387
554477
554483
554589
554699
554771
554783
554802
554808
554909
555150
555153
555207
555338
555711
555873
555894
556318
556409
556653
556677
556972
557301
557384
557823
557976
558040
558052
558265
558290
558420
558519
558743
558793
558893
559041
559097
559131
559360
559451
559476
559706
559737
559844
559860
559878
560203
560226
560236
560282
560339
560405
560406
560508
560585
561225
561437
561452
561950
562060
562370
562375
562400
562541
562768
562859
562875
563164
563167
563421
563451
563700
563814
563889
563896
564146
564398
564549
564705
564866
564937
565269
565429
565626
565791
566023
566052
566116
566129
566349
566558
566621
566667
566687
567099
567269
567328
567487
567543
567544
567707
567842
568065
568117
568214
568242
568617
568637
568937
568961
569243
569598
569606
569618
569791
569819
569860
569918
569935
569978
570050
570068
570215
570285
570477
570572
570621
570712
570814
571089
571122
571192
571312
571563
571628
571672
571680
571720
571894
571953
571963
572044
572089
572109
572183
572279
572299
572327
572456
572497
572845
572898
572917
573036
573124
573235
573368
573572
573716
574012
574226
574241
574294
574318
574369
574385
574499
574527
574612
574626
574709
574914
575013
575015
575026
575048
575235
575475
575481
575733
575858
576174
576320
576521
576614
576684
576722
577023
577166
577262
577412
577416
577471
577507
577756
577850
578083
578112
578167
578471
578639
578745
578805
578921
578931
579034
579094
579437
579598
579752
580002
580056
580343
580511
580616
580647
580871
581014
581018
581118
581201
581413
581414
581666
581669
581767
581776
581916
582018
582049
582328
582475
582697
582952
583426
583483
583490
583723
583727
583744
583810
583812
583940
584295
584502
584509
584539
584772
584795
584961
584973
585722
585771
585822
586198
586305
586352
586660
586695
586757
587290
587363
587384
587630
587741
587751
587856
587899
588107
588111
588128
588185
588250
588265
588345
588993
589094
589436
589531
589568
589672
589710
589711
590041
590192
590246
590321
590361
590693
590725
590753
591042
591189
591277
591461
591625
591833
591877
592236
592276
592574
592702
592722
592782
592802
593000
593255
593338
593533
593567
593777
593855
593878
593954
594016
594067
594149
594189
594220
594386
594548
594583
594812
594879
594957
595171
595335
595385
595484
595498
595517
595644
595672
595735
596038
596047
596162
596187
596882
597157
597261
597384
597463
597554
597568
598025
598243
598573
598630
598784
598921
599144
599308
599536
599789
599805
600285
600534
600644
600796
601020
601213
601295
601363
601442
601488
601594
601770
601801
601828
602020
602048
602208
602291
602410
602509
602681
602711
602733
602755
602881
603016
603042
603066
603354
603665
604000
604043
604117
604367
604387
604499
604537
604543
604795
604798
605028
605569
605621
605781
605979
605985
606020
606234
606327
606331
606398
606399
606422
606549
606754
606985
607151
607557
607614
608074
608158
608182
608262
608421
608804
608810
608897
608971
609037
609231
609247
609283
609351
609859
610113
610359
610384
610571
610658
611088
611185
611217
611249
611491
611993
612533
612634
612656
612659
612840
612873
612968
613459
613489
613978
614005
614058
614093
614529
614629
614748
614798
614806
614818
614864
614948
615138
615195
615631
615662
615684
615740
615753
615872
615882
615971
616086
616269
616332
616336
616528
616724
617223
617283
617340
617557
617631
617659
617728
617995
618058
618296
618362
618420
618457
618478
618629
619013
619269
619313
619326
619360
619615
619705
619744
619958
620001
620023
620039
620101
620320
620552
620747
620970
621201
621457
621770
621972
622035
622038
622093
622139
622161
622832
622968
623043
623058
623113
623468
623693
623718
623720
623730
623835
623917
623966
623970
623973
624090
624225
624367
624371
624455
624481
624658
624915
624924
624988
625090
625093
625183
625226
625381
625485
625522
625567
625703
626039
626103
626243
626271
626329
626555
626566
626805
626819
627015
627140
627290
627439
627598
627602
627794
627914
628048
628267
628409
628633
628760
628984
629080
629086
629189
629211
629412
629486
629691
630027
630208
630439
630445
631217
631259
631390
631656
632174
632181
632452
632597
632641
632944
632956
633266
633292
633401
633453
633508
633551
634015
634172
634197
634283
634480
634571
634798
634990
635040
635146
635163
635445
635606
635693
635767
635826
635874
636158
636288
636526
636650
636683
636858
637073
637723
637854
637985
638305
638574
638711
639028
639203
639366
639396
639875
639940
640009
640041
640194
640588
640788
640797
641114
641143
641210
641233
641327
641704
641844
641900
642171
642279
642654
642659
642709
642804
642962
643039
643605
644128
644142
644334
644336
644409
644417
644501
644545
644771
644827
644883
644924
645151
645259
645405
645631
645662
645802
645921
646487
647015
647291
647537
647697
647766
647823
647871
647976
648137
648156
648238
648295
648403
648445
648539
648598
648817
648939
649005
649097
649513
649729
649862
649929
650031
650132
650198
650801
650950
650977
651031
651036
651058
651120
651219
651332
651359
651555
651613
651797
651909
652044
652083
652084
652139
652487
652650
653309
653480
653582
653622
653810
653831
653856
653890
654010
654075
654291
654395
654463
654513
654546
654846
655063
656104
656389
656536
656685
656891
657504
657519
657704
657739
657998
659353
659380
659416
659480
659545
659547
659647
659804
659879
660047
660083
660106
660314
660443
661106
661266
661451
661635
661685
661707
661883
661988
662070
662185
662215
662251
662401
662479
662613
662678
662779
662857
663361
663693
663921
664196
664248
664335
664343
664536
664536
664976
665043
665099
665135
665664
665859
666247
666423
666438
666445
666491
666607
666640
666691
666706
666761
667138
667162
667225
667297
667444
667600
667741
667766
667829
667835
667888
668227
668262
668277
668697
669033
669484
669553
669638
669701
669719
669828
669943
670249
670488
670561
670750
670791
670982
670987
671399
671436
671690
671706
671807
672047
672112
672114
672249
672310
672536
672606
672934
672941
672951
672973
673048
673333
673771
673795
673800
673999
674034
674235
674663
674914
675011
675045
675184
675188
675316
675369
675403
675406
675444
675478
675685
676028
676071
676181
676280
676336
676498
676781
676984
676993
677039
677663
677746
677798
677860
678070
678085
678089
678163
678390
678766
678876
679314
679504
680026
680539
680728
680929
681161
681230
682036
682088
682306
682384
682462
682633
683083
683162
683379
683520
683971
683993
684008
684028
684154
684159
684231
684310
684393
684599
686049
686996
687138
687181
687260
687262
687288
687374
687439
688236
688243
688445
688597
688638
688690
688804
689067
689249
689287
689611
690113
690212
690259
690652
690918
691136
691167
691186
691235
691267
691278
691334
691386
691569
691609
691659
691748
691761
691841
692242
692419
692448
692561
692596
692948
693021
693094
693163
693386
693588
693603
693672
693933
694136
694620
695106
695272
695357
695385
695546
695627
695801
695826
696002
696205
696302
696332
696441
696461
696617
696754
697167
697192
697203
697365
697409
697452
697866
698131
698449
698564
698658
698720
698835
699390
699524
699632
699662
699800
700061
700126
700327
700358
700377
700513
700900
701070
701116
701148
701268
701317
701329
701382
701735
701906
701991
702051
702399
702575
702703
702936
703052
703098
703219
703404
703634
703644
703655
704064
704217
704392
704422
704470
704622
704890
704933
704954
705019
705133
705225
705647
705741
705771
705819
706200
706259
706316
706504
706542
706550
706637
706639
706683
706881
707005
707072
707117
707340
707669
707992
708116
708122
708414
708445
708517
708548
708640
708650
708800
708904
709063
709090
709173
709364
709396
709451
709500
709511
709567
709798
709866
709919
710089
710272
710287
710329
710435
710848
711234
711280
711671
711674
711690
711835
712340
712581
712595
712625
712766
713073
713205
713307
713472
713714
713764
714360
714466
714520
714620
714784
714935
714997
715130
715284
715481
715586
715897
715908
716054
716204
716210
716253
716291
716374
716413
716658
716854
716856
718216
718314
718324
718359
718781
718864
718868
718970
719011
719115
719354
719485
719566
720263
720268
720556
720733
720836
720937
720996
721053
721100
721119
721167
721202
721450
721625
721669
721837
721919
722080
722098
722798
722859
722967
723180
723213
723263
723611
723667
723859
724027
724156
724296
724595
724656
724694
724832
725217
725300
725310
725642
725824
725882
725917
725939
725983
726340
726551
726611
726736
726827
726837
726866
727240
727256
727276
727325
727401
727502
727544
727733
727779
727914
727990
728008
728023
728064
728452
728654
728820
728895
729065
729096
729200
729208
729327
729383
729405
729418
729581
730177
730334
730572
730603
730643
730950
731125
731156
731239
731380
731535
731547
731639
731903
732131
732288
732303
732423
732442
732463
732641
732699
732907
732961
732985
733023
733051
733450
733533
733696
734077
734208
734430
734458
734651
734725
734795
734831
735050
735175
735288
735313
735479
735678
735770
736279
736433
736636
736790
736926
736958
737195
737357
737811
737975
738085
738104
738405
738736
738853
738864
739111
739208
739277
739367
739589
739704
739870
739926
739935
740339
740456
740539
740652
740751
741018
741138
741217
741285
741347
741470
741508
741741
741933
742387
742935
743083
743127
743403
743456
743697
743917
743932
744031
744048
744201
744301
744406
744429
744429
744489
744606
744809
744813
744851
744883
745020
745402
745753
745852
746166
746229
746437
746471
746600
746617
746734
747044
747123
747161
747165
747296
747797
748021
748268
748295
748325
748594
748805
749225
749313
749384
749493
749493
749734
749734
750369
750977
751006
751175
751282
751748
751839
751855
751972
752320
752391
752881
752917
753159
753186
753347
753463
753599
753646
754718
754763
754983
755261
755476
755521
755767
756552
756579
756855
756931
756976
757009
757059
757310
757367
757517
757577
757876
757983
758115
758230
758296
758437
758558
758587
758587
758626
758722
759347
759430
759441
759509
759710
759764
759851
759951
759973
760047
760322
760441
760703
760760
760769
760804
760959
760964
760996
760999
761069
761106
761118
761384
761405
761435
761514
761594
761667
761711
762183
762212
762566
762675
762694
762713
762771
762779
762806
762837
762890
762890
763158
763278
764363
764376
764503
764595
764640
764711
764733
764784
765247
765684
765690
765690
765695
765857
766013
766355
766603
766720
766820
766859
766975
766979
767203
767526
767530
767533
767823
768216
768275
768352
768627
768631
768642
768753
768767
768851
769063
769187
769253
769257
769469
769696
769745
769907
769992
770019
770148
770365
770433
770573
770602
770608
770908
771037
771498
771619
771897
771974
772047
772131
772399
772524
772567
772674
772680
772889
772962
773036
773128
773149
773198
773344
773418
773824
774148
774179
774196
774356
774377
774494
774533
774656
774704
774805
774987
775176
775251
775432
775585
775694
775826
775942
776175
776178
776403
776966
777368
777838
777894
777927
778013
778016
778150
778324
778463
778487
778495
778533
778851
778966
779058
779323
779341
779348
779367
779568
779597
779800
779830
780136
780260
780341
780428
780603
780660
780876
780954
780958
781001
781074
781186
781281
781322
781442
781762
782083
782494
782584
782632
782673
782883
783130
783364
783431
783468
783498
783597
783925
783957
784252
784360
784419
784520
784684
784710
784871
784895
785031
785187
785359
785641
785766
785950
786081
786109
786617
786990
787064
787465
787629
787634
787781
788497
788825
789033
789292
789503
789599
789879
789900
789915
790124
790139
790279
790441
790637
790843
790953
791147
791284
791723
791731
791772
791852
791978
792454
792527
792711
792753
792938
792948
793021
793128
793163
793280
793365
793367
793550
793782
794028
794108
794209
794422
794459
794563
794591
795027
795245
795247
795372
795477
795630
795828
795876
796007
796133
796259
796471
796596
796654
796723
797064
797107
797138
797271
797362
797385
797566
797713
797874
797887
797900
798117
798205
798370
798425
798536
799113
799291
799466
799514
799740
799996
799998
800245
800289
800621
800648
800991
801536
801733
802000
802720
802745
802755
802786
803086
803315
803390
803747
803873
803876
803953
803993
804168
804275
804470
804547
804829
804860
804926
805001
805243
805266
805271
805542
805645
805650
805720
805878
805903
805957
805997
806048
806355
806484
806973
807076
807125
807351
807437
807511
807588
807632
808200
808221
808278
808586
808903
809341
809364
809518
809531
809595
809752
810026
810344
810496
810522
810591
810641
810698
810704
810743
810766
810844
810912
811038
811189
811324
811360
811397
811549
811952
812076
812152
812320
812422
812462
812811
812951
813030
813635
813676
813679
813780
813847
813874
813921
813971
813976
814022
814311
814362
814962
815091
815163
815233
815239
815306
815374
815576
815676
815706
815753
815878
815948
816121
816164
816212
816284
816633
816869
817049
817743
817775
817875
817903
818039
818050
818053
818145
818274
818542
818641
818900
818994
819124
819145
819433
819445
819595
819642
819753
819819
819837
820219
820391
820519
820713
820854
820899
821110
821129
821341
821545
822310
822370
822520
822643
822737
823066
823247
823532
823580
823795
823909
824140
824815
824824
825179
825248
825311
825524
825599
825786
826044
826155
826928
827358
827432
827491
827650
827677
827905
827996
828309
828320
828349
828414
828439
828460
829044
829086
829311
829821
829989
830058
830069
830070
830084
830166
830322
830786
830880
830950
830971
831078
831095
831158
831249
831322
831530
831609
831643
831930
831969
832348
832378
832400
832440
832525
832543
832559
832616
832624
832637
832838
832996
833122
833361
833396
833467
834174
834197
834204
835126
835246
835477
835634
835650
835795
836121
836372
837034
837290
837595
837674
837773
838050
838476
838875
838888
839158
839211
839296
839527
839545
839741
839797
839830
839867
840029
840035
840722
841034
841038
841243
841453
841561
841585
841809
841826
842021
842147
842216
842745
842895
842898
843236
843332
843364
843444
843502
843718
843796
844119
844165
844214
844276
844281
844301
845033
845256
845788
845893
845954
845990
846076
846120
846125
846134
846140
846240
846269
846320
846384
846473
846694
846709
846717
847248
847354
847422
847615
847761
848210
848662
849053
849066
849099
849174
849396
849570
849771
849932
849953
850208
850217
850272
850359
850381
850399
850648
850712
850759
850811
850824
850834
851408
851651
851694
851947
852651
852680
852755
852797
852846
852946
853476
853499
853526
853651
853703
853944
854102
854157
854215
854308
854315
854341
854406
854602
854664
854737
854876
854947
855195
855531
855789
855988
856071
856173
856215
856290
856299
856346
856386
856435
856451
856501
856539
856614
856873
857044
857375
857487
857531
857707
857708
858139
858444
858486
858548
858551
858676
858751
858774
858823
859008
859073
859116
859186
859524
859769
859890
859978
860045
860278
860388
860394
860418
860914
861104
861194
861497
861810
861850
861903
862261
862323
862358
862424
862475
862609
863042
863106
863217
863223
863257
864007
864031
864701
864915
864940
864947
865022
865171
865190
865194
865197
865630
865799
865814
865915
865940
866006
866077
866106
866114
866180
866330
866372
867042
867151
867497
867524
868131
868220
868446
868623
868821
868848
868909
868940
869164
869318
869666
869787
869899
869901
869950
870159
870276
870299
870353
870639
870697
870796
871019
871215
871270
871345
871621
871726
872049
872130
872134
872411
872554
872813
873104
873504
873777
873905
874247
874273
874519
874522
874522
874667
874706
874831
874908
874933
875054
875070
875095
875126
875358
875488
875576
875603
875650
875675
875681
875955
876456
876608
876693
876707
876771
877142
877146
877187
877238
877258
877481
877807
878038
878048
878073
878077
878246
878387
878430
878491
878613
878909
878990
879083
879675
879683
879854
879963
880313
880589
880593
880659
880942
881097
881169
881580
882015
882090
882157
882161
882477
882486
882709
882916
882934
883011
883051
883075
883288
883339
883458
883631
883696
883745
883755
883759
883786
883837
883883
883888
884138
884489
884590
884717
884761
884897
885116
885118
885311
885427
885500
885518
885634
885671
886184
886280
886384
886623
886722
886934
887261
887396
887510
888546
888623
888771
888868
889088
889321
889459
889475
889492
889658
889805
889838
890178
890538
890569
890821
891138
891217
891456
891504
891625
891820
891867
891955
892005
892050
892467
892634
892892
893087
893270
893284
893409
893544
893864
894138
894545
894576
894783
894815
895279
895485
895502
895527
895615
896309
896323
896475
896555
896658
896810
897209
897245
897259
897364
897750
897798
897860
897898
898098
898352
898461
898574
898682
898818
898953
899040
899165
899412
899577
900108
900677
900816
901203
901325
901406
901407
901701
901920
902017
902159
902262
902348
902419
902440
902581
902744
902886
903104
903106
903414
903681
903719
903783
904139
904369
904417
905026
905159
905167
905315
905526
905601
905640
905649
906010
906144
906195
906453
906730
906833
906842
906968
907446
907555
907596
907716
907877
907999
908030
908157
908171
908186
908187
908233
908258
908443
908493
908934
908941
908985
909347
909730
910297
910795
910885
910959
911243
911282
911561
911914
911988
912216
912419
912493
912539
912673
912770
912790
912841
913035
913111
913305
913344
913406
913822
913945
914055
914138
914303
914453
914655
914945
915110
915142
915184
915471
915484
915607
915660
915666
915716
915867
915877
916179
916333
916674
916777
916835
916838
917424
917443
917452
917763
917839
917860
917999
918536
918580
918651
918806
918897
919178
919298
919314
919647
919731
919783
919819
919893
919941
920028
920186
920303
920324
920530
920549
920626
920629
920636
920647
920699
921023
921035
921245
921415
921531
921738
922578
922828
923103
923158
923191
923214
923261
923383
923493
923870
923885
923978
924085
924262
924359
924482
924627
924708
924909
925329
925580
925794
925983
925994
926070
926269
926474
926520
926590
926830
926847
927001
927078
927158
927212
927454
927572
927573
927632
927637
927732
927832
927862
927875
927885
927909
927960
928050
928241
928623
928921
929271
929279
929485
929536
929684
929748
929804
930074
930236
930668
930794
930872
931071
931150
931275
931371
931740
931923
932322
932336
933057
933165
933185
933231
933462
933680
933713
933762
933796
933853
934010
934096
934168
934264
934352
934431
934479
934971
935196
935324
935405
935410
935451
935670
935912
936420
936458
936585
936747
936865
936992
936992
937055
937109
937159
937189
937432
937535
937655
938227
938386
938474
938628
938663
938788
938828
939074
939078
939126
939209
939378
939705
940096
940305
940305
940311
940477
940775
941157
941231
941413
941580
941633
941634
941678
941779
941918
941935
942015
942068
942268
942411
942422
942475
942564
942606
942663
942731
942956
943348
943520
943688
944102
944580
944706
944721
944845
945452
945745
945943
946343
946408
946554
946644
946653
946712
946759
946832
946837
947057
947117
947298
947342
947356
947611
947689
947729
947893
948128
948245
948305
948327
948338
948353
948502
948537
948776
948832
948838
948857
948868
949028
949353
949528
949632
949700
949777
949867
949920
949943
949992
950274
950375
950429
950433
950528
950790
950814
950835
951082
951207
951426
951459
951544
951689
951914
951963
952081
952141
952359
952544
952744
952938
953075
953078
953135
953347
953433
953630
953711
953811
953821
954007
954237
954277
954333
954463
954517
954957
955017
955222
955643
956661
956735
956747
956852
956882
957471
957500
957852
958000
958035
958129
958274
958387
958439
958580
958584
958592
958689
958690
958921
958937
959615
959621
959642
959949
960083
960083
960176
960243
960256
960731
961114
961126
961149
961321
961333
961340
961461
961512
961816
961904
962244
962281
962282
962591
962652
962834
962846
963037
963241
963245
963452
963651
964059
964532
964555
964564
964645
965132
965190
965201
965265
965280
965406
965508
965541
965830
965996
966071
966086
966095
966102
966132
966245
966267
966332
966702
966856
966878
966973
967335
967366
967401
967498
967789
967821
967843
967845
967855
968380
968501
968956
968983
969034
969037
969107
969213
969281
969564
969650
969851
969879
969976
969977
970166
970328
970910
970943
970967
971459
971492
971505
971598
971808
972009
972122
972206
972408
972583
972886
972985
973258
973349
973432
973723
973947
974528
974567
974574
974779
974919
975026
975181
975248
975305
975359
975439
975442
975534
975705
975709
975753
975849
975992
976025
976169
976184
976278
976431
976497
976549
977096
977215
977302
977553
977670
977934
977959
978030
978038
978400
978562
978873
979000
979119
979338
979738
979799
979904
979951
980307
980529
980533
980624
980633
980763
981010
981273
981410
981426
981564
981659
981817
981911
981979
982029
982154
982175
982297
982356
982476
982801
982857
982899
983112
983167
983471
983660
983735
984025
984262
984370
984417
984473
984548
985211
985248
985309
985372
985411
985692
985985
986275
986623
987133
987217
987382
987422
987971
987976
988165
988216
988388
988429
988438
988669
988695
988705
988921
988955
988956
989001
989258
989546
989578
989579
989875
989883
989919
990093
990287
990314
990331
990468
990472
991211
991250
991382
991753
992323
992354
993040
993047
993073
993328
993377
993495
993585
993671
993846
994123
994371
994802
995222
995290
995491
995553
995634
995643
995659
995662
995750
995901
996025
996146
996361
996419
996644
997092
997173
997359
997655
997944
997950
997961
998046
998248
998439
998554
998737
998749
998817
999020
999046
999213
999272
999341
999399
999487
999985
