62
318
501
620
1033
1190
1407
1515
1557
1562
1585
1814
1831
1867
1947
1963
2132
2186
2545
2546
2565
2644
2758
2850
2875
2908
3338
3627
3677
3680
3804
3816
4065
4073
4100
4104
4128
4185
4329
4454
4490
4497
4528
4614
4726
4803
5019
5487
5507
5542
5621
5684
5786
5907
5932
6032
6062
6098
6227
6308
6320
6361
6988
7212
7227
7333
7359
7402
7591
7612
7804
8017
8029
8236
8316
8432
8573
8608
8655
8685
9104
9184
9284
9329
9352
9436
9451
9521
9559
9577
9781
9947
10508
10686
10816
10829
10842
10965
11000
11093
11110
11258
11386
11401
11429
11477
11521
11720
11763
11793
11825
11851
12013
12192
12295
12456
12539
12623
12648
12833
12942
13003
13219
13256
13325
13390
13426
13519
13715
13771
13886
13903
13955
14163
14211
14785
14832
14978
15308
15659
15687
15787
16312
16316
16488
16531
16653
16755
17150
17175
17198
17235
17491
17569
17699
17964
18577
18651
18761
18812
18954
18970
18983
19196
19419
19469
19611
20029
20269
20415
20491
20522
21063
21445
21590
21734
21892
21928
22140
22359
22400
22561
22601
22668
22731
22827
23009
23380
23389
23489
23703
23744
23749
23784
23897
23905
23981
24029
24087
24096
24350
24390
24531
24619
24815
24857
24969
25020
25158
25268
25277
25499
25574
25722
25996
26065
26569
27323
27590
27820
27844
27862
28036
28064
28338
28609
28913
28984
29036
29070
29085
29110
29553
30017
30096
30149
30192
30349
30479
30570
30641
30852
31008
31016
31056
31149
31226
31336
31435
31518
31599
31614
31639
31723
31919
32170
32781
32966
33019
33048
33222
33294
33468
33533
33580
33682
33788
33803
33914
33967
34470
34496
34498
34554
34608
34702
34742
34951
35075
35135
35189
35341
35593
35734
35760
36052
36056
36145
36180
36187
36336
36584
36933
37037
37236
37310
37327
37345
37385
37757
37860
37970
38162
38557
38713
38870
38952
38997
39087
39121
39289
39355
39652
39661
39796
39846
39928
40411
40662
40722
40798
40842
40873
40918
40959
40963
41130
41211
41266
41281
41290
41374
41453
41487
41523
41677
41834
42201
42296
42374
42530
42575
42637
42642
42754
42901
43093
43097
43175
43272
43331
43404
43404
43505
43590
43640
43739
43822
44311
44384
44650
44786
44794
44907
45022
45353
45369
45505
45586
45739
45895
45904
46013
46154
46236
46315
46404
46586
46791
46795
47243
47309
47351
47456
47484
47637
47667
47716
47761
47912
48034
48281
48314
48358
48444
48524
48841
49195
49280
49597
49660
49709
49910
49932
49959
50173
50209
50498
50504
50517
50680
50886
50928
50933
50939
50944
51209
51234
51608
51683
51746
51773
51790
51874
52025
52051
52202
52242
52359
52432
52572
52584
52616
52729
52925
53018
53074
53324
53335
53691
53750
53854
54095
54484
54521
54564
54584
54678
54831
55131
55135
55383
55489
55914
55965
56042
56059
56084
56084
56096
56167
56194
56301
56491
56830
56876
56924
57013
57120
57278
57531
57580
57872
58030
58100
58135
58400
58471
58643
58763
58811
58988
58990
59077
59139
59150
59443
59649
59952
60018
60201
60225
60507
60568
60662
61174
61664
61791
61899
61914
61938
61979
62101
62128
62450
62458
62518
62552
63096
63284
63294
63381
63456
63697
63795
64200
64322
64433
64465
64696
64923
65265
65331
65357
65387
65564
65612
65676
65704
65746
65795
65806
65834
65949
66060
66146
66166
66289
66367
66484
66491
66552
66844
66978
67023
67037
67159
67222
67419
67477
67625
67750
67906
67927
68322
68461
68461
69028
69350
69544
69553
69726
69732
69732
70088
70091
70334
70340
70386
70449
70733
70894
70953
71097
71501
71576
71632
71723
71727
71780
71906
72069
72078
72128
72159
72279
72436
72485
72501
72769
72855
72872
73018
73041
73177
73229
73284
73576
73887
74382
74602
74715
74724
74842
75061
75258
75265
75637
75890
76032
76357
76471
76578
76812
76908
77050
77068
77291
77460
77510
77511
77565
77758
78337
78476
78697
78711
78883
79133
79145
79366
79433
79508
79714
79868
79918
80017
80308
80464
80478
80563
80767
80937
80999
81202
81501
81541
81585
81651
81687
81748
81823
82034
82138
82377
82443
82471
82483
82500
82600
82602
82680
82776
82781
82812
82983
83013
83020
83112
83303
83331
83341
83628
83723
83944
84518
84913
85142
85211
85233
85259
85265
85432
85467
85471
85556
85582
85615
85672
85738
85888
85890
85954
85966
85968
86026
86044
86105
86314
86386
86439
86811
86844
86939
87195
87207
87287
87338
87351
87436
87570
87701
88234
88284
88518
88526
88562
88659
88847
89014
89079
89264
89417
89423
89440
89445
89445
89541
89825
89834
89868
90056
90176
90203
90452
90515
90522
90535
90561
90854
90904
90973
91150
91156
91418
91491
91603
91703
91723
91870
91995
92050
92317
92386
92432
92471
92533
92573
92794
92941
93044
93256
93360
93516
93658
93780
93782
93895
93932
94210
94345
94354
94411
94627
94660
94690
94939
95174
95183
95245
95255
95405
95747
95749
95971
96195
96201
96205
96339
96424
96803
96812
97059
97075
97208
97265
97286
97451
97660
97661
97700
97811
97869
97924
98114
98168
98223
98295
98608
98660
98714
98728
98729
98920
99013
99045
99205
99333
99351
99375
99465
99591
99820
100205
100272
100336
100371
100387
100528
100691
101016
101040
101146
101270
101282
101378
101386
101563
101885
101950
101981
102139
102179
102429
102617
102992
102994
103134
103216
103250
103417
103438
103442
103480
103554
103633
104010
104117
104436
104618
104688
104746
104848
105035
105050
105318
105479
105702
105736
105855
106082
106267
106781
107259
107275
107424
107492
107497
107664
107891
107991
108071
108407
108445
108533
108698
108734
108761
109068
109284
109318
109524
109986
110007
110077
110113
110324
110385
110441
110488
110502
110520
110598
110672
111133
111199
111382
111489
111736
111817
111862
111891
111937
112069
112100
112183
112231
112276
112423
112834
112865
112924
113063
113146
113637
113699
113713
113840
113856
113919
113920
113941
113944
114234
114256
114590
114676
114690
114844
114865
114890
114959
115105
115203
115568
115599
115610
115675
115784
116036
116119
116232
116371
116386
116534
116597
116690
116787
116855
117025
117289
117365
117488
117510
117549
117578
117652
117863
118049
118239
118462
118724
118919
118952
119181
119603
119712
119822
119845
120046
120080
120083
120282
120360
120753
120804
121015
121034
121175
121332
121458
121475
121654
121748
121791
122222
122249
122252
122306
122380
122405
122410
122428
122495
122593
122972
123212
123317
123340
123393
123446
123563
123621
123624
123969
124034
124186
124240
124281
124389
124603
124678
124819
125215
125316
125370
125473
125585
125666
125816
126036
126073
126121
126169
126366
126379
126435
126452
126526
126571
126860
127005
127202
127526
127676
127879
127885
127951
128051
128206
128291
128312
128387
129029
129185
129616
129796
129909
130048
130055
130101
130253
130261
130553
130629
130677
130683
130848
131024
131121
131317
131368
131489
131659
131685
131695
131734
131736
131798
132050
132057
132088
132185
132262
132275
132335
132442
132507
132623
132941
133068
133104
133280
133322
133552
133965
134140
134277
134532
134802
134897
135233
135253
135254
135416
135468
135529
135724
135748
135826
136031
136059
136486
136500
136526
136540
136728
136764
136926
137017
137082
137084
137177
137384
137410
137449
137772
138294
138418
138513
138514
138606
139347
139443
139842
139878
140108
140301
140334
140534
140602
140784
140970
141138
141392
141472
141524
141803
142156
142199
142247
142324
142366
142565
142572
142601
142778
142863
142871
143016
143110
143144
143279
143657
143901
144084
144423
144443
144606
144742
144818
144979
144988
145006
145304
145385
145515
145589
145790
145822
146001
146078
146100
146109
146256
146465
146482
146550
146561
146630
146702
147020
147121
147126
147199
147278
147512
147566
147723
147728
147974
148389
148405
148406
148413
148432
148615
148701
148724
148914
148968
149028
149116
149182
149290
149393
149478
149655
149762
149821
150062
150309
150403
150435
150703
150918
151086
151316
151320
151495
151536
151569
151598
151617
151650
152005
152061
152272
152381
152789
153021
153044
153175
153190
153210
153264
153328
153762
153790
153958
154384
154414
154825
154857
154921
155364
155675
155933
156078
156138
156229
156400
156618
156634
156769
156801
156803
156973
156998
157131
157166
157223
157390
157690
157702
157777
157876
158015
158064
158185
158584
158609
158618
158798
159251
159309
159336
159530
159657
159773
159977
160135
160328
160425
160506
160877
160897
160914
161144
161174
161262
161411
161635
161695
161804
161870
162049
162069
162107
162543
162625
162696
162786
162939
163073
163210
163673
163720
163726
163843
164048
164179
164329
164347
164518
164555
164608
164620
164765
164941
165011
165293
165349
165552
165597
165698
165788
165834
165972
166004
166006
166008
166238
166294
166511
166688
166824
167227
167397
167545
167591
167646
167722
167735
167844
167880
167916
168224
168293
168359
168381
168477
168485
168763
168934
169000
169260
169280
169396
169430
169462
169692
169907
170017
170317
170417
170418
170582
170888
170930
170977
171234
171327
171399
171528
171701
172229
172332
172373
172435
172458
172465
172749
172784
173052
173376
173558
173640
173708
174380
174712
174778
174827
174851
174993
175031
175090
175147
175512
175600
175816
175850
175944
176123
176202
176339
176555
176587
176607
176621
176684
176694
176698
176800
177629
177655
177782
177782
177852
177904
178015
178271
178353
178495
178512
178533
179016
179106
179125
179187
179223
179361
179504
179527
179833
180009
180137
180218
180335
180601
180681
180751
180916
181066
181393
181404
181751
181971
182116
182226
182416
182436
182514
182753
183012
183075
183263
183410
183587
183815
183951
184071
184107
184151
184277
184347
184455
184533
184628
184669
184681
184815
184998
185014
185241
185514
185844
185914
186248
186370
186548
186564
186577
186745
187023
187103
187116
187415
187429
187444
187650
187655
187923
187962
188328
188406
188406
188504
188778
188800
188857
188910
188975
188997
189179
189197
189396
189741
189805
189838
189990
189996
190180
190199
190262
190469
190658
190707
190938
190962
191220
191255
191334
191444
191579
191606
191901
191932
191939
191945
191979
192068
192126
192288
192680
192680
192744
192778
192926
192961
193057
193174
193218
193268
193318
193533
193707
193837
193942
194078
194213
194757
194802
195073
195259
195321
195724
195795
195846
195851
195984
196046
196080
196127
196151
196175
196211
196226
196276
196281
196331
196370
196849
197004
197049
197219
197221
197281
197436
197448
197541
197608
197803
197885
198160
198199
198460
198531
198694
198706
198780
198789
198838
198871
198993
199253
199269
199287
199303
199344
199428
199485
199502
199502
199550
199560
199639
199739
199799
199836
199875
199889
199941
200566
200590
200717
201190
201469
201505
201920
202041
202336
202404
202499
202589
202749
202906
202910
203169
203274
203428
203468
203718
203810
203873
203886
203953
204372
204476
204551
204732
204878
204899
204996
205228
205299
205433
205444
205518
205551
205637
205766
205777
205823
205851
206085
206367
206420
206517
206598
206927
207086
207101
207178
207572
207574
207698
207749
207817
207902
208035
208086
208290
208626
208753
208843
209123
209304
209357
209380
209714
209875
210156
210255
210271
210306
210315
210361
210679
210731
210753
210753
210799
210827
211051
211301
211322
211328
211359
211548
211677
211709
211949
211979
212008
212243
212285
212287
212355
212683
212716
212746
213155
213333
213406
213424
213705
213795
213860
213884
213965
214135
214275
214352
214454
214498
214588
215105
215566
215707
215760
215885
216265
216285
216554
216814
216827
216975
216976
217016
217034
217069
217105
217258
217352
217445
217556
217629
217810
217978
218082
218086
218158
218570
218634
218654
218688
218900
218909
218912
219052
219300
219305
219517
219841
219930
220017
220526
220564
220596
220657
220702
220900
221132
221365
222042
222155
222357
222572
222777
222853
222926
222947
222951
223202
223369
223387
223398
223459
224200
224204
224238
224257
224308
224398
224718
224837
224842
224979
225152
225439
225578
225843
226228
226310
226524
226746
226795
226938
227065
227166
227326
227339
227387
227595
227726
227757
227837
228091
228285
228568
228605
228658
228779
228851
228904
229189
229363
229399
229695
229729
229823
229878
229911
230029
230088
230106
230141
230205
230325
230461
230473
230507
230599
230614
230717
230870
230900
231058
231150
231263
231273
231293
231299
231353
231446
231847
232078
232490
232582
232647
232675
232750
232857
233198
233247
233397
233525
233675
233775
233787
233816
233863
233965
234095
234197
234389
234451
234520
234546
234637
234661
234989
235062
235126
235415
235532
235574
235761
235805
235892
236005
236026
236064
236175
236447
236456
236518
236588
236622
236631
236691
236709
236711
237091
237147
237390
237398
237525
237563
237703
237888
237924
238019
238064
238368
238412
238428
238468
238529
238543
238572
238576
238946
239115
239179
239363
239441
239569
239639
239686
239713
240199
240276
240339
240619
240675
240774
240963
241236
241574
241933
241998
242133
242228
242230
242348
242456
242606
242660
242791
242818
242884
243137
243218
243488
243558
243641
243643
243710
243816
243974
244010
244098
244304
244505
244587
244627
244742
244796
244884
244990
245109
245176
245287
245406
245497
245502
245563
245627
245640
245884
245992
246011
246170
246243
246518
246789
247094
247129
247206
247291
247318
247372
247540
247617
247646
248543
248580
248628
248652
248857
249368
249368
249377
249547
249600
249933
249959
250077
250241
250285
250455
250518
250857
250991
251089
251140
251264
251270
251556
251746
251776
251782
252047
252097
252229
252348
252702
252991
253169
253276
253346
253399
253596
253756
253831
254025
254089
254321
254438
254448
254654
254769
254830
254951
255003
255124
255166
255382
255473
255501
255505
255644
255668
255980
255994
256101
256207
256303
256539
256820
256967
256982
257023
257692
257728
257776
257866
258051
258089
258129
258169
258174
258723
258896
258992
259052
259075
259101
259124
259124
259385
259473
259556
260810
261023
261086
261126
261135
261308
261330
261589
261831
261985
262180
262652
262668
262872
262928
263302
263516
263624
263771
263778
263797
263906
263976
264126
264172
264789
265103
265426
265441
265460
265652
265967
266106
266451
266514
266915
266984
267311
267437
267805
267821
268106
268468
268478
268667
268845
268889
268926
269097
269179
269282
269443
269562
269615
269829
269922
269990
270035
270064
270150
270195
270345
270346
270388
270436
270684
270795
270841
270982
270999
271220
271515
271735
271798
271865
272035
272117
272183
272199
272290
272324
272451
272684
272755
272761
272785
273001
273021
273051
273062
273307
273308
273358
273425
273454
273689
273761
273776
273818
273899
274236
274408
274605
274897
274983
275140
275419
275880
275898
275916
276034
276152
277115
277663
277934
278086
278098
278201
278269
278304
278316
278534
278614
278713
278940
279299
279464
279543
279883
280008
280480
280658
280673
280916
281234
281437
281528
281616
281626
281711
281762
281807
281809
281832
281872
282067
282324
282770
282793
282926
283116
283143
283439
283669
283700
284472
284539
284551
284985
285044
285065
285097
285115
285305
285426
285570
285591
285884
285904
285975
286060
286111
286362
286411
286545
286623
286798
287164
287477
287572
287592
287735
287933
288031
288127
288185
288408
288454
288485
288657
288749
288850
288894
288930
289008
289014
289064
289076
289139
289177
289226
289308
289558
289682
289725
289764
289974
290014
290077
290270
290917
290923
290994
291004
291052
291053
291133
291335
291424
291446
291619
291788
291801
291863
291979
292025
292036
292146
292151
292233
292351
292449
292480
292676
292746
292869
293090
293129
293290
293396
293423
293449
293896
293932
294203
294386
294451
294617
294648
294702
294740
294750
294802
294842
295019
295253
295775
295823
295831
295958
295963
295985
296325
296369
296382
296712
296875
296930
296956
297007
297070
297103
297122
297236
297475
297606
297740
298052
298315
298436
298441
298520
298536
298581
298601
298720
298750
298847
298854
298916
299086
299164
299285
299378
299378
299814
299890
299963
300013
300076
300278
300291
300358
300523
300562
300647
301164
301217
301474
301490
301644
301676
301809
302070
302118
302134
302249
302275
302282
302310
302454
302499
302548
302678
302812
303215
303296
303555
303567
303735
303936
304120
304498
304545
304602
304618
304724
304840
304856
304891
304995
305158
305236
305360
305367
305449
305685
305749
305852
305854
305882
305897
306103
306220
306333
306404
306947
307112
307176
307637
307756
307909
307933
308136
308166
308358
308412
308573
308757
308759
308813
308973
309125
309147
309165
309234
309371
309373
309589
309647
309656
309771
310047
310083
310504
310588
310874
311158
311221
311373
311418
311461
312024
312052
312205
312330
312351
312354
312388
312482
312536
312589
312725
312938
313098
313128
313386
313472
313773
313904
314055
314141
314155
314540
314591
314593
314865
314988
314999
315035
315170
315197
315545
315602
315613
315719
315899
315944
315991
316056
316099
316176
316314
316417
316569
316615
316642
316732
316776
316789
316811
316931
316985
317376
317451
317589
317730
317991
318002
318096
318225
318280
318309
318479
318891
319031
319036
319053
319307
319323
319348
319408
319794
319804
319859
320101
320443
320699
320820
320823
320911
321567
321587
321615
321620
321647
321678
322023
322064
322370
322400
322696
322855
322901
323120
323327
323385
323419
323494
323713
323760
323969
324056
324108
324208
324218
324344
324661
325017
325355
325400
325617
325656
325820
325967
326191
326206
326213
326472
326676
326681
326726
326760
326808
326863
326879
326950
326969
327058
327179
327553
327556
327677
327914
328090
328761
328891
328912
328986
329001
329105
329222
329266
329488
329569
329691
330019
330025
330146
330212
330287
330523
330542
331229
331407
331558
331703
331750
331931
332056
332290
332373
332566
332777
332812
333071
333141
333234
333238
333272
333305
333500
333536
333560
333588
333644
333651
334077
334132
334158
334258
334300
334455
334743
334878
334968
334988
335038
335067
335082
335344
335514
335631
335683
335800
335999
336148
336424
336587
336964
337117
337283
337515
337709
337788
337807
337832
337882
337974
338069
338286
338728
338872
338902
339022
339042
339056
339161
339182
339330
339802
339951
340075
340260
340278
340339
340530
340551
340556
340805
340948
340998
341124
341217
341220
341270
341308
341320
341353
341660
341697
341942
341945
341970
341983
342032
342147
342341
342341
342370
342400
342570
342599
342715
342913
343084
343084
343102
343332
343340
343381
343630
343766
343867
344326
344377
344451
344630
344660
344745
344824
345150
345181
345295
345334
345411
345615
345785
345915
345931
346072
346084
346128
346221
346251
346312
346314
346516
346901
347029
347038
347126
347188
347300
347330
347434
347515
347565
347820
347842
347857
347857
348055
348294
348387
348493
348534
348561
348923
348952
348974
349174
349220
349577
349581
349749
349967
350088
350132
350174
350440
350457
350490
350515
350857
350874
351008
351121
351330
351646
351965
352114
352227
352351
352546
352648
352656
352791
352829
352838
352874
353039
353102
353371
353409
353512
353707
353716
353907
354167
354246
354285
354297
354341
354341
354435
354572
354616
354755
354929
355182
355357
355396
355488
355514
355654
355876
356166
356287
356478
356539
356702
356909
357178
357203
357306
357641
357692
357717
357836
358050
358056
358227
358317
358370
358405
358578
358842
359233
359354
359371
359438
359466
359546
359643
359756
359769
359904
359974
360292
360459
360753
360753
361232
361243
361378
361469
361567
361643
361738
361964
361968
362025
362074
362234
362258
362625
362726
362739
362778
362784
362895
362917
363022
363032
363067
363145
363154
363221
363474
363494
363500
363522
363897
363905
364027
364491
364658
364709
365004
365212
365261
365261
365280
365397
365407
365604
365652
365666
365795
366146
366245
366249
366257
366372
366373
366891
366945
367001
367020
367020
367021
367096
367199
367240
367479
367579
367595
367661
367896
367970
368204
368529
368689
368717
368858
368997
369052
369174
369289
369308
369539
369687
369810
370240
370297
370456
370796
370915
370968
370989
371128
371224
371231
371273
371357
371396
371818
371925
372045
372181
372188
372264
372469
372487
372698
372728
372955
373032
373198
373248
373310
373346
373649
373652
373849
374019
374159
374193
374217
374351
374442
374724
374857
374955
375025
375096
375124
375357
375549
375646
375706
375719
375781
375809
376020
376037
376287
376353
376555
376575
376673
376744
376803
377048
377052
377075
377327
377355
377398
377485
377509
377959
378056
378226
378289
378440
378554
378596
378683
378822
378922
379342
379450
379589
379738
379742
379912
380009
380198
380579
380603
380843
381044
381245
381261
381317
381318
381383
381397
381498
381549
381578
381685
381689
381750
381810
381815
382030
382188
382390
382570
382641
382647
382725
382747
382797
382885
382977
383027
383034
383220
383587
383599
383800
383968
383972
383985
384128
384168
384176
384327
384439
384664
384710
384885
384900
384907
385185
385372
385669
385699
385703
385846
385917
385992
386186
386196
386268
386466
386504
386593
386610
386645
386742
386790
386973
386988
387191
388114
388468
388633
388643
389013
389198
389265
389268
389279
389410
389410
389438
389495
389521
389526
389559
389706
389818
389964
390014
390025
390113
390303
390426
391355
391538
391713
391872
391908
391912
392069
392140
392312
392345
392361
392566
392636
392662
392828
392988
393055
393261
393269
393366
393450
393588
393755
393953
394027
394158
394162
394163
394184
394210
394269
394458
394559
395066
395178
395383
395592
395768
395839
396000
396370
396394
396652
396726
396951
397019
397071
397196
397307
397391
397398
397565
397581
397762
397903
398119
398198
398335
398493
398663
398783
399182
399242
399450
399566
399636
399791
400110
400164
400415
400430
400503
400557
400843
400847
400859
400933
400947
401066
401091
401596
401882
402187
402333
402455
402618
402713
402840
402900
402948
403041
403147
403273
403353
403479
403493
403509
403723
403756
403839
404095
404178
404185
404232
404278
404281
404400
404679
404870
405194
405573
405948
406088
406130
406268
406323
406377
406378
406684
406742
406851
406923
406973
407267
407525
407942
408073
408263
408267
408326
408513
408516
408729
408868
408891
408931
409094
409204
409204
409335
409436
409475
409740
409926
410064
410101
410130
410198
410721
410817
410862
411022
411524
411789
411831
411911
411950
411984
412046
412054
412064
412190
412565
412791
412821
413263
413445
413530
413695
413703
413750
413849
413911
414275
414388
414497
414525
414535
414735
414884
414884
414893
415020
415143
415173
415234
415352
415401
415480
415573
415604
415657
415760
415772
415956
416184
416202
416288
416352
416430
416469
416961
416990
417148
417444
417573
417617
417714
417875
417940
417964
418080
418206
418291
418331
418409
418556
418574
418615
418657
419149
419308
419330
419544
419572
419627
419868
419887
419987
420125
420160
420196
420390
420402
420732
420775
421161
421212
421230
421417
421684
421740
421764
421926
421969
422130
422888
423059
423098
423100
423200
424104
424439
424521
424750
424791
425100
425666
425744
425745
425782
426034
426315
426545
426656
426927
426970
427196
427222
427279
427380
427438
427472
427656
427661
427727
427801
427810
427932
427971
428065
428205
428344
428442
428602
428605
428872
428913
428920
428987
429181
429441
429524
429643
429814
429856
429977
429987
429995
430466
430551
430802
430805
430846
430983
431239
431253
431260
431573
431625
431694
431940
432129
432227
432247
432635
432726
432814
432879
432902
433140
433149
433199
433294
433507
433541
434595
434776
434869
435348
435376
435463
435484
435776
435787
436339
436436
436536
436547
436655
436803
437072
437102
437275
437291
437407
437657
437762
437839
437987
438059
438292
438336
438571
438968
439231
439369
439571
439840
439923
439949
440007
440032
440052
440382
440441
440447
440516
440810
440839
440882
441290
441697
441780
441796
441857
441944
442196
442199
442407
442412
442680
442817
442834
442911
443018
443159
443198
443453
443502
443597
443709
443723
443730
444030
444070
444111
444679
444695
444764
444806
444865
444946
445206
445278
445408
445416
445627
445663
445693
445722
445732
445922
446079
446171
446277
446344
446358
446480
446571
447008
447040
447203
447296
447444
447462
447524
447565
447606
447656
448120
448123
448192
448356
448477
448672
448684
448846
449187
449226
449360
449469
449521
449690
450023
450086
450107
450165
450186
450209
450264
450299
450375
450426
450455
450742
450832
450990
450996
451070
451363
451388
451399
451598
451755
451765
451881
451969
452157
452165
452407
452432
452456
452518
452674
452856
453004
453023
453116
453292
453356
453382
453424
453440
453734
453831
453934
454004
454064
454079
454218
454249
454269
454440
454487
454881
454957
455181
455196
455430
455463
455507
455589
455636
455732
455832
456157
456328
456429
456643
456819
457032
457047
457104
457144
457273
457429
457547
457604
457701
457755
458035
458139
458167
458577
458595
458623
458882
458910
458982
458999
459029
459274
459280
459400
459504
459682
459759
460004
460077
460168
460602
460624
460706
460709
461026
461061
461200
461452
461557
461617
461622
461717
461753
461857
461914
462105
462175
462275
462462
462717
462883
463018
463102
463258
463268
463331
463420
463543
463593
463611
463713
464074
464296
464426
464581
464587
464705
464943
464997
465108
465137
465276
465895
465902
465985
466034
466093
466207
466252
466432
466450
466501
466501
466916
467096
467196
467399
467502
467584
468319
468444
468714
468735
468778
468787
468862
468919
469435
469482
469543
469758
469906
469927
469977
470025
470106
470119
470388
470548
470671
470673
470769
470806
470961
471152
471175
471399
471495
471569
471907
472096
472254
472333
472372
472562
472650
472698
472807
473016
473080
473186
473395
473471
473541
473633
473634
473659
473697
473716
473833
473921
473980
474158
474283
474361
474484
474741
474746
474877
475050
475248
475584
475600
475616
475663
475706
475801
475848
476040
476226
476279
476291
476324
476449
476518
476521
476534
476556
476582
476628
477022
477030
477220
477288
477333
477450
477610
477692
477801
477938
477999
478114
478133
478187
478343
478352
478497
478967
479133
479214
479230
479276
479521
479523
479738
479883
479886
479909
480025
480431
480437
480677
480708
480727
481251
481386
481406
481430
481457
481496
481654
482308
482317
482509
482515
482656
482754
482791
482851
482891
482939
482960
482980
482997
483004
483021
483095
483101
483124
483303
483373
483397
483417
483862
484363
484409
484570
484946
485072
485187
485264
485346
485601
485780
485871
485907
486084
486260
486428
486438
486492
486505
486524
486563
486634
486678
486691
486954
487149
487151
487248
487322
487370
487413
487414
487731
487733
487888
487904
488048
488066
488207
488258
488504
488538
488969
489156
489473
489497
489555
489753
489841
489865
489883
490021
490063
490441
490524
490569
490626
490694
490881
491247
491532
491603
491850
491950
492072
492339
492478
492482
492547
492614
492835
492856
493214
493340
493396
493463
493897
493945
494003
494056
494160
494296
494338
494358
494405
494496
494534
494592
494597
494755
494859
494937
495081
495227
495338
495472
495811
495945
495985
496292
496583
496680
496847
496952
497068
497371
497414
497465
497576
497637
497778
498047
498287
498504
498574
498678
498816
499136
499192
499297
499463
499494
499550
499663
499793
499821
499978
499999
500093
500329
500522
500615
500622
501021
501076
501252
501443
501471
501546
501728
501739
501803
502235
502254
502325
502394
502472
502601
502757
502924
503194
503246
503314
503484
503494
503554
503558
503678
503872
503895
504025
504068
504271
504341
504375
504409
504468
504526
504672
504790
504828
504887
505130
505204
505225
505249
505336
505408
505446
505612
505890
505908
506107
506109
506221
506271
506295
506346
506556
506620
506692
506735
506779
506921
507043
507199
507274
507338
507660
507747
507794
507893
508028
508069
508293
508460
508492
508656
508844
508904
508911
508945
509296
509572
509593
509671
509729
509735
509806
509841
509961
510049
510335
510342
510394
510524
510563
510604
510645
511181
511305
511351
511376
511392
511444
511487
511513
511615
511732
511914
512067
512102
512182
512188
512204
512449
512564
512709
512920
512989
513117
513207
513320
513475
513613
513661
513725
513776
514115
514121
514382
514415
514764
514890
514929
515454
515856
515895
515913
515938
516152
516167
516173
516413
516419
516704
516887
516958
516969
517091
517221
517289
517354
517425
517698
517777
517856
517974
518094
518187
518193
518310
518326
518907
519009
519575
519578
519694
519694
519695
519770
520256
520291
520319
520589
520909
521275
521424
521512
521567
522017
522159
522424
522522
522538
522584
522916
523003
523032
523075
523126
523166
523374
523390
523761
524194
524267
524482
524658
524862
524875
524882
524912
524943
525144
525259
525270
525415
525444
525593
525833
525869
526010
526130
526183
526343
526876
526973
527310
527554
527758
528208
528451
528507
528648
528742
528751
528771
528954
529176
529407
529526
529750
529860
529935
529954
530043
530106
530156
530194
530268
530510
530763
530828
530928
531094
531333
531513
531593
531657
531820
531926
531953
532050
532109
532143
532270
532895
532999
533092
533262
533478
533491
533609
533718
533805
533883
533898
534349
534457
534471
534530
534981
534988
534994
535074
535215
535222
535281
535311
535437
535510
535513
535625
535901
536281
536360
536402
536443
536468
536584
536731
536923
536964
537000
537003
537045
537259
537274
537489
537525
537560
537622
537664
537815
537861
537870
537972
538185
538210
538467
538504
538668
538729
538732
538833
539025
539200
539229
539447
539612
539639
539641
539830
539834
539946
540047
540147
540228
540275
540276
540410
540445
540555
540658
540745
540975
541009
541016
541033
541048
541088
541232
541293
541533
541797
541894
541929
542381
542646
542762
542886
543411
543614
543931
544148
544203
544588
544694
544723
545080
545092
545128
545285
545309
545437
545585
545669
545875
545915
546016
546208
546382
546803
546918
547073
547078
547199
547264
547357
547408
547508
547652
547664
547673
547886
548169
548170
548283
548306
548529
548722
548783
548820
548843
548886
549219
549417
549437
549587
549589
549684
549751
550082
550192
550330
550379
550389
550542
550746
550759
551120
551205
551205
551240
551257
551414
551446
551470
551704
551726
551749
551899
551952
551978
552089
552097
552104
552352
552415
552445
552453
552632
552787
552857
552859
552970
553166
553313
553341
553412
553531
553692
553928
553945
554140
554162
554162
554259
554420
554570
554604
554651
554734
554780
554841
554905
554971
554983
555049
555190
555307
555308
555418
555447
555460
555507
555540
555836
556435
556577
556950
556963
557029
557267
557314
557329
557331
557365
557445
557618
557636
557973
558075
558111
558362
558491
558619
559035
559275
559571
559835
560485
560915
561097
561105
561158
561380
561413
561456
561474
561499
561653
561667
561888
562056
562081
562285
562291
562351
562473
562507
562793
562872
563153
563348
563523
563591
563860
564080
564099
564229
564288
564622
564752
564781
565159
565426
565582
565591
565757
565772
565901
565961
566068
566116
566218
566554
566559
566709
567015
567458
567482
567757
567821
568142
568274
568403
568708
568895
568914
568947
568996
569018
569029
569250
569497
569619
569625
569738
569776
570007
570170
570362
570728
570826
570853
570906
570962
570985
571008
571038
571112
571132
571215
571282
571625
571660
571702
572121
572375
572528
572650
572695
572985
573288
573388
573421
573551
573592
573634
573728
573775
573803
573824
573913
574092
574113
574262
574479
574487
574527
574676
574827
575050
575228
575275
575428
575509
575536
575736
575796
576077
576234
576268
576291
576398
576404
576432
576599
576789
576885
576902
576928
577067
577116
577630
577653
577829
577858
578002
578100
578145
578173
578196
578205
578220
578232
578304
578517
578613
578856
578953
579096
579160
579224
579290
579428
579663
579862
579878
580168
580170
580176
580201
580219
580226
580345
580505
580506
580541
580725
580918
581090
581205
581268
581358
581371
581454
582223
582237
582379
582403
582704
582719
582741
583097
583182
583297
583347
583473
583678
583986
584038
584241
584243
584310
584423
584435
584515
584736
584974
585038
585110
585287
585565
585851
585875
586127
586461
586467
586562
586622
586635
586880
587070
587204
587405
587479
587536
587637
587764
587822
587899
587971
587993
588144
588170
588346
588462
588553
588739
588811
588830
589156
589274
589295
589330
589357
589537
589720
589857
589861
589872
589888
589890
589967
590055
590260
590281
590349
590466
590803
590869
591024
591044
591082
591186
591224
591387
591579
591688
592146
592245
592506
592693
592741
592757
592798
592825
592886
592977
593051
593077
593106
593292
593323
593375
593473
593594
593637
593684
593758
594163
594222
594294
594407
594654
595190
595206
595503
595744
595878
595893
596059
596143
596257
596391
596395
596773
596984
597115
597509
597719
597843
597928
598225
598254
598320
598454
598546
598553
598581
598646
598702
598858
598881
599012
599042
599074
599120
599359
599416
599589
599632
599635
599699
599780
599832
599944
599955
600020
600250
600650
600725
600813
600884
600896
600999
601035
601203
601556
601727
601784
601828
601980
602274
602332
602333
602649
602675
602762
602766
602829
603166
603587
603761
603867
603998
604214
604494
604691
604710
604715
604829
604948
604964
605030
605284
605299
605676
605868
606029
606050
606085
606617
606708
606748
606846
606915
607108
607220
607418
607497
607626
607654
607673
607730
607737
608058
608076
608112
608155
608304
608306
608439
608591
608657
608827
609146
609219
609283
609305
609433
609514
609542
609644
609675
609676
609689
609720
609816
609967
610018
610161
610433
610434
610848
610899
610981
611321
611471
611478
611493
611513
611582
611676
611730
611787
611853
612087
612377
612399
612399
612852
612981
613044
613157
613191
613300
613413
613484
613804
614127
614175
614297
614450
614523
614562
614681
614812
615022
615070
615478
615766
615909
616317
616527
616582
616610
616852
616886
616957
617041
617217
617283
617405
617455
617500
617968
618029
618107
618207
618324
618334
618357
618400
618512
618947
619126
619228
619244
619261
619440
619525
619780
619786
619827
619925
619976
620186
620208
620297
620369
620589
620807
621079
621219
621341
621658
621729
621741
621772
621792
621877
621982
622186
622338
622390
622665
622715
622805
622827
623075
623204
623226
623355
623390
623534
623902
624005
624153
624266
624295
624318
624542
624893
625102
625209
625277
625339
625389
625390
625503
625654
625675
625734
625822
626000
626076
626123
626273
626472
626561
626912
626941
627019
627411
627526
627767
627872
628008
628452
628458
628623
629152
629338
629457
629472
629809
629877
630046
630061
630147
630183
630299
630441
630477
630572
630687
630716
630802
630899
631014
631169
631222
631310
631327
631807
631874
631929
632050
632051
632277
632307
632752
632831
632852
632938
633112
633227
633284
633711
633795
633949
634279
634344
634499
634525
634584
634693
635166
635227
635264
635343
635461
635542
635542
635566
635639
635922
635950
636263
636323
636353
636353
636481
636540
636550
636796
636853
637016
637303
637450
637523
637820
638270
638285
638424
638737
638750
638822
638935
638945
639055
639381
639386
639392
639464
639555
639720
639796
640015
640036
640061
640074
640552
640823
640829
640857
640905
640906
641158
641175
641536
641613
641800
641816
641819
641832
641853
642088
642126
642167
642296
642610
642613
642653
642655
642907
642907
642917
643095
643142
643197
643236
643272
643280
643352
643371
643393
643417
643573
643758
643763
643891
643983
644017
644042
644223
644366
644511
644554
644558
645029
645530
645708
646437
646470
646496
646650
646681
646943
647271
647290
647412
647490
647535
647572
647584
647643
647998
648205
648254
648281
648412
648582
648874
648944
649180
649375
649599
649604
649692
649745
650073
650109
650212
650570
650601
650612
650641
650724
650763
651035
651073
651353
651546
651880
652152
652162
652425
652486
652600
652630
652836
653036
653781
653840
653916
653916
653953
653976
654201
654382
654480
654509
654626
654694
654741
654851
654882
654890
655169
655218
655629
655873
655902
655963
656056
656129
656452
656471
656491
656549
656580
656608
656841
657074
657134
657236
657334
657416
657417
657555
657581
657685
657686
657707
657729
658122
658159
658324
658626
658666
658740
658773
658940
659065
659217
659271
659293
659318
659430
659558
659624
659704
659806
660122
660291
660293
660326
660475
660631
660648
660858
660998
661207
661275
661398
661426
661516
661543
661608
661723
661816
661851
661959
661983
662508
662618
662680
663011
663212
663358
663452
663557
663702
663756
663823
663912
664065
664091
664244
664433
664797
664798
664891
665009
665076
665177
665237
665398
665474
666152
666175
666505
666625
666700
667045
667353
667492
667579
667759
667916
668587
668720
668737
668832
668891
669204
669606
669681
669915
670048
670074
670093
670105
670244
670258
670337
670584
670632
670880
670886
671226
671335
671338
671554
671641
671721
671860
672198
672364
672463
672639
672877
672935
672984
673038
673134
673210
673351
673373
673571
673704
673758
673781
673836
673873
673888
673937
674011
674111
674430
674518
674605
674631
674747
674986
675082
675185
675252
676001
676006
676326
676464
676642
676684
676794
676804
677088
677120
677148
677241
677315
677367
677380
677438
677490
678141
678168
678518
678802
678912
679117
679167
679316
679410
679416
679496
679508
679717
679875
679897
679936
680052
680081
680124
680172
680323
680549
680571
680709
680972
681088
681232
681457
681492
681716
681729
681924
681968
682087
682164
682212
682335
682521
682623
682750
682793
682801
683059
683083
683118
683121
683303
683351
683483
683632
683654
683717
683816
684324
684386
684699
684777
684865
684873
685002
685100
685121
685188
685939
685971
686031
686512
686716
686766
686804
686869
686960
687203
687489
687502
687604
688065
688072
688186
688199
688263
688445
688475
688587
688589
688640
688804
688892
688902
688962
689209
689312
689395
689416
689457
689614
689905
689991
690220
690592
690707
690734
690754
690888
690954
691144
691195
691259
691315
691370
691373
691644
691648
691687
691902
692221
692328
692361
692428
692695
693447
693562
693622
693651
693769
693829
694227
694667
694746
694821
694840
694846
694930
695098
695247
695267
695306
695428
695487
695658
695925
696044
696097
696113
696157
696281
696504
696578
696839
696894
696897
696976
697014
697048
697051
697054
697248
697289
697343
697406
697488
697510
697560
697919
698052
698251
698734
698834
698852
698853
699015
699034
699194
699220
699272
699593
699596
699702
699850
699930
700023
700239
700370
700697
700833
700838
701049
701064
701078
701202
701243
701300
701491
701552
701835
701863
702013
702370
702383
702753
702984
703000
703310
703409
703771
704025
704129
704494
704498
704603
704687
704738
705013
705067
705163
705278
705439
705686
705767
706160
706229
706588
706623
706776
706996
707240
707331
707458
707570
707677
707786
707842
707892
707973
708099
708652
708751
708797
708819
708881
708897
709196
709422
709478
709609
709611
709809
710176
710236
710520
710862
711180
711377
711535
712012
712037
712042
712663
712796
712840
712871
713011
713144
713194
713335
713353
713429
713524
713551
713640
713821
714027
714194
714215
714238
714350
714373
714433
714438
714475
714679
714814
714829
714842
714844
714982
715205
715496
715726
715898
715950
716373
716610
716694
716964
717124
717191
717272
717377
717560
717620
717764
717767
718096
718136
718282
718303
718412
718589
718649
718864
718951
719045
719146
719169
719183
719256
719286
719349
719505
719541
719841
719859
719962
720036
720115
720367
720486
720645
720820
721488
721668
721902
721914
721921
722001
722427
722440
722630
722772
722985
723144
723215
723365
723700
723795
723932
724116
724150
724203
724207
724611
724821
724836
725111
725222
725630
725741
726168
726249
726366
726723
726741
726795
726892
726910
726941
726950
726955
727104
727143
727227
727278
727803
728009
728124
728161
728243
728524
728612
728642
728672
728678
728774
728874
728923
728998
729189
729210
729223
729356
729431
729467
729798
729835
730022
730073
730193
730359
730513
730532
730540
730801
731030
731052
731368
731368
731898
732042
732366
732711
732777
733294
733463
733544
733863
734137
734160
734329
734438
734812
735398
735446
735475
735537
735729
735980
735999
736033
736060
736309
736347
736413
736654
736713
736924
737247
737472
737488
737719
737786
737835
737923
737999
738007
738111
738253
738395
738395
738440
738511
738625
738909
739087
739143
739180
739225
739444
739663
739768
739815
739834
739868
739945
739958
740007
740012
740038
740148
740238
740506
740521
740593
740668
740728
740875
740945
740947
740981
741053
741232
741572
742012
742404
742539
742713
742806
742810
742823
742879
742908
743108
743333
743418
743475
743553
743696
743799
743838
743860
744061
744160
744245
744333
744544
744573
744682
744698
744844
744861
745273
745578
745580
745613
745629
745833
746040
746332
746785
746881
746912
747141
747223
747239
747317
747424
747551
747672
747732
747769
747796
747800
747818
748100
748338
748443
748528
748575
748728
748836
749054
749097
749303
749418
749608
749699
749791
749839
749842
750163
750205
750353
750480
750528
750536
750581
750693
750713
750876
750933
750957
751283
751595
751630
751792
751824
751925
751992
752184
752227
752305
752343
752538
752544
753024
753178
753491
753597
753610
753782
754131
754281
754306
754443
754554
754735
754885
754964
755155
755373
755451
755510
755521
755568
755600
755615
755618
755768
756022
756077
756145
756314
756357
756491
756747
756941
756955
757032
757150
757441
757530
757701
757725
757842
758049
758147
758425
758456
758559
758597
758600
758742
758766
758868
759063
759133
759594
759677
759930
760020
760111
760344
760358
760442
760516
760550
760664
760664
760670
760832
760870
760911
761028
761091
761103
761174
761668
762040
762078
762223
762293
762304
762372
762494
762717
762804
762899
763124
763156
763226
763509
763540
764085
764169
764213
764405
764426
764513
764600
764604
764866
764984
765100
765271
765339
765372
765471
765528
765801
765826
765863
766181
766282
766437
766541
766681
766824
766832
766994
767166
767496
767840
767909
768013
768097
768255
768354
768365
768374
768409
768416
768540
768748
768768
769041
769186
769394
769636
769743
769901
769929
770005
770061
770138
770310
770505
770555
770653
771083
771179
771312
771382
771505
771561
771649
771852
771982
772122
772164
772185
772966
773305
773381
773437
773674
773683
773729
774058
774369
774549
774557
774864
774867
774963
774994
775022
775108
775193
775485
775487
775703
775734
775752
775757
775762
775848
775973
776066
776154
776198
776216
776309
776331
776410
776433
776545
776590
776629
776678
776844
776976
777119
777370
777521
777598
777639
777917
778179
778418
778419
778479
778868
778883
778969
779186
779332
779389
779863
779919
780070
780142
780222
780450
780612
780938
781084
781277
781546
781594
781921
781987
782093
782105
782216
782252
782264
782280
782393
782454
782629
782687
782832
782881
782904
782979
783063
783145
783220
783258
783464
783580
783599
783610
783851
784069
784082
784237
784244
784486
784492
784811
784851
784998
785059
785249
785264
785728
785784
785890
785910
786029
786079
786101
786137
786169
786245
786296
786626
786727
786886
787087
787119
787225
787231
787248
787261
787267
787650
787698
787709
787851
787907
787930
787973
787995
788025
788191
788214
788247
788319
788418
788604
788800
788851
789317
789542
789590
789602
789698
790120
790304
790500
790503
790521
790571
790628
790648
790940
790961
790975
791154
791203
791268
791429
791762
791983
792485
792499
792499
792555
792589
792672
792723
792931
793092
793206
793249
793319
793479
793590
793647
793944
794164
794285
794400
794444
794592
794859
794946
794963
795071
795165
795385
795425
795486
795508
795721
795777
795804
796002
796080
796155
796396
796663
796844
796913
796972
796975
797022
797240
797307
797720
797729
797845
798146
798437
798551
798574
798742
798813
798964
799114
799154
799191
799479
799627
799815
800340
800436
800474
800633
800649
800836
800899
801014
801361
801807
801860
802224
802343
802425
802519
802536
802596
802602
802678
802742
802806
802929
802972
803026
803055
803191
803250
803377
803415
803479
803675
803727
803954
804175
804211
804331
804449
804588
804708
804994
805038
805368
805523
805581
805791
806069
806186
806348
806420
806458
806627
806848
806865
806881
806882
806917
806952
807098
807266
807463
807581
807712
807896
807910
807965
808102
808212
808489
808489
808612
808735
808771
808776
809049
809104
809517
809597
809676
809736
809737
809888
810299
810750
810776
810816
810850
811096
811276
811320
811361
811592
811664
811699
811805
811837
812201
812208
812259
812273
812441
812601
812851
813021
813139
813225
813343
813417
813627
813704
813706
813707
813750
813850
814003
814015
814195
814354
814369
814450
814638
814657
814718
814725
814819
815084
815212
815259
815266
815270
815328
815487
815494
815581
815709
815711
815780
815815
815940
815959
815976
816116
816153
816335
816382
816410
816612
816668
816850
817083
817362
817755
817804
817807
818077
818180
818392
818405
818477
818481
818529
818613
818618
818760
818904
819284
819619
819640
819974
819983
819994
820338
820636
820637
821131
821179
821274
821508
821859
822012
822158
822168
822339
822671
822899
822937
823151
823336
823496
823652
823663
823695
823846
823915
823921
824026
824139
824295
824500
824511
824560
824647
824741
825003
825110
825364
825586
825724
825832
826230
826520
826551
826805
826972
827046
827063
827351
827405
827438
827556
827598
827711
827812
828073
828086
828096
828137
828173
828200
828536
828606
828714
828746
828814
828890
829188
829190
829292
829576
829586
829832
830175
830181
830232
830324
830390
830457
830505
830531
830687
831050
831082
831408
831796
831895
832039
832068
832101
832118
832317
832413
832465
832478
832635
832867
832974
833226
833415
833565
833669
833818
833929
833937
833977
834017
834020
834073
834145
834187
834426
834688
834915
835212
835336
835408
835462
835528
835537
835548
835707
835840
835920
836085
836322
836343
836443
836461
836776
836895
837428
837959
838037
838226
838231
838235
838253
838266
838267
838667
838674
838687
838779
839012
839132
839467
839518
839558
839650
839679
840141
840262
840273
840306
840472
840601
840609
840612
840787
840882
841018
841084
841210
841275
841341
841429
841441
841510
841534
841613
841667
841709
841722
841758
842139
842293
842392
842586
842610
842647
842804
842850
842961
843034
843051
843082
843181
843304
843335
843391
843721
843875
843934
843960
844032
844078
844223
844251
844417
844575
844952
845183
845324
845345
845499
845554
845590
845650
845931
846012
846057
846086
846102
846392
846534
846607
846622
846637
846908
847201
847246
847304
847645
847918
847922
847931
848155
848324
848418
848597
848879
848882
848888
848974
849393
849661
849707
849966
849990
850056
850135
850223
850254
850388
850470
850494
851105
851335
851499
851675
852050
852329
852431
852730
852760
852944
852973
852975
853176
853346
853419
853439
853466
853554
853641
853652
853710
853750
854115
854215
854320
854419
854464
854572
854698
854737
854742
854849
854881
854942
855284
855502
855761
856148
856277
856426
856426
856538
856654
856782
856819
856859
856888
856979
857023
857086
857134
857174
857201
857306
857613
857746
857932
858181
858461
858514
858572
858584
858625
859044
859051
859095
859274
859436
859589
859914
860161
860177
860413
860421
860453
860475
860540
860585
860735
860872
860955
861002
861159
861207
861376
861510
861532
861688
861735
861736
861777
861989
862009
862055
862202
862248
862253
862319
862319
862393
862411
862533
862598
862839
863068
863127
863208
863288
863583
863761
864499
864527
864721
864724
864848
864857
865119
865228
865272
865333
865361
865505
865527
865544
865839
865952
865997
866095
866207
866227
866240
866278
866368
866410
866515
866748
866807
866928
867037
867046
867210
867218
867462
867518
867521
867621
867775
867891
868076
868152
868227
868235
868305
868434
868567
868644
868856
868942
869077
869174
869251
869258
869288
869334
869376
869496
869538
869751
869790
869845
869851
869952
870259
870266
870455
870516
870680
870694
870714
870755
870928
871118
871459
871909
871971
872239
872432
872440
872719
872843
872851
872902
872957
872979
873314
873386
873388
873573
873583
873670
873764
873860
873923
874036
874088
874092
874124
874145
874164
874230
874421
874471
874651
874787
874988
875001
875156
875261
875262
875425
875604
875689
875966
876385
876549
876720
876858
876890
876980
877195
877309
877360
877500
877595
877706
877907
877950
877995
878086
878245
878259
878497
878717
878889
879072
879168
879183
879317
879548
879895
880154
880251
880362
880639
880687
880719
880782
880870
880893
880987
881096
881331
881661
881916
882017
882078
882197
882511
882622
882708
882908
882988
883015
883135
883226
883251
883280
883454
883643
883662
883853
884096
884141
884272
884300
884378
884420
884692
884862
885013
885138
885337
885436
885442
885659
885762
885764
885847
886027
886188
886248
886281
886318
886768
886837
887127
887178
887308
887854
887912
887990
888507
888559
888578
888639
888753
888906
888909
888993
889029
889051
889340
889544
889564
889614
889718
889986
890026
890065
890296
890367
890413
890662
890825
890935
891090
891234
891344
891377
891492
891516
891532
891576
891984
892032
892190
892290
892462
892692
892997
893437
893616
893797
893982
894163
894507
894645
894708
894718
894887
895071
895120
895212
895232
895294
895350
895389
895428
895648
895903
895954
896018
896151
896382
896414
896621
896637
896797
896886
896904
897144
897224
897307
897336
897629
897631
897673
897816
898069
898401
899014
899049
899266
899311
899314
899376
899704
900122
900485
900809
900995
901147
901159
901217
901358
901375
901446
901598
901615
901637
902577
902717
902916
903095
903122
903161
903376
903380
903480
903634
903865
903904
903933
904010
904013
904165
904221
904495
904523
904582
904848
904980
905060
905250
905308
905398
905520
905660
905680
905713
905950
906004
906091
906146
906345
906362
906425
906701
906850
907080
907432
907669
908004
908157
908271
908287
908343
908348
908616
908779
908783
908957
909054
909299
909414
909527
909683
909787
909857
910053
910077
910208
910377
910380
910452
910456
910482
910682
910697
910792
910832
911049
911277
911314
911400
911453
911579
911652
911891
911931
912071
912095
912246
912339
912360
912511
912697
913113
913178
913225
913317
913348
913404
913423
913433
913495
913593
913657
913829
913885
914041
914551
914838
914948
915246
915329
915357
915417
915579
915882
916048
916105
916129
916132
916154
916195
916200
916349
916836
916913
917054
917212
917262
917608
917612
917624
917820
917951
917958
918028
918105
918110
918162
918447
918622
918688
918735
919063
919336
919424
919644
919796
919815
919858
919949
920113
920270
920296
920359
920537
920646
920707
920729
920792
920897
921044
921062
921177
921282
921398
921730
921910
922037
922281
922455
922510
922638
922688
922831
922886
923010
923400
923551
924013
924016
924273
924502
924664
924709
924885
924933
925039
925147
925157
925395
925550
925551
925687
925738
925847
925856
925926
925928
926187
926282
926621
926737
926755
926776
926828
926902
926989
927102
927231
927241
927307
927312
927765
927793
928388
928493
928818
928897
929333
929469
929472
929666
929754
929823
930002
930008
930306
930499
930585
930640
930648
930648
930681
930699
930722
930817
930847
930867
931103
931388
931493
931646
931669
932245
932383
932493
932571
932737
932758
932790
932816
932871
932888
932927
933240
933258
933289
933323
933420
933455
933467
933563
933772
933780
933861
933896
934180
934197
934324
934464
934651
934837
934923
934943
934966
935060
935147
935193
935232
935242
935431
935450
935533
935572
935614
935766
935924
935972
935999
936012
936207
936396
937152
937217
937380
937537
937724
937782
938079
938114
938389
938412
938544
938630
938947
939247
939279
939373
939536
939629
939652
939768
940094
940263
940463
940628
940697
940789
940949
940995
941019
941093
941232
941321
941367
941369
941410
941438
941496
941506
941565
941614
941653
941712
941907
942018
942176
942238
942297
942472
942511
942664
942664
943099
943298
943459
943514
943693
944073
944160
944295
944630
944750
944767
944804
945244
945555
945944
946004
946061
946294
946362
946904
947011
947124
947230
947270
947306
947455
947512
947600
947837
947840
947845
947909
948138
948612
948687
948716
948928
948956
948986
949237
949253
949287
949297
949417
949476
949563
949926
950192
950290
950505
950557
950606
950729
950833
950904
950937
950956
951073
951138
951441
951595
951612
951690
951745
952052
952095
952142
952366
952435
952516
952761
952821
952921
952975
953041
953139
953174
953211
953250
953261
953306
953704
953917
953955
954028
954219
954291
954302
954355
954532
954542
954624
954632
954760
954916
954958
954963
955141
955163
955194
955352
955610
955649
955664
955679
955853
956223
956307
956492
956530
956567
956642
956752
956860
956886
956892
956894
957143
957216
957236
957414
957465
957641
957813
957823
957869
958023
958082
958092
958159
958613
958813
959029
959104
959121
959131
959169
959316
959849
960162
960191
960198
960275
960301
960358
960479
960580
960601
960762
961024
961062
961117
961221
961240
961625
961725
961861
961922
961929
962149
962234
962389
962401
962526
962537
963029
963412
963501
963958
963960
964109
964189
964714
964820
964962
965149
965374
965447
965473
965481
965729
965767
965946
966121
966278
966352
966391
966419
966436
966563
966581
966586
966771
966885
966983
967708
967831
967869
967910
968373
968434
968655
968685
968763
968793
968877
969050
969214
969445
969480
969708
970812
970842
970850
970889
970902
971311
971377
971677
971843
971986
972175
972613
972726
972771
972837
972863
972934
972943
973339
973608
973675
973707
973718
973769
973893
974077
974219
974222
974373
974532
974920
974931
974933
975001
975011
975046
975084
975134
975310
975443
975566
975826
976072
976134
976159
976893
976959
977098
977265
977451
977753
977756
977780
977914
977918
977953
978217
978470
978756
978788
978810
978863
978917
978936
979315
979477
979493
979620
979912
979917
980500
980532
980752
980767
980786
980884
980972
981484
981570
981700
981704
982222
982351
982406
982548
982573
982656
982758
982894
982960
983104
983140
983232
983324
983537
983670
983700
983779
983835
983904
984126
984354
984404
984439
984498
984559
984996
985440
985493
985522
985662
985774
985996
986050
986155
986214
986235
986317
986418
986457
986460
986634
986849
987021
987519
987618
987771
987905
987973
988159
988420
988722
988729
988755
988762
988839
988971
989205
989213
989214
989537
989718
990005
990043
990175
990198
990338
990556
990717
990974
991056
991190
991366
991505
991573
991677
991768
991840
991910
991980
992427
992546
992893
992923
992968
992980
993217
993236
993291
993359
993441
993508
994046
994475
994649
994659
994768
994838
994921
994950
995106
995212
995371
995521
995595
995682
995684
995817
995873
995907
995958
995988
996198
996371
996387
996641
997066
997175
997259
997288
997462
997478
997653
997714
997748
997875
997928
998805
999030
999108
999131
999205
999542
999550
999590
999797
999869
999921
