67
88
150
178
420
640
757
901
1194
1284
1628
1715
1856
1910
1926
1988
2147
2337
2341
2485
2581
2650
2657
2677
2745
2761
2871
2896
3193
3297
3536
3620
3730
3743
3767
3892
3914
3958
4294
4328
4337
4474
4687
4690
4735
4900
4974
4996
5147
5200
5271
5311
5445
5600
5942
5981
6249
6277
6463
6587
6612
6798
6949
7083
7186
7438
7467
7481
7488
7657
7713
7749
8077
8099
8137
8171
8383
8414
8472
8704
8710
8789
8884
8970
9066
9076
9106
9124
9257
9259
9489
9575
9585
9791
9927
10002
10040
10046
10209
10463
10685
10760
10775
10909
10909
10973
11100
11185
11309
11621
11695
11964
11965
12234
12368
12425
12451
12485
12561
12647
12664
12669
12707
12851
12902
13048
13354
13398
13435
13453
13481
13558
13559
13597
13665
13686
13746
13811
13861
13891
14057
14129
14162
14249
14392
14563
14577
14688
14854
15149
15155
15174
15223
15273
15443
15619
15631
15750
15873
16160
16285
16571
16692
16812
16899
17021
17048
17053
17137
17403
17429
17460
17505
17585
17781
17965
18028
18089
18123
18150
18225
18236
18247
18379
18711
18778
18853
18973
19086
19722
19818
20089
20152
20166
20468
20487
20561
20911
20939
20966
21133
21339
21368
21418
21712
21756
21807
21859
21860
21881
21900
22616
22727
22807
22819
22830
22908
22930
22960
22988
23016
23128
23237
23263
23280
23346
23494
23520
23600
23763
23973
24210
24273
24323
24441
24480
24567
24669
24762
25001
25005
25153
25238
25315
25360
25448
25600
25601
25647
25697
25811
25828
25871
25911
25933
26015
26018
26113
26155
26247
26317
26542
26865
26866
27033
27234
27376
27426
27453
27611
27707
27924
28050
28147
28164
28276
28340
28362
28422
28523
28544
28617
28759
28846
28916
29256
29336
29573
29611
29666
29725
29817
29862
29962
30057
30434
30436
30535
30770
30792
30991
31037
31264
31329
31336
31356
31377
31505
31607
31635
31647
31733
31779
31792
31822
31872
31934
31997
32091
32122
32224
32306
32459
32466
32536
32548
32586
32626
32740
32758
32768
32816
32860
33030
33212
33241
33359
33391
33573
33688
33758
33843
33998
34170
34207
34408
34423
34540
34833
34863
34993
35113
35156
35493
35536
35694
35722
35748
35820
35852
35866
35923
36010
36215
36285
36295
36390
36615
36659
36700
36890
36969
36985
37223
37575
37726
37873
37893
38021
38045
38301
38472
39116
39377
39451
39457
39528
39588
39601
39635
39826
39939
40008
40079
40437
40449
40872
41149
41155
41260
41320
41847
41999
42103
42344
42525
42557
42726
42834
42848
42872
42919
42997
43002
43023
43095
43244
43359
43387
43497
43917
43919
44114
44253
44321
44350
44371
44423
44425
44541
44587
44704
44763
44984
44996
45003
45370
45422
45430
45462
45539
45815
45891
45995
46079
46084
46134
46200
46447
46797
47172
47200
47213
47317
47334
47546
47570
47716
47787
48140
48161
48182
48188
48238
48474
48537
48790
48858
48921
49038
49105
49401
49409
49584
49630
49779
49869
49996
49999
50036
50062
50066
50079
50224
50306
50335
50403
50521
51367
51382
51642
51671
51712
51785
51813
51854
52107
52326
52341
52344
52404
52491
52599
52634
52677
52723
52762
52852
52909
53367
53622
53638
53645
53759
53778
53859
53894
53920
54057
54310
54398
54555
54719
54750
54769
54947
55040
55203
55217
55466
55506
55613
55689
55844
55946
56024
56256
56376
56397
56455
56486
56615
56730
56774
56794
56847
56969
57061
57062
57083
57084
57089
57130
57234
57380
57480
57534
57590
57601
57784
57786
58204
58340
58547
58576
58693
58885
58899
58939
59067
59198
59205
59247
59365
59448
59456
59521
60354
60437
60491
60557
60822
61002
61011
61042
61054
61209
61311
61345
61818
61894
62005
62053
62055
62201
62432
62466
62483
62546
62576
62680
62708
62847
63230
63263
63409
63618
63660
63771
63825
64101
64120
64210
64258
64292
64365
64534
64632
64649
64675
64760
64957
64989
65147
65162
65243
65295
65446
65512
65525
65548
65632
65800
65944
66223
66234
66383
66405
66484
66546
66549
66667
66680
66731
66751
66846
66914
66991
67091
67157
67200
67215
67345
67422
67454
67757
67859
67898
67924
68025
68169
68186
68345
68444
68716
68795
68907
69025
69037
69201
69369
69414
69725
69924
70109
70163
70320
70499
71104
71150
71209
71661
71676
71758
71985
72168
72169
72318
72399
72444
72515
72573
72784
72813
73100
73191
73219
73266
73310
73336
73462
73521
73560
73580
73695
73778
74076
74196
74303
74387
74446
74468
74520
74671
74697
74770
74943
75192
75510
75555
75693
75749
75750
75770
75830
75895
75897
76149
76242
76247
76257
76426
76426
76523
76624
76763
76942
77007
77035
77223
77335
77589
77811
77958
77969
78196
78322
78391
78547
78596
79198
79275
79498
79646
79659
79892
79986
80309
80393
80404
80486
80522
80575
80621
80677
80811
80858
81410
81477
81505
81684
81702
81737
81905
81980
82130
82218
82377
82490
82588
82593
82879
82957
83124
83339
83400
83591
83776
83916
84043
84235
84389
84448
84455
84457
84462
84632
84694
84733
84787
84850
84888
84898
84957
85150
85173
85186
85607
85623
85932
86075
86630
86743
86744
86763
86769
86889
86894
87193
87205
87255
87341
87392
87466
87543
87735
87795
88039
88259
88404
88405
88565
88612
88678
88812
88938
88976
89007
89034
89034
89058
89060
89276
89470
89502
89549
89630
89696
89709
89753
89803
89832
89997
90036
90220
90711
90744
90837
90876
90988
91097
91214
91254
91293
91671
91753
91994
92093
92279
92337
92398
92655
92777
92839
92863
92903
92907
93396
93458
93515
93756
93805
93891
94157
94276
94386
94456
94665
94697
94808
94836
94994
95244
95258
95618
95700
95707
96151
96307
96683
96805
96816
96907
97312
97396
97645
97805
97873
98354
98467
98501
98520
98568
98641
98784
98837
98880
99063
99252
99261
99266
99315
99414
99606
99818
99900
100141
100151
100192
100299
100324
100337
100350
100469
100504
100582
100803
100834
100956
100976
101121
101134
101149
101174
101352
101404
101581
101956
102132
102191
102587
102945
103211
103675
103704
103705
103706
104469
104686
105054
105137
105452
105927
105947
105960
106062
106119
106148
106152
106185
106452
106538
106564
106585
106620
106863
107017
107145
107252
107536
107595
107612
107621
107663
107770
107777
107804
107858
107981
108029
108149
108161
108497
108634
108816
108845
108907
109058
109288
109304
109380
109400
109485
109702
110043
110295
110359
110380
110497
110548
110658
110793
110970
111008
111018
111074
111233
111348
111419
111590
111624
111632
111935
112155
112206
112238
112337
112409
112640
112943
113007
113013
113080
113159
113383
113511
113548
113561
113709
113751
113881
114308
114406
114501
114625
114719
114752
114779
114881
114950
114977
115303
115310
115595
115621
115668
115715
115734
115737
116153
116228
116512
116531
116764
116804
116990
117154
117168
117352
117387
117389
117633
117636
117971
118034
118186
118309
118372
118380
118448
118500
118644
118676
118943
118947
119261
119430
119684
120010
120049
120296
120326
120330
120342
120496
120636
120783
120830
121163
121207
121307
121354
121837
122003
122290
122305
122361
122379
122572
122655
122817
123019
123022
123258
123519
123547
123920
123934
123966
124289
124348
124552
124739
124831
124998
125088
125121
125356
125448
125461
125491
125497
125616
125704
125920
125931
126096
126401
126540
126811
126857
126893
127057
127210
127469
127670
128064
128244
128309
128477
128642
128735
128753
128917
128998
129210
129274
129349
129382
129410
129539
129573
129743
129752
129869
129909
130087
130197
130221
130332
130529
130573
130622
130630
130753
130989
131123
131154
131294
131303
131413
131529
131573
131647
131896
131991
132172
132300
132352
132480
132573
132938
132973
133267
133305
133437
133554
133596
133709
133953
134030
134054
134137
134146
134192
134244
134657
134681
134705
134839
134938
134982
135045
135127
135194
135241
135456
135497
135514
135736
135864
135882
135905
135913
136023
136088
136431
136446
136526
136575
136814
137078
137135
137770
137795
138123
138318
138453
138474
138478
138636
138720
138727
139107
139186
139235
139385
139508
139536
139784
140027
140072
140088
140110
140158
140245
140360
140380
140503
140525
140785
140816
140848
140904
141524
141551
141615
141621
141796
141805
141834
141882
141972
141981
142257
142297
142570
142648
143160
143250
143390
143414
143559
143575
143634
143750
143784
143823
143955
143978
143990
144264
144444
144576
144659
144740
144758
145025
145058
145165
145609
146038
146144
146167
146431
146545
146777
146789
147067
147301
147411
147476
147595
147736
148017
148210
148262
148272
148303
148325
148482
148621
148640
148658
148754
148792
148792
148795
148978
149017
149164
149199
149621
149804
149995
150019
150321
150502
150581
150697
150739
150823
150968
150985
151096
151226
151302
151432
151447
151478
151734
151773
151899
151940
151944
152126
152162
152296
152399
152497
152814
152908
152914
153032
153095
153369
153484
153607
153671
153705
153747
153761
153777
153779
153847
153964
154106
154109
154203
154260
154390
154673
154695
154761
154971
155016
155337
155457
155553
155619
155631
155787
155846
155863
156021
156131
156626
156682
156703
156751
156779
156806
156859
157013
157081
157087
157160
157530
157544
157638
157691
157862
157950
157997
158002
158161
158329
158410
158429
158488
158675
158682
158800
158817
158825
158842
158861
158955
159018
159259
159483
159567
159604
159725
159771
159858
159905
159972
160097
160513
160618
160642
160651
160705
160927
161209
161214
161256
161316
161344
161446
161624
162276
162312
162315
162513
162573
162649
162823
162907
162949
163282
163445
163554
163564
163565
163815
163912
163981
164032
164063
164157
164188
164190
164412
164594
164728
164750
165013
165178
165223
165275
165330
165435
165531
165575
165656
166080
166110
166163
166327
166361
166407
166603
166685
166691
166725
166726
166838
167155
167294
167505
167862
167931
169123
169262
169289
169316
169447
169534
169546
169873
170044
170168
170423
170468
170515
170712
170734
170787
170922
171158
171417
171436
171452
171630
171738
171850
172077
172111
172172
172193
172408
172427
172449
172645
172767
172910
173237
173280
173297
173497
173714
173930
173959
173986
174007
174034
174333
174349
174573
174901
175036
175136
175146
175262
175392
175460
175661
175730
175788
175823
176114
176125
176281
176640
176748
176755
176765
177044
177228
177389
177414
177454
177653
177761
177924
177927
177930
178108
178157
178244
178286
178374
178545
178572
178635
178922
178960
179526
179582
179772
179934
179935
180119
180175
180242
180318
180325
180404
180577
180580
180710
180730
180747
180845
180852
180919
180949
180952
180989
181013
181014
181023
181353
181463
181536
181576
181681
181687
182252
182291
182365
182444
182557
182596
182752
183038
183055
183105
183345
183371
183418
183488
183602
183928
183937
183998
184021
184133
184153
184160
184364
184371
184645
184673
184788
184909
185015
185111
185352
185376
185442
185493
185646
185713
185745
185770
185807
185917
185928
185975
186011
186227
186296
186451
186746
186764
186894
187117
187339
187415
187429
187449
187515
187652
187798
188039
188109
188138
188150
188908
189007
189020
189113
189261
189265
189291
189361
189472
189683
189779
190014
190053
190089
190140
190148
190188
190286
190359
190633
190947
191038
191265
191278
191321
191424
191498
191592
191593
191988
192009
192169
192297
192347
192467
192699
192782
192796
192842
192973
193016
193095
193105
193213
193219
193227
193249
193289
193394
193578
193593
193719
193826
193895
193914
193963
194006
194032
194094
194186
194251
194485
194507
194682
194698
195092
195309
195410
195587
195788
196059
196194
196339
196569
196639
196922
196965
197016
197089
197328
197368
197725
197737
197765
197874
198002
198151
198206
198268
198629
198655
198665
198696
198783
198828
198845
198874
198939
198953
198997
199034
199272
199353
199484
199575
199711
199747
199779
199836
200132
200192
200197
200292
200332
200509
200597
200736
200860
200963
201200
201437
201509
201707
201743
201986
202620
202703
202734
202990
203148
203317
203387
203387
203540
203805
203821
203836
203911
203949
204091
204212
204332
204402
204819
204873
204957
204976
205181
205329
205408
205412
205439
205568
205690
205872
206082
206253
206280
206336
206649
206677
206822
206887
207161
207163
207197
207203
207258
207302
207318
207327
207452
207463
207547
207637
207648
207905
207910
208310
208365
208500
208524
208525
208725
208794
208909
208929
209112
209241
209369
209390
210246
210331
210345
210420
210595
210634
210775
210949
211229
211290
211568
211578
211833
211887
211934
211954
211968
212179
212278
212598
212733
212805
212819
212918
212965
212973
213012
213250
213282
213286
213339
213404
213412
213573
213936
213985
214006
214018
214201
214260
214264
214270
214282
214330
214550
214599
214665
214681
214694
214783
214812
214882
214891
214947
215108
215234
215282
215298
215313
215411
215445
215531
215547
215566
215649
215780
215859
215897
215898
216038
216091
216135
216159
216282
216377
216493
216620
216627
216956
216962
217110
217189
217421
217529
217601
217978
218034
218087
218176
218278
218338
218638
218667
218747
218874
219043
219118
219235
219316
219439
219456
219581
219696
219800
219829
220286
220354
220371
220405
220572
220645
220901
220977
221118
221148
221225
221351
221377
221465
221739
222203
222206
222250
222297
222403
222538
222563
222748
222757
222949
223023
223027
223184
223238
223436
223458
223526
223635
223681
223711
223714
223760
223909
224039
224063
224405
224501
224564
224582
224698
224798
224827
224990
225013
225085
225121
225289
225347
225534
225550
225661
225832
225855
225882
225915
225975
226099
226146
226179
226363
226411
226743
226869
227017
227071
227272
227308
227467
227488
227508
227532
227944
228040
228044
228092
228118
228208
228286
228306
228461
228749
228784
228963
229021
229037
229109
229164
229202
229271
229301
229317
229732
229963
229988
230043
230279
230383
230610
230858
230954
230971
231258
231267
231428
231621
231645
231769
231788
231999
232003
232191
232345
232389
233051
233128
233140
233309
233371
233403
233559
233598
233619
233945
233971
234187
234270
234553
234576
234651
234655
234931
235213
235230
235262
235378
235455
235456
235527
235566
235984
236056
236058
236064
236154
236202
236395
236598
236917
236969
236994
237248
237795
237929
238065
238075
238510
238533
238630
238800
239081
239169
239182
239230
239249
239350
239597
239626
239745
239774
239934
240031
240056
240122
240429
240506
240603
240604
240739
240739
240794
241039
241092
241093
241191
241577
241907
241931
242000
242019
242116
242129
242199
242269
242274
242524
242585
242668
242696
242742
242808
242881
243319
243376
243388
243442
243448
244062
244198
244407
244496
244509
244541
244600
244724
244937
244945
244983
245049
245118
245186
245254
245390
245563
245628
245668
245875
245923
246206
246389
246653
246804
247020
247349
247392
247489
247555
248035
248108
248112
248194
248398
248711
248714
248915
248949
249237
249254
249264
249532
249538
249637
249643
249706
249896
250005
250156
250199
250275
250377
250481
250599
250616
250747
250921
251010
251314
251351
251483
251571
251644
251645
251665
251786
251817
251881
251891
252060
252063
252283
252452
252637
252695
252724
252873
253247
253351
253619
253719
253816
253821
253912
253919
253991
254111
254184
254465
254474
254559
254798
254919
254985
255020
255213
255316
255352
255392
255622
255667
255906
255923
256072
256118
256230
256280
256422
256439
256462
256568
256579
256828
257112
257156
257169
257267
257530
257703
258004
258077
258381
258472
258555
258612
258672
258696
258729
258863
259002
259004
259086
259221
259543
259562
259683
259874
259875
260000
260206
260214
260239
260344
260553
260739
260853
260886
260938
261058
261140
261219
261317
261461
261556
261706
261812
261814
261847
261918
261961
262003
262143
262184
262243
262374
262509
262652
263044
263059
263241
263259
263443
263518
263800
264014
264093
264126
264165
264257
264314
264470
264499
264583
264591
264655
264805
265020
265134
265192
265234
265240
265284
265436
265848
265984
266210
266287
266550
266624
266790
266928
267157
267313
267318
267465
267509
267569
267715
267749
267827
267978
268004
268076
268111
268153
268279
268551
268594
268595
268896
268957
269162
269219
269367
269485
269489
270081
270336
270431
270433
270497
270525
270527
270587
270662
270672
270680
270681
270712
270967
271094
271234
271319
271377
271779
271911
272278
272283
272400
272407
272480
272600
272946
273001
273121
273235
273397
273557
273592
273650
273746
273862
274007
274327
274357
274379
274602
274751
275216
275320
275359
275500
275591
275708
275711
275785
276063
276088
276110
276144
276269
276303
276339
276396
276436
276437
276519
276526
276768
276835
276911
277095
277235
277367
277416
277542
277575
277602
277611
277721
277916
278049
278148
278248
278303
278327
278645
278744
278763
278781
278904
279002
279069
279151
279180
279375
279405
279409
279418
279484
279552
279784
280006
280071
280082
280430
280577
280605
280767
280880
280889
280906
280962
281212
281213
281218
281355
281396
281528
281772
281796
281823
281915
281949
282104
282113
282220
282505
282585
282849
282900
283196
283485
283582
283626
283626
283869
284054
284072
284199
284316
284653
284755
284770
284973
285014
285045
285067
285298
285299
285618
285965
286023
286036
286055
286117
286373
286556
286716
286779
286804
286946
287150
287200
287248
287252
287301
287393
287474
287827
287895
288001
288145
288361
288520
288827
288855
288969
289069
289210
289305
289395
289395
289428
289517
289792
289806
289951
290021
290026
290058
290125
290230
290331
290339
290395
290567
290613
290613
290657
290662
290706
290755
290759
290797
290957
290969
291005
291014
291091
291212
291311
291322
291381
291482
291564
291657
291664
291713
291725
291727
291803
292020
292469
292493
292659
292706
292803
292856
293085
293125
293270
293286
293338
293474
294099
294373
294432
294576
294613
294723
294762
294912
294995
295302
295455
295519
295614
295968
296164
296189
296209
296251
296263
296307
296316
296378
296390
296576
296584
296664
296710
296925
297014
297027
297056
297262
297374
297376
297385
297388
297617
297705
297821
297877
298002
298017
298033
298066
298159
298299
298537
298561
298590
298880
298910
298914
299129
299227
299404
299545
299609
299779
299801
299904
299966
300031
300167
300202
300376
300393
300424
300472
300602
300629
300642
300662
300703
300892
301102
301156
301158
301473
301504
301565
301799
301836
302021
302021
302086
302251
302681
302708
302709
302855
302903
302934
303003
303299
303403
303569
303601
303758
303791
303826
303831
303983
304008
304078
304245
304269
304527
304530
304753
304781
304974
305043
305060
305064
305307
305455
305471
305757
305798
305899
305932
305984
306253
306385
306515
306641
306659
306740
306787
306882
307380
307552
307555
307558
307563
307580
307627
307703
307736
307771
307779
307827
307895
308005
308026
308044
308218
308263
308348
308379
308587
308764
308810
308863
309133
309199
309216
309317
309381
309700
309762
309801
309992
310072
310199
310459
310467
310488
310494
310590
310766
311108
311160
311209
311307
311368
311593
311675
311860
311873
312143
312691
312918
313143
313197
313278
313344
313473
313757
313836
313853
314001
314258
314300
314330
314487
314624
314627
314634
314662
314673
314756
314762
314767
314929
314941
314995
315242
315311
315436
315563
315894
315926
315931
315964
316093
316227
316477
316527
316531
316540
316679
316908
317009
317016
317078
317093
317189
317456
317484
317550
317839
318070
318177
318325
318332
318366
318474
318654
318784
318861
318910
319151
319204
319332
319478
319513
319777
319794
319795
319810
319819
319931
320046
320086
320105
320160
320353
320795
321127
321167
321171
321211
321432
321883
322357
322484
322799
323078
323273
323527
323567
323595
323766
323967
323997
324113
324347
324715
324762
324768
324801
324912
324923
325016
325097
325097
325140
325171
325326
325810
325845
325853
325982
326100
326190
326382
326432
326730
327041
327280
327397
327767
327821
328113
328479
328481
328537
328583
328739
328755
328876
328972
329159
329181
329261
329280
329362
329379
329405
329523
329528
329650
329754
329931
330352
330524
330637
330696
330702
330713
330946
330956
331066
331126
331530
331649
331871
331917
332049
332198
332268
332399
332486
332585
332607
332756
333029
333329
333622
333855
333856
333902
334249
334269
334393
334520
334529
334552
334642
334666
334676
334826
334909
335065
335397
335594
335647
336124
336158
336387
336390
336441
336568
336627
336638
336819
336847
336864
337307
337444
337511
337777
337931
337943
338066
338184
338246
338413
338824
338828
338998
339170
339254
339406
339432
339542
339660
339806
339869
339998
340076
340079
340117
340176
340181
340266
340417
340441
340498
340516
340648
340853
341116
341154
341188
341249
341364
341479
341686
341698
341822
342093
342180
342224
342226
342242
342278
342329
342372
342506
342508
342584
342716
342762
342778
342851
343177
343363
343631
343687
343696
343714
343798
343814
343940
344146
344384
344527
344544
344634
344688
344808
344906
345009
345168
345194
345194
345213
345249
345448
345632
345646
345710
345851
345968
345992
346069
346116
346291
346291
346481
346561
346709
346808
346829
346884
347077
347128
347151
347482
347495
347528
347794
348081
348179
348220
348272
348318
348509
348522
348824
348902
348927
349164
349230
349288
349369
349534
349569
349975
350022
350209
350432
350446
350774
350824
350925
350927
351118
351125
351144
351148
351166
351453
351460
351465
351544
351854
351900
352083
352192
352521
352603
352912
352949
352994
353104
353305
353391
353453
353890
353929
354026
354234
354348
354378
354424
354470
354524
354746
354855
355084
355413
355414
355459
355589
355596
355602
355954
355954
356140
356316
356754
356940
356943
357095
357136
357151
357263
357268
357345
357377
357595
357627
357832
357931
358035
358054
358086
358138
358248
358302
358502
358706
358727
358906
358934
358953
358977
359011
359017
359112
359216
359545
359579
359658
359996
360060
360250
360378
360485
360595
360739
360772
360851
360880
360913
361215
361425
361530
361612
361727
361742
361761
361784
361943
362084
362209
362243
362413
362516
362534
362536
362807
362968
363000
363042
363401
363580
363609
363805
363839
364034
364097
364134
364553
364556
364616
364727
364729
364852
364967
365054
365062
365341
365393
365519
365561
365709
365709
365713
365855
365967
366022
366069
366157
366227
366243
366369
366517
366594
366669
366697
366711
366983
367035
367131
367497
367605
367660
367669
367910
367954
368058
368074
368181
368191
368430
368545
368885
368959
368996
369009
369037
369049
369066
369160
369180
369352
369421
369489
369674
369934
370130
370246
370438
370516
370742
370885
371033
371057
371179
371369
371631
371742
371886
372063
372203
372362
372458
372479
372533
372536
372575
372774
372842
372879
373052
373346
373365
373445
373546
373552
373761
373775
373792
373797
374053
374059
374157
374360
374400
374425
374520
374522
374548
374881
374938
374974
375021
375055
375106
375171
375235
375542
376050
376105
376483
376604
376824
376879
376910
377097
377118
377125
377351
377414
377552
377663
377914
377995
378008
378267
378380
378417
378560
378563
378618
378896
379160
379171
379173
379284
379347
379670
379895
380000
380010
380019
380181
380207
380427
380494
380572
380664
380689
380986
381106
381521
381588
381592
381658
381865
381877
381906
381936
381996
382022
382038
382266
382287
382752
382776
382786
382878
382884
383119
383223
383278
383354
383372
383400
383477
383529
383700
383728
383785
384079
384081
384114
384189
384267
384433
384764
384782
385238
385317
385432
385809
385998
386129
386170
386211
386251
386654
386714
386948
386980
387175
387180
387268
387351
387442
387693
387712
387874
387981
388271
388311
388540
388571
388610
388859
389021
389136
389282
389601
389664
389689
389717
389964
390250
390466
390478
390521
390573
390882
390939
391002
391012
391083
391104
391109
391128
391503
391523
391631
391637
391757
391814
392047
392097
392124
392373
392441
392590
392636
392846
392848
392858
392966
392970
393225
393457
393530
393588
393742
394118
394173
394453
394634
394826
394863
394949
395079
395234
395596
395601
395670
396023
396033
396068
396108
396217
396240
396322
396386
396404
396450
396705
396723
396928
397009
397316
397401
397807
397908
397945
398087
398120
398122
398166
398427
398565
398578
398626
398693
398720
398966
399179
399339
399445
399473
399857
399963
400000
400032
400082
400172
400298
400589
400753
400946
401021
401345
401398
401728
401737
401740
401745
401765
401769
401802
401893
401919
402583
402727
402737
402776
402787
402915
402940
402976
403092
403102
403174
403179
403243
403277
403438
403483
403537
403574
403604
403782
403807
403809
403813
403852
403895
404145
404167
404425
404481
404488
404501
404537
404694
404839
404887
404939
404984
405195
405210
405279
405313
405537
405669
405686
405730
405833
405861
406145
406576
406628
406683
406883
407116
407169
407179
407407
407477
407488
407509
407586
407605
407788
407833
407994
408035
408219
408266
408465
408539
408552
408666
408676
408687
408690
408836
409979
409989
410094
410519
410702
410715
410775
410899
411303
411361
411386
411446
411621
411744
411771
411780
412094
412105
412145
412436
412515
412674
412763
412927
412942
413158
413261
413343
413370
413508
413598
413648
414090
414183
414302
414325
414414
414423
414487
414596
414643
414909
414966
415107
415569
415661
415694
416027
416031
416070
416096
416576
417028
417060
417085
417559
417579
417605
417678
417729
418272
418316
418397
418402
418627
418671
418686
418829
419420
419511
419552
419633
419708
419753
419786
419855
419913
419952
419957
420098
420149
420173
420221
420229
420240
420248
420275
420291
420325
420410
420509
420513
420558
420577
420581
420630
421102
421104
421364
421493
421929
422318
422337
422352
422357
422569
422639
422707
422713
423130
423761
423806
423838
424138
424160
424183
424208
424357
424456
424495
424566
424581
424815
424881
425058
425231
425258
425263
425427
425492
425500
425603
425614
425617
425637
425828
425896
425914
426028
426110
426220
426229
426267
426329
426682
426900
426973
427050
427062
427411
427437
427500
427606
427670
427886
427933
428057
428277
428297
428491
428498
428602
429036
429165
429172
429264
429269
429301
429483
429661
429724
429822
429828
429912
429926
429987
430242
430321
430361
430656
430791
430792
430864
430908
431330
431340
431712
431874
431899
431943
432018
432077
432136
432330
432438
432813
432836
432904
433004
433022
433046
433077
433183
433204
433289
433291
433428
433960
434181
434250
434264
434328
434831
434935
435110
435166
435178
435409
435496
435682
435796
435810
436221
436270
436727
436803
436904
437218
437283
437436
437586
437659
437812
437837
437955
437988
438069
438288
438291
438367
438394
438483
438503
438840
438842
439168
439461
439653
439737
439932
439973
440121
440193
440298
440302
440309
440511
440571
440619
440748
440938
440971
441205
441285
441430
441491
441799
441973
441998
442037
442515
442536
442547
442618
442748
442835
442845
442982
443065
443152
443423
443472
443481
443490
443621
443814
443852
444059
444077
444134
444376
444389
444519
444881
444916
445005
445168
445169
445289
445381
445399
445423
445545
445612
445766
445832
445850
445890
445932
445979
445988
446299
446577
446672
446797
446863
447225
447316
447331
447586
447587
447835
447922
448018
448022
448254
448416
448551
448619
448725
448739
448913
449096
449126
449606
449645
449675
449725
449860
449991
450043
450466
450565
450592
450694
450721
450722
450819
450845
450987
451156
451178
451198
451594
451895
451966
452161
452162
452269
452368
452565
452633
452660
452734
452791
452890
452920
453395
453516
453666
453803
453960
453984
454054
454096
454132
454151
454403
454585
454713
454724
454756
454841
454888
454944
454982
454988
455149
455167
455228
455270
455353
455405
455517
455764
455917
456252
456383
456387
456390
456430
456708
456910
457133
457140
457142
457148
457206
457268
457309
457409
457468
457471
457565
457774
457838
457853
457856
457900
458108
458376
458453
458492
458510
458594
458638
458747
458759
458856
459120
459237
459467
459818
459833
459883
459887
459977
460026
460478
460656
460699
460722
460912
460922
461115
461131
461207
461465
461663
461780
461782
461930
461988
462007
462235
462408
462464
462536
462646
462682
462686
462963
462991
462999
463002
463100
463130
463171
463526
463626
463719
463790
463928
464026
464232
464451
464668
464770
464811
464870
464989
465128
465240
465259
465481
465785
466009
466219
466545
466682
466690
466771
466777
466818
466895
466904
466981
467185
467268
467360
467389
467417
467447
467463
467476
467539
467592
467595
467660
467733
467742
467874
468190
468478
468970
469232
469327
469369
469451
469547
469558
469657
469839
469897
469915
469927
469955
469967
470029
470167
470506
470648
470691
470786
470787
471154
471464
471475
471579
471642
471787
471929
471979
472152
472180
472268
472323
472386
472396
472452
472516
472750
473155
473207
473423
473499
473606
473643
473812
473875
473914
473974
474019
474031
474034
474062
474066
474218
474459
474494
474498
474577
474615
474743
474853
474944
475087
475149
475354
475454
475553
475616
475624
475690
475953
476000
476104
476160
476199
476487
476513
476644
476711
476839
477056
477206
477243
477301
477307
477352
477499
477547
477942
478120
478281
478577
479056
479096
479150
479374
479376
479582
479768
479838
479965
479986
480029
480142
480191
480228
480419
480609
480613
480694
480729
480748
480810
480811
480871
481068
481240
481402
481561
481586
481654
481746
481774
481924
481950
481982
482015
482025
482037
482175
482200
482300
482485
482503
482545
482634
482778
482961
483038
483042
483125
483245
483452
483458
483510
483700
483727
483829
483943
484116
484218
484225
484289
484299
484400
484440
484485
484622
484732
484925
485041
485108
485152
485206
485500
485650
485703
485881
486083
486104
486236
486596
486641
486648
486653
486666
486669
486874
486883
487010
487056
487140
487200
487300
487328
487367
487372
487562
487612
487649
487736
487809
487823
487969
488012
488028
488097
488104
488254
488343
488498
488600
488697
488739
488804
488857
489021
489287
489533
489722
489892
489922
490181
490377
490453
490515
490552
490562
490580
490723
490729
490921
490981
490992
491081
491089
491143
491205
491491
491509
491528
491647
491820
491836
491945
491986
492082
492241
492371
492584
492730
492823
492942
492989
493012
493059
493102
493243
493274
493415
493953
494178
494205
494226
494401
494627
494944
494965
495009
495013
495016
495044
495102
495245
495301
495306
495415
495678
495740
495972
496103
496635
496755
496775
496823
496908
497028
497164
497187
497335
497367
497382
497390
497535
497742
497907
498039
498132
498217
498312
498434
498742
498766
499136
499506
499588
499642
499664
499676
499936
499986
500054
500377
500722
500838
500964
501401
501491
501505
501585
501759
501762
501809
501898
501899
501973
502101
502271
502389
502521
502658
502782
503111
503277
503287
503308
503571
503784
503897
504091
504099
504131
504281
504381
504453
504643
504675
504679
504770
504916
505315
505341
505461
505494
505558
505562
505763
505857
505876
506117
506425
506443
506551
506554
506585
506679
506728
506775
506907
506910
506940
507177
507240
507320
507340
507428
507616
507635
507641
507674
507697
507743
507792
507901
508044
508091
508206
508478
508871
508895
508967
509108
509305
509324
509402
509508
509585
509606
509624
509909
510092
510710
510730
510753
511019
511064
511237
511267
511385
511454
511490
511554
511611
511649
511681
511870
511960
512123
512147
512286
512444
512784
512833
512991
513156
513194
513274
513336
513617
513883
514051
514154
514201
514309
514558
514586
514632
514714
514927
514946
515018
515077
515136
515254
515420
515422
515496
515512
515539
515544
515574
515595
515709
515811
515862
515922
515928
515934
516128
516383
516415
516592
516651
516815
516888
516952
517041
517079
517170
517173
517455
517604
517670
517951
518285
518679
518695
518790
519042
519106
519165
519197
519383
519441
519657
519712
519752
519827
519930
520059
520117
520512
520525
520584
520614
520618
520720
520746
520804
520974
521066
521081
521274
521350
521520
521548
521651
522146
522308
522383
522452
522460
522790
523051
523206
523378
523775
523777
523835
524271
524285
524379
524440
524748
524988
525293
525415
525451
525805
525832
526153
526176
526304
526336
526392
526857
526863
527006
527183
527249
527324
527324
527331
527538
527703
527703
527712
528054
528111
528139
528374
528536
528706
528930
529118
529126
529202
529369
529451
529468
529747
530096
530193
530212
530276
530720
530918
531178
531321
531483
531512
531634
531667
531680
531825
531908
531914
532132
532202
532225
532288
532328
532518
532522
532586
532621
532622
532704
532730
532916
532970
533110
533149
533172
533175
533176
533774
533782
533982
534431
534438
534567
534575
534588
534989
535047
535051
535086
535117
535169
535180
535244
535486
535506
535761
535818
536055
536191
536196
536201
536219
536245
536281
536546
536662
536909
537057
537100
537208
537259
537476
537521
537602
537657
537858
538057
538282
538421
538563
538849
539028
539051
539115
539301
539320
539400
539431
539491
539538
539553
539562
539656
539732
539777
539874
539992
539998
540053
540091
540148
540576
540709
540839
540942
541016
541121
541155
541214
541391
541496
541549
541636
541956
541958
542024
542411
542611
542766
542851
542916
543187
543221
543343
543491
543570
543674
543707
543932
543943
543975
544222
544245
544419
544570
544663
544698
544733
544859
544902
544933
545367
545413
545646
545687
545886
545916
545980
545993
546003
546027
546048
546248
546390
546418
546427
546473
546556
546579
546707
546719
546793
547111
547236
547274
547513
547696
547748
547754
547783
547792
548425
548496
548701
548808
548845
549084
549215
549223
549374
549603
549634
549835
550043
550102
550199
550266
550291
550534
550537
550792
550850
550994
551059
551144
551162
551184
551217
551341
551380
551528
551536
551593
551633
551810
551841
551904
551950
552087
552134
552169
552578
552601
552864
552955
552972
553022
553042
553075
553097
553156
553237
553457
553559
553645
554020
554379
554907
554922
554939
554989
555125
555126
555131
555234
555288
555411
555527
555829
555829
556055
556116
556388
556706
556822
556892
556957
556976
557012
557158
557216
557302
557313
557328
557415
557421
557512
557651
557678
557724
557847
558069
558099
558106
558162
558245
558328
558381
558405
558490
558502
558756
558831
559035
559040
559227
559239
559339
559383
559418
559432
559514
559539
559725
559736
559824
559836
559866
559951
560177
560326
560350
560570
560671
560774
561085
561132
561146
561337
561514
561524
561708
561808
561990
562023
562117
562135
562173
562392
562431
562581
562977
562982
563042
563167
563218
563302
563375
563560
563646
563690
563728
563744
563933
564012
564121
564179
564183
564200
564308
564451
564718
564760
564817
564829
564927
564958
565006
565220
565248
565281
565321
565334
565365
565617
565855
566414
566570
566706
566776
566836
566852
566905
567019
567165
567237
567465
567719
567851
567913
567951
567970
568035
568104
568280
568376
568495
568530
568567
568584
568590
568672
568773
569007
569161
569183
569208
569292
569354
569577
569603
569604
569624
569865
570210
570211
570386
570477
570532
570652
570663
570719
571052
571235
571788
571833
571842
571923
571959
572011
572161
572336
572467
572631
572662
572690
572985
573126
573136
573202
573249
573662
574235
574265
574350
574373
574581
574582
574801
574889
575386
575458
575484
575734
575748
576130
576790
576828
576970
577091
577104
577124
577245
577327
577379
577439
577445
577475
577588
577859
577878
577926
578125
578285
579042
579363
579554
579691
580037
580067
580107
580182
580609
580610
580620
580731
580807
580837
580916
580972
581036
581177
581251
581339
581420
581677
581791
582064
582109
582190
582215
582308
582635
582737
582754
582831
582962
582967
583010
583012
583030
583044
583243
583496
583613
583690
583694
583742
583839
584302
584307
584442
584454
584505
584553
584621
584691
584794
585305
585485
585500
585719
585753
585892
586030
586067
586114
586279
586484
586863
586937
586976
587066
587150
587316
587420
587424
587596
587620
587621
587645
587650
587700
588035
588083
588144
588228
588265
588295
588416
588536
588577
588638
588869
588956
589031
589103
589152
589581
589656
589779
589852
589872
589895
590160
590210
590299
590333
590467
590747
590758
590776
590793
590928
590975
590977
591082
591297
591324
591377
591574
591676
592009
592135
592279
592330
592337
592339
592366
592376
592458
592614
592670
592897
593086
593142
593313
593341
593369
593607
593824
593957
593961
593967
594012
594131
594337
594337
594403
594671
594770
594818
594903
594908
595002
595039
595473
595487
595491
595512
595512
595522
595528
595541
595651
595703
595764
595826
595908
595947
595949
596006
596202
596208
596208
596225
596311
596385
596387
596424
596480
596483
596727
596776
596807
596982
597082
597719
597807
597900
597972
598015
598324
598437
598703
598828
598879
599055
599125
599330
599912
599913
599924
599968
600037
600204
600290
600319
600328
600392
600623
600746
600786
600921
601001
601106
601277
601425
601533
601650
601702
601739
601807
601882
601920
601924
602095
602098
602127
602213
602287
602308
602321
602365
602463
602715
603051
603476
603528
603547
603583
603904
604103
604162
604165
604241
604442
604501
604757
605019
605045
605079
605355
605357
605497
605631
605675
605706
605851
605898
605961
606049
606137
606392
606466
606591
606761
606848
607095
607098
607213
607304
607330
607471
607660
607700
607739
607764
607780
607798
607929
607942
608250
608678
608680
608717
608722
608816
608862
608892
608897
609022
609040
609136
609166
609193
609214
609223
609337
609442
609487
609515
609554
609569
609653
609664
610265
610357
610619
610627
610650
610694
610735
610787
610834
610929
610968
611036
611095
611278
611490
611491
611531
611572
611755
611785
611875
611886
612278
612433
612467
612525
612592
612788
612927
613026
613116
613349
613462
613503
613688
613713
613714
613760
613804
613836
613887
614337
614466
614487
614546
614632
614640
614811
614836
615009
615091
615111
615152
615210
615490
615551
615564
615677
615738
615741
615751
615794
615858
615891
615930
615942
615986
616038
616180
616396
616475
616680
616688
616850
616899
617136
617184
617679
617953
618019
618112
618265
618331
618369
618473
618474
618642
618750
618886
618945
619002
619269
619298
619335
619369
619388
619528
619621
619708
619709
619766
619919
620007
620146
620172
620234
620239
620372
620402
620415
620441
620579
620769
620804
620878
621070
621187
621201
621244
621350
621432
621608
621617
621859
622316
622387
622518
622587
622614
622633
622843
622974
622993
623161
623230
623335
623407
623482
623495
623732
623878
623992
623999
624044
624069
624120
624186
624190
624432
624607
624664
624710
624830
625002
625070
625079
625222
625240
625267
625455
625531
625754
625865
626023
626075
626224
626320
626345
626469
626484
626705
626856
626890
627211
627235
627426
627450
627657
627749
628344
628448
628750
629199
629207
629311
629467
629502
629540
629549
629860
629875
629955
629998
630056
630070
630402
630435
630577
630596
630610
631042
631055
631106
631165
631311
631385
631535
631567
631618
631679
631762
631837
631930
631977
632069
632152
632154
632155
632188
632293
632388
632493
632521
632532
632588
632765
632862
632873
632931
633110
633197
633224
633319
633388
633578
633727
633876
634021
634184
634336
634376
634424
634693
634723
634812
635097
635464
635576
635591
635641
635665
635931
635985
636006
636012
636112
636137
636205
636241
636311
636341
636361
636408
636532
636821
636978
637017
637058
637105
637138
637306
637319
637376
637417
637455
637483
637548
637899
637938
638027
638475
638549
638702
638992
639135
639171
639179
639216
639312
639337
639685
640077
640083
640460
640461
640472
640499
640514
640738
640843
641233
641524
641726
641801
641886
641908
642153
642262
642275
642308
642464
642730
642754
642814
642861
642942
643066
643218
643230
643272
643555
643614
643761
643785
643875
643974
644120
644229
644294
644295
644356
644507
644616
644767
644797
644888
645232
645473
645502
645525
645556
645605
645656
645794
645973
645988
646089
646116
646201
646515
646635
646942
646980
647140
647304
647361
647523
647598
647921
647923
647943
648134
648147
648465
648479
648721
648755
648757
648825
648989
649075
649168
649316
649376
649439
649623
649625
649629
650015
650079
650333
650335
650356
650368
650524
650807
650826
650853
650862
650865
650900
650906
651007
651175
651209
651227
651290
651377
651401
651455
651470
651908
652150
652159
652236
652530
652533
652558
652584
652622
652963
652981
653111
653178
653710
653855
653922
653932
653998
654203
654259
654273
654276
654307
654318
654526
654588
654646
654775
654848
655306
655438
655637
655882
656031
656122
656205
656397
656508
656518
656549
656550
656592
656661
656662
656666
656887
657200
657733
657809
658086
658112
658174
658557
658663
658849
658971
659072
659114
659229
659275
659685
659873
660072
660469
660526
660549
660652
660684
660810
660869
660963
661080
661400
661519
661528
661633
661748
661754
661907
661946
661975
662428
662522
662921
663041
663191
663229
663401
663484
663600
663844
663882
664090
664148
664185
664212
664298
664416
664512
664640
664672
664715
664926
665093
665127
665182
665320
665389
665527
665584
665680
665926
665933
665939
666029
666067
666205
666335
666406
666619
666696
666843
667000
667001
667001
667026
667449
667470
667625
667728
667928
667976
668002
668320
668356
668537
668629
668658
668992
669096
669219
669277
669417
669762
669781
669976
669980
670373
670434
670461
670639
670671
670702
670893
670910
670948
670996
671052
671111
671486
671518
671575
671682
671719
671880
672154
672196
672204
672232
672442
672592
672688
672796
672882
673188
673307
673408
673541
673703
673811
673812
673817
673925
674005
674053
674074
674137
674143
674380
674537
674537
674669
674929
674968
675051
675082
675154
675187
675305
675405
675491
675573
675577
675696
675699
675871
675931
676185
676189
676684
676783
676926
677131
677155
677161
677241
677288
677307
677425
677759
677788
677851
677888
677964
678060
678214
678215
678264
678392
678449
678526
678611
678773
678801
678816
678944
678945
678960
678996
679437
679500
679608
679920
680031
680106
680135
680146
680187
680283
680323
680330
680366
680550
680646
680716
680909
680993
681428
681491
681510
681585
681621
681723
681747
681747
681996
682109
682189
682268
682356
682533
682845
682954
682970
683218
683387
683625
683631
683704
683925
684063
684570
684658
684946
685069
685072
685240
685270
685316
685706
685830
685833
685957
686041
686345
686395
686404
686421
686494
686784
686813
686859
686883
686925
687069
687098
687165
687199
687244
687271
687363
687635
687898
688037
688240
688295
688357
688406
688709
688723
688757
688978
689366
689566
689685
689701
689713
689726
689757
689810
689875
689882
689910
689912
690095
690281
690296
690412
690413
690435
690467
690726
690946
691374
691393
691473
691512
691526
692116
692261
692365
692721
692749
692750
692843
693017
693074
693126
693319
693449
693690
693747
693772
693786
693827
693848
693916
693952
694196
694244
694295
694413
694535
694998
695273
695305
695500
695506
695577
695927
696017
696179
696342
696539
696688
696730
696987
696994
697080
697161
697188
697216
697352
697502
697784
698014
698055
698059
698417
698441
698568
698608
698645
698673
698696
698834
698937
698946
698954
699525
699526
699534
699833
699873
700114
700527
700877
700886
700903
701093
701169
701272
701340
701356
701376
701475
701496
701609
701754
701871
702511
702595
702713
702904
703022
703083
703144
703165
703368
703447
703652
703723
703871
703929
703994
704010
704165
704218
704361
704444
704532
704592
704781
704801
704985
705219
705232
705268
705375
705383
705597
705968
705980
706077
706078
706313
706558
706665
706787
706823
706854
706979
707106
707190
707413
707636
707707
707850
707995
708015
708064
708170
708199
708494
708717
708882
708944
708946
709191
709255
709294
709462
709478
709555
709806
709911
710026
710078
710091
710092
710178
710286
710335
710368
710660
710679
710762
710876
710926
711006
711188
711215
711490
711828
712061
712066
712070
712113
712160
712376
712390
712545
712688
712705
712983
712991
713397
713527
713879
714426
714531
714552
714756
715146
715193
715271
715548
715655
715714
715721
715759
716045
716090
716132
716237
716332
716364
716462
716464
716502
716595
716794
716836
716889
716934
716985
716994
717013
717050
717097
717152
717194
717370
717492
717557
717670
717762
718003
718114
718130
718210
718397
718453
718587
718773
719095
719163
719328
719351
719527
719886
719916
720014
720018
720259
720548
720647
720971
721076
721159
721249
721374
721437
721710
721888
721895
722128
722508
722523
722545
722589
722607
722654
722703
722775
722785
722798
722805
722812
722919
723060
723084
723320
723614
723651
723759
723770
723963
723981
724017
724044
724221
724285
724327
724340
724376
724379
724410
724466
724483
724620
724728
724807
725140
725489
725688
725803
725817
726124
726175
726500
726551
726629
726665
726810
726871
726915
727024
727180
727378
727464
727561
728171
728174
728236
728528
728770
728815
728885
728904
728949
728951
729002
729398
729484
729616
729796
730249
730272
730329
730341
730463
730571
730704
730851
731147
731322
731626
731799
731942
732139
732203
732415
732515
732823
732876
732896
732938
733108
733216
733309
733334
733413
733413
733463
734126
734162
734493
734550
734561
734576
734587
734594
734609
734645
734960
735089
735091
735369
735497
735502
735593
735644
735781
735904
735938
736063
736081
736106
736369
736382
736416
736526
736545
736695
736726
736766
736988
737108
737181
737221
737286
737359
737550
737631
737830
737895
737905
738274
738483
738506
738516
738630
738713
738879
739029
739035
739221
739235
739369
739683
739811
739834
739920
740003
740196
740301
740336
740378
740390
740418
740658
740941
740977
741109
741530
741589
741815
741843
741864
742142
742322
742368
742505
742538
742717
742762
742864
743055
743179
743188
743462
743517
743817
743862
743971
744010
744083
744097
744246
744583
744696
744698
744745
744851
744869
744930
744960
745003
745097
745290
745467
745947
746098
746283
746421
746566
746654
746710
746736
746753
746762
746806
746827
746876
746891
746941
747090
747116
747147
747326
747483
747522
747753
747810
747910
747947
747958
747973
748091
748097
748133
748152
748218
748298
748299
748316
748355
748375
748438
748549
748681
748703
748816
748879
749438
749526
749565
749579
749583
749652
749756
749953
749980
750022
750053
750229
750359
750579
750600
750687
750716
750778
750785
750834
750883
751181
751241
751299
751299
751541
751602
751638
751711
751872
751916
751947
752081
752213
752229
752314
752389
752389
752445
752631
752659
752718
752732
752779
752786
752840
752883
752900
752929
753136
753542
753876
753954
753956
754045
754310
754414
754472
754846
755053
755092
755148
755231
755288
755358
755431
755778
755811
755913
755919
756078
756104
756163
756203
756335
756387
756413
756416
756577
756728
756737
756774
756809
756893
756954
756996
757235
757285
757399
757693
757807
757810
758016
758017
758098
758243
758446
758482
758514
758645
758668
758906
758908
759106
759114
759296
759309
759483
759504
759608
759744
760135
760186
760388
760429
760491
760589
760777
760860
761019
761172
761262
761373
761384
761384
761554
761810
761853
761979
762232
762457
762458
762550
762576
762617
762731
762777
762922
763034
763064
763443
763458
763645
763729
763809
764104
764253
764270
764821
765019
765110
765179
765412
765490
765762
765776
765823
765921
765998
766015
766088
766139
766157
766299
766436
766618
766641
766839
766885
766984
767332
767351
767525
767526
767541
767642
767807
768053
768086
768098
768142
768511
768535
768617
768671
768815
768828
768930
768999
769021
769035
769268
769448
769573
769732
769815
769815
770040
770104
770154
770437
770453
770456
770539
770617
770670
770672
770730
770966
771038
771102
771252
771350
771367
771555
771585
771643
771947
772013
772015
772111
772362
772462
772602
772711
772841
772885
772975
773149
773344
773485
773546
773568
773654
773679
773748
773770
774181
774209
774446
774476
774553
774623
774823
774880
774916
774977
775024
775046
775250
775260
775349
775411
775721
775750
775755
775797
775821
775894
775945
776023
776047
776147
776174
776327
776330
776427
776449
776678
776847
776941
777065
777230
777529
777741
777834
778168
778272
778322
778339
778362
778651
778807
779027
779116
779396
779492
779664
779684
779969
779979
780042
780108
780123
780209
780248
780666
780738
780957
780971
781454
781654
781724
782278
782403
782514
782516
782622
782628
782640
782675
782960
782961
783153
783164
783292
783358
783727
784005
784111
784119
784234
784471
784508
784524
784565
784650
784768
784810
784853
784983
785048
785175
785456
785498
785572
785643
785789
785872
785896
786017
786024
786094
786256
786380
786466
786585
786731
786743
786872
787091
787201
787291
787478
787524
787586
787593
787729
787791
787840
787848
787915
788013
788222
788393
788523
788870
788909
789067
789133
789378
789440
789441
789493
789508
789812
789844
790088
790505
790550
790571
790616
790767
791094
791097
791312
791341
791547
791735
791742
791788
791840
792113
792174
792245
792330
792351
792390
792441
792457
792496
792843
792852
792974
793009
793081
793283
793318
793507
793733
793915
793971
793989
794162
794289
794388
794435
794516
794761
794778
794916
794965
794973
795097
795101
795251
795275
795743
795819
795938
795992
796089
796157
796225
796408
796885
797111
797117
797171
797393
797571
797665
797681
797837
797927
798081
798090
798133
798145
798405
798553
798578
798581
798666
798682
798686
798895
798955
799026
799097
799100
799168
799227
799272
799297
799301
799314
799398
799589
799823
799836
799847
800233
800313
800314
800321
800651
800816
800876
801032
801259
801539
801580
801666
801681
801888
801917
802051
802077
802093
802268
802288
802384
802425
802882
802929
803137
803217
803394
803451
803676
803699
803702
803718
803814
803900
803902
804115
804186
804195
804253
804377
804407
804410
804566
804657
804682
804757
804761
804960
805030
805294
805378
805379
805452
805464
805541
805556
805696
805705
805715
806153
806277
806277
806455
806589
806590
806748
806979
806979
807242
807244
807252
807622
807658
807666
807683
807807
807898
808051
808077
808156
808209
808371
808500
808563
808605
808623
808695
808801
808841
808957
809032
809064
809105
809178
809332
809382
809637
809643
809688
809722
809793
809962
809979
810182
810222
810226
810230
810323
810331
810497
810511
810632
810660
810686
810751
810917
811027
811147
811297
811464
811465
811491
811498
811567
811578
811621
811726
811815
811928
812055
812154
812173
812510
812620
812684
812787
812935
813023
813237
813257
813266
813300
813459
813650
813778
813780
813952
813985
814199
814251
814428
814429
814523
814775
814778
814937
815003
815078
815252
815252
815384
815499
815513
815714
815775
815919
815952
816162
816175
816217
816541
816636
816641
816696
816705
816868
816989
817049
817101
817123
817137
817278
817291
817391
817404
817406
817435
817480
817628
817647
817656
817727
817776
817900
817950
818141
818179
818266
818551
818551
818694
818814
818855
819074
819110
819225
819334
819351
819381
819919
820024
820171
820492
820585
820787
820823
820949
821005
821177
821194
821524
821606
821769
821815
821817
821993
822172
822191
822259
822273
822442
822457
822618
822858
822870
823093
823299
823438
823465
823587
823641
823912
823918
823935
824002
824014
824084
824196
824274
824319
824437
824517
824744
824804
824828
824918
824950
825194
825227
825255
825270
825492
825540
825726
825748
825823
826133
826158
826373
826589
826615
826801
827003
827011
827019
827070
827080
827165
827181
827383
827398
827419
827495
827515
827641
827657
827779
827828
827991
828170
828217
828396
828468
828574
828732
828982
829033
829102
829545
829820
829837
829899
829901
830134
830346
830524
830669
830675
830759
830789
830821
830824
830829
830934
831289
831295
831354
831704
831820
831921
832264
832272
832294
832429
832495
832520
832785
832855
832894
832930
832951
833019
833208
833517
833545
833659
833887
834037
834098
834112
834514
834600
834685
834730
834734
834816
835066
835088
835150
835293
835368
835372
835406
835898
835980
836055
836112
836133
836187
836203
836300
836361
836410
836592
836603
836785
836803
836826
836902
837024
837170
837180
837340
837389
837472
837581
837976
838045
838306
838379
838438
838764
838803
838947
838999
839026
839077
839286
839422
839632
839646
839646
839817
839884
840031
840096
840125
840226
840233
840292
840338
840424
840475
840478
840578
840606
841047
841554
841597
841650
841696
841729
841733
841970
842050
842061
842209
842259
842525
842632
843010
843050
843215
843253
843317
843320
843372
843475
843523
843586
843721
843794
843915
843970
844006
844050
844220
844494
844511
844556
844643
844716
844885
844893
844908
844973
845163
845183
845212
845224
845274
845330
845660
845766
845808
845849
846415
846492
846775
846831
847226
847230
847647
847675
847839
847950
848035
848092
848248
848282
848400
848512
848558
848630
848662
848909
848924
848977
849310
849398
849499
849562
849563
849618
849637
849685
849733
849996
850148
850247
850272
850315
850367
850546
850778
850835
851242
851282
851335
851452
851785
851989
852175
852294
852319
852467
852652
852707
852724
852755
852824
852845
852861
852867
853203
853208
853280
853287
853291
853472
853581
853622
853641
854023
854421
854474
854537
854825
854941
854976
855072
855116
855136
855139
855241
855311
855653
855752
855841
856097
856111
856142
856282
856602
856625
856728
856778
856813
856897
856918
857013
857017
857135
857354
857409
857414
857449
857518
857571
857645
857826
857847
858198
858271
858359
858376
858418
858512
858560
858604
858682
858690
858723
858785
859103
859145
859313
859332
859343
859496
859680
859711
859875
859909
859999
860011
860106
860182
860263
860277
860333
860363
860381
860386
860492
860660
860689
860699
860871
861051
861121
861275
861330
861435
861474
861516
861542
861544
861628
862019
862258
862291
862398
862412
862528
862695
862868
863233
863252
863468
863523
863562
863571
863802
863861
863998
864228
864413
864451
864498
864562
864674
864842
864926
865052
865063
865224
865628
865724
865738
865745
865819
865897
866062
866118
866119
866292
866701
866740
866865
867073
867134
867201
867307
867349
867466
867803
867849
867873
867960
867985
868032
868043
868077
868142
868420
868637
868699
868999
869257
869355
869590
869809
869866
870044
870106
870160
870212
870311
870350
870580
870625
870798
870809
870811
870913
870935
871077
871110
871150
871252
871318
871377
871447
871501
871533
871650
871668
871817
871987
872020
872061
872069
872697
872852
872928
872970
873064
873241
873320
873395
873567
873681
873712
873719
873928
873942
874048
874349
874470
874705
874710
874740
874831
874880
874899
874939
875336
875683
875766
875844
876372
876380
876644
876805
876963
877049
877106
877116
877131
877191
877330
877331
877469
877625
877755
877916
877922
878059
878187
878246
878279
878349
878418
878471
878512
878582
878849
879031
879153
879200
879336
879378
879625
879626
879637
879714
879932
879988
880173
880226
880310
880380
880452
880468
880537
880657
880897
880901
881155
881347
881492
881548
881600
881813
881866
881891
881997
882236
882424
882449
882573
883026
883028
883106
883176
883254
883384
883476
883491
883492
883670
883681
883713
883738
883861
884043
884103
884387
884431
884582
884745
885066
885120
885146
885477
885656
885764
885783
885784
885853
886010
886058
886129
886379
886458
886482
886487
886559
886586
886678
886827
886910
886957
886982
887043
887382
887581
887683
887948
887989
888015
888040
888138
888229
888379
888475
888483
888659
888687
888928
888944
888951
889210
889293
889350
889371
889443
889482
889638
889716
889717
889881
890064
890097
890100
890105
890238
890258
890474
890553
890553
890566
890739
890748
890809
890859
890910
891021
891183
891235
891265
891420
891466
891666
891772
891773
891775
891945
891982
891995
892023
892095
892188
892793
893040
893159
893222
893536
893628
894150
894285
894346
894382
894687
894896
894947
894998
895070
895085
895349
895425
895463
895626
895669
895676
895699
895789
896354
896548
896550
896757
896919
896934
897038
897038
897269
897478
897618
897813
897837
897875
897890
898051
898185
898229
898276
898580
898626
898742
898763
898776
898918
898934
898991
899087
899189
899200
899263
899302
899324
899386
899637
899682
899756
899804
899921
900078
900082
900140
900273
900282
900413
900444
900444
900458
900580
900744
900798
900929
900946
901045
901195
901225
901329
901453
901494
901502
901689
902062
902256
902628
902631
902686
902723
902793
902861
902980
903060
903070
903171
903248
903277
903417
903560
903577
903674
903745
903903
904015
904352
904378
904423
904541
904548
904664
904968
904997
905015
905023
905147
905305
905388
905499
905526
906028
906226
906444
906559
906922
907127
907148
907506
907560
907679
907783
907794
908087
909204
909259
909261
909279
909524
909602
909643
909868
909873
909967
910072
910257
910379
910418
910560
910629
910673
910927
910983
911047
911419
911497
911661
911816
912259
912345
912486
912707
912880
912957
912975
913030
913069
913190
914124
914197
914395
914607
914780
914932
915034
915093
915116
915151
915340
915761
916009
916041
916046
916106
916280
916387
916515
916573
916583
916704
916784
916832
916959
916962
917016
917045
917306
917327
917347
917481
917498
917878
917932
917990
918028
918354
918411
918437
918609
918902
919438
919647
919667
919778
919797
919800
919819
920087
920436
920564
920574
920925
920977
920996
921226
921646
921684
921709
921830
921836
921863
921906
921968
922135
922221
922269
922640
922862
922862
923084
923328
923394
923463
923799
923827
923920
923922
924240
924283
924327
924398
924456
924482
924582
924606
924784
924990
925164
925310
925419
925465
925562
925637
925745
925755
925761
925794
925796
925799
925894
925983
926103
926105
926293
926409
926562
926704
926828
926833
926888
927225
927327
927361
927374
927423
927435
927574
927595
927624
927806
927827
927872
927951
927997
928148
928214
928224
928307
928520
928728
928765
928863
928884
928904
928942
929055
929067
929377
929570
929575
929857
929880
929938
930264
930344
930540
930565
930731
930820
930909
930940
931040
931308
931380
931486
931511
931592
931809
931950
931995
932051
932069
932316
932378
932433
932797
932990
932994
933049
933205
933270
933461
933470
934083
934358
934412
934470
934563
934571
934831
934865
934875
935009
935037
935058
935088
935499
935747
936079
936160
936587
936602
936621
936633
936642
936729
936769
936850
936890
936899
936906
937036
937154
937202
937324
937405
937474
937510
937590
937702
937706
937774
937932
938089
938099
938177
938211
938454
938567
938603
938715
938782
938816
938894
938917
939481
939517
939574
939647
939683
939695
939821
939930
939954
940213
940356
940360
940491
940691
940713
940747
940989
941168
941232
941560
941572
941600
941673
941857
941919
941928
942080
942234
942325
942388
942397
942560
942741
942850
942930
942953
942974
942976
943012
943057
943082
943118
943192
943321
943454
943783
944064
944204
944304
944588
944847
944929
944990
945012
945045
945400
945427
945509
945518
945647
945658
945738
945866
945900
946243
946283
946305
946315
946419
946754
946825
946854
946865
946967
947197
947205
947272
947307
947356
947405
947433
947727
947812
947949
947954
948127
948388
948449
948461
948587
948605
948616
948901
948997
949018
949071
949261
949299
949441
949516
949552
949554
949684
949698
949717
949718
949776
949782
949801
949849
949999
950113
950167
950173
950213
950242
950270
950309
950317
950864
951032
951138
951205
951257
951323
951539
951896
951921
952067
952161
952216
952362
952441
952482
952617
952673
952831
953129
953256
953558
953605
953738
954134
954177
954353
954435
954574
954762
954804
954885
954963
955259
955280
955314
955494
955510
955598
955607
956026
956536
956726
956749
956852
956889
956923
956934
957363
957417
957454
957527
957597
957684
957841
958063
958175
958485
958675
958711
958815
959130
959522
959591
959664
959722
959733
959741
959847
960221
960448
960461
960630
960699
961233
961281
961429
961681
961689
961800
961922
961944
962006
962029
962041
962044
962546
962614
962706
962755
962778
962871
962920
963153
963289
963466
963502
963640
963699
963805
964051
964055
964063
964103
964103
964121
964214
964406
964458
964566
964689
964802
964940
965083
965276
965410
965421
965481
965692
965694
966059
966122
966337
966584
966910
967056
967064
967725
968270
968332
968348
968359
968653
968822
968841
968931
968974
968984
969019
969036
969128
969139
969171
969582
969647
969707
969810
969957
969981
970870
970884
971041
971093
971142
971149
971186
971278
971500
971634
971671
972561
972647
972746
972882
973021
973264
973399
973471
973514
973737
973765
973877
973976
973990
974341
974796
975041
975134
975322
975344
975724
975743
976187
976297
976309
976519
976537
976618
976620
976670
976917
977099
977102
977329
977395
977794
978068
978813
978968
979098
979209
979327
979351
979381
979439
979460
979786
979810
979811
980084
980223
980393
980473
980852
981000
981217
981399
981460
981478
981769
981885
982287
982332
982506
982536
982549
982750
982773
982851
982882
982922
982937
982965
983019
983049
983181
983297
983530
983708
983778
983827
983839
983862
983973
983981
984125
984182
984195
984259
984483
984644
984687
984801
984933
985170
985367
985462
985570
985693
985796
985933
986048
986058
986083
986135
986148
986172
986197
986292
986415
986420
986452
986489
986501
986532
986771
986813
986818
986932
987134
987144
987164
987417
987523
987710
987810
987991
988102
988103
988164
988388
988413
988453
988789
989125
989262
989271
989282
989337
989364
989417
989439
989695
989996
990023
990056
990170
990243
990578
990726
990738
990910
991017
991081
991101
991260
991317
991504
991510
991563
991573
991664
991722
992211
992229
992353
992527
992540
992761
992809
992825
992911
993025
993068
993383
993455
993551
993698
993742
993979
994090
994144
994188
994263
994272
994294
994444
994475
994676
994718
994830
994973
995098
995264
995268
995290
995482
995871
996134
996166
996199
996203
996402
996590
996701
996728
997143
997436
997496
997535
997594
997623
997769
997790
997913
997918
998169
998638
998824
998861
999046
999181
999253
999283
999351
999393
999450
999653
999711
999774
999942
